650
614
566
582
599
613
595
576
541
512
508
516
541
561
584
590
591
568
561
550
544
601
627
628
611
617
616
623
610
627
613
618
604
543
482
500
513
516
500
522
600
614
601
617
633
601
504
462
479
479
466
438
428
428
428
431
428
416
411
472
588
634
650
611
628
636
635
611
611
629
608
619
621
630
607
612
613
618
617
620
619
624
632
615
614
616
633
589
514
454
467
449
417
401
419
441
418
407
470
566
615
617
601
621
617
615
608
601
612
620
607
615
611
633
598
600
594
586
583
596
589
596
601
610
586
520
512
518
536
508
519
525
513
511
564
626
661
643
625
644
643
637
639
651
634
635
648
623
570
542
553
553
551
551
538
548
547
550
535
528
507
521
521
519
514
510
492
475
482
486
480
484
479
489
469
463
469
468
452
456
469
454
470
465
458
464
468
463
468
471
466
476
462
480
507
534
507
495
539
590
610
603
594
595
594
598
602
606
601
592
608
606
596
592
590
601
582
530
515
507
519
526
522
517
534
520
491
470
447
451
458
454
445
452
452
449
444
435
436
439
432
425
429
428
439
429
430
442
432
442
438
446
419
411
476
566
617
617
626
615
609
614
636
583
482
429
431
445
453
444
429
433
472
544
603
590
579
585
604
591
593
624
647
636
638
630
648
624
632
652
632
595
577
572
590
577
589
541
490
455
451
462
445
449
473
466
432
381
387
373
374
387
388
370
347
426
547
631
617
589
595
607
599
594
618
609
604
609
619
612
596
605
608
601
594
591
613
601
604
602
605
593
600
618
614
578
554
516
526
534
527
530
517
534
528
529
511
497
501
492
497
495
495
499
522
538
537
515
538
537
534
534
525
535
525
531
527
521
535
545
522
528
515
535
533
522
525
535
527
526
525
533
521
516
524
543
525
520
536
533
511
525
524
522
509
533
538
524
516
524
523
508
517
547
527
500
546
571
411
126
