519
506
462
484
507
489
453
484
516
557
605
627
569
484
446
470
489
463
418
413
416
405
415
436
404
402
457
546
596
599
581
575
595
594
576
534
521
518
516
509
504
539
501
433
425
421
442
410
389
364
346
351
359
347
337
377
451
474
467
496
569
615
585
573
580
584
581
591
572
499
466
478
493
469
482
482
484
465
507
564
596
602
581
595
590
580
579
590
591
587
585
592
586
594
584
587
592
590
586
588
587
583
589
581
585
582
565
556
547
551
559
548
542
562
606
621
612
612
619
577
472
433
438
457
438
445
436
447
433
428
444
431
426
434
437
416
481
578
649
618
605
621
626
598
523
490
483
490
478
493
485
495
479
471
508
565
589
577
570
575
566
571
575
572
527
495
498
521
500
454
428
436
435
440
438
443
445
444
409
391
356
355
368
365
358
376
371
372
373
392
397
373
380
441
532
589
578
575
572
596
586
577
590
587
586
578
592
585
578
584
559
533
507
499
549
592
608
605
602
618
611
603
582
586
594
577
587
599
579
519
483
475
495
488
490
495
498
495
492
506
507
492
494
503
488
499
502
496
498
485
505
502
475
477
520
571
580
588
582
609
621
634
619
616
622
618
577
524
471
456
480
488
475
474
501
565
609
607
608
600
611
610
596
607
607
613
596
603
611
600
594
591
597
595
556
548
549
549
552
544
560
558
540
557
557
565
542
484
459
470
475
473
475
477
468
485
519
525
531
522
526
528
538
528
528
529
529
538
523
519
526
537
529
518
530
526
535
530
538
530
531
536
542
526
532
526
515
538
520
535
525
524
531
537
531
519
531
537
515
519
543
529
498
553
579
413
130
