531
516
459
468
535
574
593
611
613
604
585
598
605
608
570
521
465
447
492
478
448
412
407
420
405
394
452
542
605
584
594
591
567
518
498
510
520
531
523
497
446
410
412
441
416
419
414
432
422
409
376
355
349
358
364
348
326
383
453
477
468
476
467
475
459
490
560
605
592
575
601
590
576
577
602
563
501
457
478
486
476
467
485
484
489
487
483
477
479
488
473
477
495
558
598
596
591
590
583
556
541
547
564
561
557
545
573
609
617
607
616
609
632
619
611
607
619
631
606
607
617
628
570
476
429
431
445
446
438
451
445
437
447
435
425
421
454
426
408
465
563
636
616
608
628
586
524
493
487
520
499
486
512
500
487
490
483
495
478
519
563
589
582
573
577
568
525
488
518
520
497
505
526
487
441
376
347
369
365
360
369
361
372
382
391
382
390
385
372
364
435
531
597
589
574
582
590
588
574
580
585
581
583
587
587
588
560
541
517
519
513
504
529
582
614
604
591
600
586
581
588
581
599
598
573
525
487
475
477
482
469
477
479
479
488
490
502
495
505
487
491
515
547
579
590
593
592
592
574
577
577
587
567
576
581
582
573
579
578
586
601
631
629
613
621
637
622
581
507
469
468
496
495
476
464
517
582
614
610
598
599
604
598
604
601
615
607
600
604
606
594
601
614
600
602
599
598
601
594
598
603
583
556
541
536
547
554
544
536
548
545
563
551
572
561
562
578
569
528
479
463
479
486
480
488
514
529
528
542
532
524
516
530
529
530
527
526
533
531
529
524
533
523
515
526
525
538
533
518
524
540
517
524
526
534
520
518
542
536
527
525
544
518
494
540
580
409
127
