496
477
432
460
467
444
446
455
462
452
460
465
458
448
439
424
416
429
442
425
423
428
411
389
402
412
380
375
446
563
621
618
585
603
607
594
594
609
615
585
549
530
528
553
588
607
603
607
609
621
611
594
556
529
534
543
535
533
527
536
544
518
503
488
481
488
487
489
484
464
463
450
463
462
449
458
466
460
432
446
446
429
438
453
441
433
490
576
624
603
601
616
576
503
478
487
480
480
497
476
464
538
642
706
692
675
701
671
608
581
596
601
578
589
605
598
577
594
608
589
580
610
601
591
599
604
594
575
598
601
571
495
449
459
461
473
462
462
466
469
446
419
428
444
426
415
460
548
604
623
585
540
524
523
513
522
519
514
516
512
515
524
531
564
585
570
554
562
578
571
575
568
575
564
590
628
610
595
609
619
614
603
607
623
576
525
486
483
486
543
649
704
701
678
673
686
678
662
681
679
679
684
662
589
550
570
590
576
559
563
574
569
551
568
579
577
556
517
489
483
510
487
489
487
490
514
543
571
558
543
558
559
549
566
569
574
559
561
565
570
579
574
566
569
570
580
582
583
590
577
576
588
585
587
586
585
584
583
591
587
580
515
486
500
482
487
509
496
481
526
631
708
691
661
689
718
662
573
546
564
550
539
558
569
524
489
483
468
451
527
645
690
690
669
675
684
675
688
700
657
610
586
590
598
596
592
581
610
598
587
586
612
563
482
430
447
466
454
450
462
434
389
369
373
377
366
374
366
355
398
499
562
547
535
554
539
541
544
578
575
573
571
585
575
569
580
593
599
587
596
599
584
585
613
588
532
518
537
536
532
528
544
508
469
456
451
457
459
460
467
467
508
546
542
535
521
532
526
538
527
532
525
525
516
520
521
531
523
537
533
526
520
532
532
528
530
524
529
532
526
528
528
519
535
536
518
526
544
511
491
547
577
416
121
