610
600
530
540
600
622
623
626
638
626
611
624
629
605
553
518
528
520
518
529
529
481
428
393
387
397
396
408
407
406
422
425
410
404
463
612
695
700
656
666
688
685
641
616
600
588
599
616
598
588
602
590
594
591
588
596
581
576
588
563
493
473
490
490
480
485
487
492
480
491
492
476
422
389
388
392
388
397
388
384
407
472
497
482
480
478
490
483
502
555
570
581
563
567
575
568
564
533
525
531
527
546
525
539
548
572
608
591
596
587
587
586
572
565
570
573
565
568
584
573
554
592
637
661
643
649
646
637
651
659
638
566
518
530
541
530
535
543
514
479
454
454
475
463
458
462
494
520
525
505
506
522
503
487
521
577
607
596
589
581
584
589
610
587
515
478
481
490
479
486
479
502
489
485
490
489
485
498
506
505
501
513
547
567
557
567
558
568
562
547
531
509
510
517
519
523
510
517
522
504
521
518
512
525
613
647
617
557
536
546
545
544
554
558
532
517
510
510
518
511
488
462
429
436
441
435
431
444
453
426
452
460
449
425
500
641
690
617
577
594
607
593
584
612
614
577
526
488
501
519
497
506
489
497
493
463
458
468
456
450
459
463
450
429
419
424
413
380
348
345
358
370
403
427
433
414
413
423
434
422
417
474
566
649
644
582
539
515
504
515
513
509
497
475
464
465
478
455
467
461
474
473
489
478
474
470
481
476
474
471
486
523
532
525
530
528
526
531
530
534
534
535
529
523
524
530
536
522
524
518
522
528
534
523
519
536
526
503
536
522
521
525
528
527
522
514
534
530
506
522
544
530
504
541
575
419
135
