697
653
580
556
542
522
532
546
549
521
504
500
485
473
487
495
496
462
441
424
411
439
426
420
409
427
455
450
467
456
463
446
437
494
535
564
569
569
588
608
605
604
602
620
621
581
530
509
490
504
509
490
497
503
489
466
471
485
476
467
514
570
617
598
580
598
591
558
558
563
570
563
564
568
559
553
560
566
537
553
573
601
610
619
612
580
530
480
484
506
488
479
478
475
487
499
506
493
499
491
501
494
483
482
517
559
595
599
590
587
594
590
565
505
479
477
497
477
473
480
492
494
482
505
510
518
515
520
516
508
512
526
511
504
535
566
605
591
589
585
589
602
598
599
593
588
582
601
595
595
603
609
568
504
481
489
478
485
483
480
483
473
468
478
488
516
544
536
525
532
549
547
525
522
577
626
645
655
649
621
575
550
529
569
563
541
536
549
597
600
612
603
594
587
601
608
606
594
604
608
583
505
460
523
585
615
589
589
595
600
579
590
611
610
588
544
508
494
513
541
500
456
435
448
450
448
439
443
442
400
400
407
411
402
394
413
439
438
443
435
436
433
449
448
427
409
390
384
386
394
391
384
382
394
388
380
382
404
380
367
447
586
679
664
639
653
663
651
653
642
656
667
668
645
609
566
590
591
585
599
598
565
498
462
473
483
470
469
476
434
395
412
421
415
407
458
567
615
590
577
592
580
539
529
528
529
522
526
529
525
525
530
522
528
535
537
530
521
537
543
525
519
526
527
521
520
536
524
516
529
535
526
522
545
529
494
546
576
409
132
