687
655
611
638
658
641
637
620
577
521
522
549
539
523
527
542
524
511
498
487
481
499
505
471
483
486
477
438
422
428
424
420
438
455
456
460
457
470
458
473
447
454
488
531
572
576
563
559
566
576
596
613
617
601
597
610
609
628
584
538
499
497
508
502
484
500
511
491
479
474
472
474
475
473
479
462
470
504
567
597
598
590
592
589
579
561
565
577
554
557
566
576
558
543
561
556
542
553
577
605
617
615
620
611
590
603
624
586
515
478
488
495
484
491
488
497
480
487
487
484
517
561
585
594
577
592
585
578
578
591
588
588
587
586
589
577
575
596
590
577
586
579
582
577
582
587
579
597
588
573
578
586
577
588
580
581
582
578
584
594
558
510
475
476
487
481
477
485
479
481
500
524
503
505
530
574
606
602
601
600
600
596
566
496
470
496
500
497
480
484
475
462
477
459
468
470
456
471
457
485
525
543
550
536
529
532
561
625
653
670
650
639
646
654
646
651
637
565
527
539
578
589
594
604
603
572
519
480
474
482
485
474
477
468
503
576
610
607
582
594
603
599
598
602
608
608
592
597
601
600
593
593
610
579
544
510
508
514
527
499
461
443
433
436
447
436
415
398
411
443
437
448
447
437
437
439
437
446
435
442
449
452
444
393
376
400
387
382
380
397
399
387
387
385
386
385
379
394
366
388
407
378
380
441
601
685
679
639
641
612
575
581
601
602
590
593
608
598
561
505
477
469
474
463
457
470
486
477
458
440
415
403
408
417
411
413
421
424
405
401
452
561
625
612
589
587
601
599
592
596
593
588
590
586
591
592
587
575
531
521
516
528
529
522
529
530
524
528
524
527
522
538
527
535
520
531
533
529
528
537
530
529
528
523
527
521
526
534
522
519
522
528
535
534
544
525
528
539
532
532
520
535
523
520
520
531
526
525
533
534
521
516
531
531
507
517
545
522
498
535
576
417
116
