648
622
568
569
569
513
509
543
551
507
516
543
584
593
615
613
604
607
617
612
602
604
581
577
590
574
533
506
501
513
510
496
512
519
488
451
446
444
444
452
455
441
452
459
454
453
437
462
452
456
442
442
463
480
472
461
463
451
435
438
440
439
437
426
437
437
432
413
412
407
406
413
408
398
438
469
482
483
468
483
463
474
504
600
641
642
623
633
650
644
610
564
523
530
535
520
476
452
459
476
465
461
465
470
470
485
474
467
483
536
568
562
557
567
555
538
572
610
615
601
599
609
601
602
610
608
599
599
604
619
587
525
485
490
518
502
490
501
516
472
388
347
360
365
356
371
368
343
366
403
406
380
399
414
388
369
470
598
694
681
652
659
679
663
642
603
575
568
578
586
586
579
592
582
580
575
571
561
558
559
564
546
555
553
552
538
559
604
620
622
596
610
621
619
595
540
515
534
552
559
553
558
549
536
512
512
520
526
514
509
527
531
557
571
566
553
569
561
563
560
563
588
600
558
487
439
449
456
457
440
457
461
432
463
491
492
476
481
489
486
469
504
550
560
572
558
568
566
554
558
545
538
536
544
540
525
522
562
603
634
622
623
609
615
608
604
595
601
596
603
597
572
543
524
524
551
511
520
526
548
537
513
493
481
487
490
497
483
484
487
485
464
464
471
466
469
468
471
461
457
446
428
425
430
449
418
405
399
405
399
410
407
392
387
430
492
546
533
512
533
541
524
529
531
518
521
524
525
528
532
527
534
518
528
531
525
519
524
532
520
526
533
519
515
536
537
512
524
553
524
509
553
572
413
131
