559
528
477
533
597
615
600
606
614
610
606
601
612
619
585
521
492
495
510
484
512
607
633
623
631
647
599
519
486
504
502
484
519
588
613
572
508
473
493
506
472
431
457
469
437
435
483
578
613
620
614
574
495
443
446
472
465
480
578
638
598
585
608
609
592
595
601
586
581
607
601
590
600
595
585
546
526
538
531
514
539
555
574
568
551
563
575
600
607
607
605
609
589
565
540
528
544
544
540
532
559
576
583
575
575
592
571
529
501
502
520
508
510
517
508
509
529
603
640
621
600
626
630
609
605
604
600
594
603
620
569
519
481
493
494
482
489
521
529
532
523
531
527
527
523
544
556
583
581
568
587
580
567
481
438
442
460
449
447
464
446
438
485
568
631
626
597
606
623
606
608
617
617
596
603
614
612
610
611
609
624
610
612
607
616
620
631
625
620
618
627
604
557
541
543
538
528
523
509
500
493
502
494
465
457
446
475
501
517
522
517
506
499
535
600
621
632
587
503
474
485
486
484
482
482
484
481
476
481
484
477
472
508
588
654
648
589
511
490
507
499
489
483
499
526
520
520
525
531
520
523
534
564
581
573
588
572
583
578
552
469
424
438
456
441
437
490
584
614
616
603
613
600
611
620
585
536
524
518
542
521
519
537
527
514
519
534
537
532
530
524
527
528
528
524
522
525
520
524
517
531
518
526
537
526
512
525
551
518
499
545
574
418
130
