606
588
533
557
591
580
550
573
580
561
560
568
578
581
607
603
584
595
608
604
593
586
590
585
577
577
584
587
560
522
482
486
500
507
477
454
459
454
454
463
463
450
446
472
481
480
473
471
472
461
456
465
471
465
425
413
406
402
413
410
409
415
416
406
363
342
350
350
361
350
364
341
334
383
437
451
448
459
446
440
476
582
640
624
615
615
617
600
585
592
595
601
600
608
568
532
511
518
517
517
510
498
513
521
499
457
436
454
442
461
448
465
445
450
461
455
458
459
465
461
442
437
440
441
436
430
428
434
421
423
423
430
431
420
429
421
425
401
391
407
396
382
402
410
407
373
443
572
625
619
608
573
528
493
492
521
511
494
492
497
506
518
554
549
527
539
556
545
531
550
587
593
591
603
586
594
595
589
561
511
488
492
492
492
491
493
488
503
496
495
490
484
499
481
486
523
587
615
606
593
590
609
605
568
507
489
497
487
464
444
436
448
448
424
444
444
442
436
453
440
447
441
448
443
445
436
442
444
463
484
482
476
477
477
462
481
472
460
456
447
451
455
450
455
451
444
416
408
410
392
420
398
408
416
412
406
407
414
413
413
404
400
411
412
418
465
486
464
465
488
469
458
494
549
588
562
590
615
620
617
625
633
624
627
630
599
549
510
529
542
531
533
517
471
452
457
480
442
411
405
411
400
397
456
571
634
623
604
605
615
611
604
601
610
609
587
529
509
495
512
522
553
562
571
574
565
566
579
564
558
549
526
515
522
538
529
519
530
538
532
525
521
534
520
540
533
521
519
533
537
513
511
530
528
511
514
542
521
499
545
582
408
131
