652
622
554
594
626
607
555
503
448
422
461
483
448
444
417
414
391
411
432
391
374
459
603
672
669
649
626
582
553
553
563
565
543
536
548
553
541
541
548
545
542
548
544
582
602
603
595
592
601
598
589
595
609
589
584
603
619
563
491
454
456
457
460
469
464
460
439
431
431
436
430
421
426
473
571
625
619
588
620
631
584
502
465
482
497
475
482
478
477
469
486
484
481
476
479
477
483
482
483
484
467
486
485
460
419
393
411
404
406
394
411
402
394
416
484
531
520
499
503
512
501
502
505
520
493
499
536
586
606
621
601
588
609
613
596
592
618
615
591
530
502
502
507
502
510
497
463
446
447
469
455
444
441
445
429
418
426
434
410
409
399
395
389
400
413
393
392
416
452
477
469
473
470
477
491
527
542
541
543
540
531
523
529
529
523
506
513
526
525
534
587
599
611
601
589
603
591
592
596
592
590
588
598
593
576
567
563
552
561
557
560
569
547
526
499
499
519
515
499
505
541
589
622
627
611
611
627
628
583
521
468
467
472
469
478
476
495
480
462
475
485
474
465
487
475
465
458
500
580
620
608
611
596
610
600
595
583
593
599
593
599
596
605
571
550
516
507
528
528
535
547
560
605
597
596
603
609
585
510
472
469
486
467
460
466
472
478
470
452
500
573
614
563
499
492
496
500
485
487
495
502
519
520
515
501
512
528
519
494
552
621
668
668
663
646
612
588
578
593
595
577
559
548
541
545
560
534
504
486
476
501
527
532
529
517
527
527
521
522
528
521
524
532
525
520
534
528
527
529
533
532
520
525
535
527
519
534
538
526
513
539
537
511
532
537
515
498
546
569
421
120
