620
591
545
548
577
561
554
578
593
568
568
579
566
560
577
570
560
565
565
575
585
613
596
589
585
595
601
597
592
581
587
578
581
577
582
583
557
506
475
477
509
485
447
451
466
444
448
455
447
452
468
482
475
470
470
488
477
463
465
465
468
468
482
456
451
421
414
417
418
417
415
402
363
341
356
351
352
341
369
431
464
452
428
460
467
450
437
496
586
627
626
619
620
622
605
608
615
621
605
620
628
605
607
588
582
599
611
574
537
506
514
515
509
519
511
484
460
447
442
445
446
460
456
454
463
454
466
469
449
434
426
434
442
438
438
436
425
425
424
432
424
429
424
416
422
421
448
420
406
403
397
378
400
407
384
379
452
566
620
619
607
607
619
623
610
612
624
635
578
527
498
503
514
502
494
509
502
505
505
536
540
535
532
546
545
549
585
606
598
587
588
605
607
577
523
486
481
481
518
558
598
621
603
593
609
615
576
505
489
488
494
477
485
498
490
499
494
494
500
491
481
483
485
498
488
488
483
502
509
492
485
492
485
447
438
450
484
486
485
476
472
487
473
464
462
454
444
455
455
456
443
418
410
403
404
411
417
411
396
408
415
410
418
410
413
454
478
464
447
489
565
603
574
573
599
601
617
635
632
627
636
641
597
554
527
531
525
531
529
518
473
448
470
449
410
399
408
401
382
458
553
630
623
608
608
608
604
570
541
494
495
512
532
503
498
534
553
563
569
561
569
574
569
561
562
578
559
538
521
530
534
530
527
522
525
521
525
525
529
521
526
522
527
527
534
517
517
540
533
522
524
538
528
530
533
539
511
515
543
532
510
541
571
402
129
