556
533
486
507
519
492
532
604
635
622
609
599
613
624
629
598
534
496
494
524
519
502
489
543
599
627
638
621
627
620
632
619
596
539
502
498
512
502
486
492
537
575
604
628
607
598
612
608
573
507
470
487
492
494
484
482
478
460
441
439
458
466
425
427
490
578
622
611
598
611
614
630
635
575
488
447
448
475
464
454
451
456
487
571
622
602
590
592
604
588
592
595
581
532
521
521
549
525
533
550
554
565
569
566
559
566
571
567
561
575
593
611
604
615
612
604
611
621
587
568
531
533
541
532
557
544
547
538
542
537
528
535
547
556
571
575
585
581
586
586
575
580
586
579
582
578
576
588
597
600
567
526
492
499
500
510
523
603
633
627
609
626
623
618
615
627
625
608
599
593
605
601
576
514
484
487
485
499
471
483
510
527
519
529
518
505
516
535
555
577
585
570
584
579
579
576
577
561
579
578
576
574
598
591
544
481
442
438
464
471
429
440
484
577
621
616
597
607
611
606
605
600
618
620
626
625
627
620
636
622
557
522
544
555
539
535
543
543
539
534
536
550
534
535
541
524
548
553
538
517
515
525
519
510
515
521
522
497
477
501
493
492
488
479
467
450
464
452
451
457
447
470
507
532
528
517
524
514
516
537
595
626
614
603
611
639
624
587
515
477
469
486
494
490
476
490
491
469
492
507
474
468
506
600
642
632
620
646
598
527
480
485
511
511
520
535
527
517
532
530
522
534
566
585
581
586
556
493
418
443
471
448
428
478
571
633
599
612
619
591
558
518
522
530
523
513
531
539
536
530
517
531
527
531
512
521
521
534
528
535
529
519
531
537
541
517
532
540
536
515
533
534
515
540
545
522
503
538
584
408
132
