694
662
610
624
651
645
589
561
523
517
526
539
544
535
548
536
497
481
481
496
493
480
495
495
492
475
451
426
429
426
432
415
428
456
466
463
455
448
490
535
577
575
554
568
557
559
556
563
569
567
565
566
555
569
593
618
607
603
609
617
614
592
539
501
503
512
514
504
493
511
506
491
487
485
468
460
485
482
469
461
500
572
615
604
591
595
598
597
581
566
564
561
550
549
566
563
560
557
552
541
551
570
604
609
619
598
617
608
606
604
604
618
616
607
600
629
618
584
521
490
483
493
486
475
490
497
488
481
482
491
494
496
488
513
552
589
595
576
569
584
587
552
512
477
469
502
486
476
481
482
486
503
523
534
515
512
526
506
501
546
574
592
603
590
579
527
488
485
501
477
466
477
509
488
464
458
461
459
465
472
456
471
517
551
530
528
540
533
528
524
560
625
664
667
642
649
646
655
640
641
660
653
662
652
642
651
661
633
570
544
540
560
553
554
552
549
556
583
601
602
594
603
608
579
495
473
492
480
471
510
565
607
590
582
597
601
599
580
599
603
573
524
507
502
522
521
516
491
472
434
444
453
457
447
438
417
390
397
401
406
399
397
419
436
428
455
436
435
447
437
446
444
441
458
445
434
442
447
450
420
401
383
381
395
393
399
377
391
387
383
380
388
393
370
382
397
359
367
429
593
678
657
635
652
671
655
640
605
576
587
588
591
577
579
596
562
494
460
473
486
466
472
478
462
439
402
405
413
419
402
397
463
568
628
620
584
597
585
574
585
584
592
589
583
580
554
513
522
540
538
519
529
532
514
529
525
533
516
514
532
522
523
529
528
525
528
535
531
513
521
532
523
524
531
527
514
519
543
525
496
545
582
415
130
