534
497
468
494
504
483
489
477
498
483
489
491
482
493
481
479
490
474
479
496
496
466
420
380
385
401
404
380
400
409
403
402
400
406
397
440
536
589
565
556
570
577
565
558
559
538
527
547
540
539
572
586
567
561
569
570
569
558
590
595
583
577
597
599
580
603
611
561
503
477
493
458
387
355
360
374
362
378
369
359
370
445
463
463
443
447
454
434
479
560
598
595
569
598
632
639
630
627
628
632
622
631
635
610
561
524
535
540
525
541
533
521
468
446
450
465
451
449
453
465
438
402
386
411
399
396
397
408
394
383
462
597
697
665
643
659
679
622
564
563
562
578
571
575
576
560
559
546
525
536
540
560
588
636
631
604
602
615
623
572
513
470
447
461
523
613
677
669
644
656
666
651
649
670
658
658
657
646
584
524
540
563
564
529
457
430
428
439
438
426
431
436
455
511
553
547
534
539
545
539
524
548
555
557
569
598
631
639
618
614
629
627
611
569
554
551
561
567
552
555
564
541
524
512
511
523
516
517
510
502
513
502
490
487
501
549
565
552
540
552
561
559
553
561
569
563
551
566
569
562
563
569
579
577
582
580
575
590
586
579
549
547
551
538
544
594
607
591
594
615
581
483
446
464
462
445
459
474
450
388
382
378
372
373
392
382
355
426
549
624
626
593
603
614
611
609
616
620
601
614
617
619
615
588
561
528
520
550
532
477
445
450
456
453
445
453
450
452
458
464
455
457
449
457
453
453
461
454
449
458
450
446
452
457
455
463
451
447
447
453
462
457
448
445
457
456
454
437
480
515
528
526
529
530
523
527
525
528
533
536
529
523
526
529
530
524
525
526
523
522
525
533
522
526
530
522
522
528
535
523
527
549
542
513
523
545
518
495
549
570
405
123
