687
657
587
621
653
625
625
645
629
590
571
574
588
566
569
596
591
545
526
495
499
500
515
514
491
476
457
448
462
451
456
439
434
447
453
438
429
426
418
432
421
423
420
430
448
436
436
447
456
445
457
472
476
468
473
470
481
471
474
470
472
454
455
459
451
480
483
478
463
481
481
467
471
498
577
610
598
585
603
602
598
601
601
593
592
604
588
589
579
576
579
585
595
584
590
581
574
577
593
595
581
575
575
590
586
570
599
594
583
575
586
577
572
588
588
558
500
467
468
478
469
486
494
485
484
478
481
466
483
493
472
470
513
602
624
623
615
623
620
618
616
620
601
595
595
587
589
594
603
597
590
594
603
597
591
599
592
540
493
528
524
514
514
517
508
469
444
457
463
450
449
454
449
447
449
459
458
446
457
469
458
473
515
588
628
622
608
623
599
613
619
626
592
583
585
586
573
576
588
559
509
481
479
489
487
478
498
505
472
439
411
413
428
411
413
416
421
414
411
425
440
464
446
449
475
521
542
535
531
550
537
526
549
582
608
601
608
592
596
593
566
510
474
477
492
487
475
466
516
578
611
596
606
608
576
502
438
455
478
467
471
466
461
462
474
466
468
461
438
421
385
382
404
414
390
373
461
582
666
654
600
572
554
537
562
563
561
555
559
550
516
510
528
516
511
514
518
503
493
511
527
515
532
530
526
519
536
537
530
524
564
630
660
655
645
653
660
654
647
644
649
659
634
603
571
581
585
581
578
589
592
584
586
581
587
588
584
586
590
587
586
594
591
584
578
590
581
564
507
475
468
482
478
472
492
529
530
527
537
533
532
512
527
532
526
539
524
527
528
540
531
523
537
530
519
521
518
543
521
520
552
530
497
541
574
403
129
