538
518
464
486
510
460
393
394
410
380
393
409
398
386
391
412
408
403
409
420
402
395
441
529
580
571
553
551
562
558
554
567
575
561
553
534
546
541
533
565
572
564
560
588
568
577
562
566
561
566
579
558
557
578
564
509
468
474
494
477
487
494
453
384
352
361
374
347
389
431
448
441
476
556
604
589
569
581
600
580
573
603
589
580
585
588
586
582
580
602
619
640
635
631
624
645
644
610
556
521
531
546
530
532
542
505
461
449
451
435
441
450
440
430
416
406
397
380
467
604
680
680
635
652
690
673
631
580
556
561
570
571
557
542
531
542
535
542
530
531
538
565
594
637
635
582
513
491
458
472
485
484
463
465
529
622
673
669
645
630
574
546
540
552
550
531
551
565
522
461
430
434
442
437
434
428
459
516
558
545
525
524
551
537
531
541
551
536
538
546
569
570
555
565
562
565
555
576
617
628
618
610
622
629
624
604
633
640
614
582
547
556
548
561
568
567
545
511
510
514
517
510
514
509
505
501
499
510
510
518
493
514
539
558
548
556
566
549
561
554
572
575
547
554
558
556
553
573
554
558
559
555
565
565
566
590
588
584
589
576
592
587
588
563
547
546
548
538
536
561
579
606
599
608
584
584
604
599
567
499
443
460
475
469
446
455
466
457
385
368
439
569
611
606
590
612
610
600
612
620
614
609
610
612
617
609
621
596
556
509
531
542
515
523
534
544
511
471
447
443
453
476
503
533
529
526
517
524
529
512
525
531
533
518
519
525
530
529
543
528
523
536
537
534
528
534
538
512
534
530
528
511
536
527
525
525
541
545
510
521
546
512
502
543
572
424
136
