658
625
580
599
633
606
580
622
615
596
606
618
607
591
608
625
594
598
607
585
542
525
525
536
513
526
528
526
503
493
490
496
492
488
503
476
482
454
465
472
464
457
429
404
412
409
415
409
415
428
418
395
384
390
393
388
385
416
460
489
492
476
480
496
513
492
482
510
561
580
584
578
569
578
578
590
576
584
591
586
599
620
631
589
540
509
522
508
491
492
507
495
465
471
463
465
466
466
486
499
499
496
482
497
498
500
505
495
486
460
444
457
482
478
486
479
470
475
520
613
651
653
647
618
567
521
529
553
542
525
533
543
539
521
505
487
484
485
504
496
470
426
417
416
417
417
405
403
396
396
398
396
392
384
395
393
401
373
378
398
382
367
434
601
673
654
627
658
663
638
638
659
659
649
643
671
640
603
593
602
591
580
593
600
567
527
491
479
487
493
501
462
404
378
395
392
391
390
403
395
400
428
441
438
429
440
406
419
464
562
639
624
598
602
617
624
585
554
527
516
533
545
551
578
564
558
554
555
563
562
568
565
556
530
523
543
531
525
559
657
697
688
667
683
690
683
673
688
688
664
618
599
586
601
610
588
535
516
509
530
517
511
527
508
460
451
439
454
449
458
453
454
447
476
484
469
471
480
482
473
505
583
629
625
611
620
622
622
615
630
599
543
508
518
514
509
514
516
509
531
591
618
614
610
612
621
615
616
613
615
612
620
629
581
508
483
505
498
491
488
497
471
454
452
463
464
447
455
462
443
450
457
447
434
478
513
543
532
514
538
532
520
527
526
520
511
539
540
528
523
536
529
526
537
535
513
532
542
528
523
523
531
520
516
536
545
518
534
560
537
509
538
576
415
138
