583
547
508
532
560
531
512
522
544
532
530
536
542
526
528
564
589
621
621
626
621
618
591
550
524
524
525
533
535
527
527
544
563
584
591
573
576
575
574
560
514
474
486
501
493
488
489
491
493
484
497
497
495
483
499
497
482
489
490
483
489
486
436
424
413
430
425
413
416
427
439
421
439
473
489
495
487
475
481
503
534
556
556
542
536
550
549
537
541
543
548
547
550
544
550
542
523
496
496
506
519
497
483
537
604
627
624
628
636
581
488
439
445
455
468
442
438
484
550
584
593
567
570
565
576
570
613
632
633
615
609
620
629
618
581
567
564
596
578
585
595
587
573
574
555
553
568
559
543
532
513
499
517
513
507
513
550
583
611
628
584
607
600
620
598
609
610
624
613
614
602
603
606
616
605
611
608
619
623
621
609
604
614
606
593
606
614
599
542
501
518
539
501
450
418
428
430
417
436
430
423
427
429
440
443
439
428
426
446
432
422
470
564
631
595
491
468
487
490
477
469
476
489
478
491
497
495
480
478
528
595
647
643
606
554
528
536
524
530
534
526
533
518
495
462
461
472
464
461
467
479
464
437
427
428
429
436
434
440
421
430
432
426
441
450
452
447
434
451
467
469
470
460
461
454
451
458
449
451
455
453
432
440
439
425
434
440
446
423
420
474
559
620
620
606
590
615
624
584
506
475
469
487
496
478
466
417
388
392
407
404
387
406
403
408
424
461
444
444
442
460
435
421
479
592
640
632
620
620
620
640
611
554
503
491
496
496
473
490
504
479
502
528
536
533
530
540
545
534
539
528
529
531
526
521
522
531
530
526
526
521
527
523
524
540
531
516
534
521
525
525
547
532
536
537
537
523
515
521
531
528
527
526
532
513
536
540
528
511
540
527
514
516
551
533
495
543
562
411
122
