549
531
489
493
528
520
502
513
541
578
586
583
589
595
546
474
415
434
452
439
417
451
439
443
445
446
465
449
439
439
469
567
632
631
591
601
621
601
552
531
551
536
528
541
551
537
534
539
535
535
541
544
537
536
544
544
525
541
559
580
590
589
586
593
579
569
573
574
571
588
633
664
668
643
646
659
659
619
578
543
541
556
567
526
521
514
501
502
514
510
507
488
468
431
433
451
458
440
442
458
446
439
456
472
460
448
469
476
442
437
509
617
648
655
649
656
643
664
666
597
491
419
417
450
440
429
441
471
534
567
579
556
559
563
590
609
610
584
544
513
532
537
521
523
529
524
508
549
628
673
662
663
670
659
663
664
651
604
580
582
596
591
583
593
593
587
587
585
570
584
577
588
579
582
585
586
585
583
587
595
591
593
575
581
587
577
556
554
550
564
558
540
553
556
558
554
553
559
554
563
550
558
562
562
555
569
561
558
571
607
630
619
599
623
636
604
540
527
530
544
527
548
534
501
488
499
493
486
483
492
485
458
459
465
460
468
466
460
468
474
484
490
482
475
503
559
592
579
568
583
601
580
570
594
610
641
637
642
633
633
633
617
567
535
543
547
549
534
510
506
511
504
497
499
491
514
507
488
480
483
493
489
480
478
487
474
481
483
492
477
467
466
466
464
463
463
463
469
458
427
446
440
437
434
450
452
421
419
418
392
381
391
396
378
421
488
533
509
528
593
636
631
614
609
641
621
625
632
605
545
519
538
544
528
529
537
530
489
474
483
488
492
479
482
462
470
484
524
529
529
512
522
547
523
525
523
527
528
520
533
527
521
525
525
534
527
532
529
520
529
526
523
517
539
530
522
516
528
533
525
525
532
526
507
525
554
524
500
545
566
402
129
