559
534
488
501
525
500
505
570
609
588
576
588
602
550
476
425
437
426
435
432
450
455
449
456
461
440
424
486
565
625
626
608
613
608
604
603
626
609
600
605
614
624
598
554
529
529
541
539
533
528
548
565
596
588
574
596
595
591
582
582
577
555
572
586
625
653
650
644
636
663
663
631
577
548
548
551
552
550
553
538
516
509
503
505
508
514
496
514
499
488
452
438
444
449
445
443
434
444
432
470
459
462
470
467
466
449
501
606
688
656
641
663
683
609
472
418
435
449
437
430
442
434
459
531
580
567
546
568
570
540
542
580
605
614
598
610
598
542
512
529
534
504
566
630
680
655
655
666
669
670
667
637
606
578
585
579
587
586
579
586
594
575
566
554
563
557
552
558
549
551
558
559
566
561
561
556
560
557
551
556
574
609
624
623
619
618
627
637
592
553
543
525
543
530
537
539
536
547
533
509
483
476
474
487
489
489
489
497
476
467
451
464
487
476
466
501
550
597
590
569
583
572
588
572
579
581
584
588
589
576
580
582
585
589
582
588
577
578
585
581
593
576
582
592
575
582
585
569
584
582
577
583
583
587
572
584
622
637
616
560
533
537
548
548
538
554
548
546
543
543
529
512
500
497
506
502
497
498
502
504
495
491
478
491
480
487
485
484
468
466
465
478
471
448
436
438
446
446
444
449
435
405
401
405
400
397
398
386
382
392
390
397
388
374
393
372
394
385
405
394
378
381
386
389
382
412
491
523
537
504
512
529
515
505
509
522
512
510
541
608
604
550
516
519
538
524
529
527
524
498
466
478
484
481
477
475
470
475
476
472
467
480
476
477
466
495
513
524
534
526
528
518
504
534
523
532
533
538
532
528
538
537
528
530
529
534
515
525
533
515
509
532
527
513
526
530
530
530
527
529
527
537
552
516
497
541
580
412
135
