492
472
432
458
455
424
421
432
425
418
424
430
408
403
397
393
393
395
402
391
395
411
399
380
442
550
614
619
591
596
617
595
595
587
563
536
531
544
543
519
529
549
594
591
603
611
598
551
518
527
535
526
531
527
522
490
481
481
488
485
485
489
491
469
457
459
458
464
439
439
434
449
430
441
484
570
602
607
605
603
616
608
601
596
602
595
590
597
597
586
512
471
484
494
471
461
532
645
706
694
667
677
698
709
668
610
589
593
600
595
605
607
562
500
461
456
472
463
462
448
421
432
445
430
412
468
560
615
603
595
592
596
596
594
602
599
591
596
575
545
541
557
574
587
571
573
569
587
596
614
635
606
605
619
631
584
529
499
494
507
501
502
518
488
485
544
638
704
709
680
649
614
577
555
509
487
484
501
510
502
541
574
575
545
557
565
562
554
551
575
566
564
583
576
583
588
606
584
576
591
598
583
583
602
582
550
516
482
475
492
504
495
473
539
662
719
695
669
695
668
582
525
550
562
557
548
566
542
489
481
479
487
474
471
490
475
449
517
628
698
689
675
671
680
679
686
675
676
678
689
663
625
587
592
605
594
587
592
617
559
478
448
458
465
459
465
474
438
400
362
368
363
371
372
367
358
420
516
558
548
532
551
547
545
537
553
573
585
570
582
571
576
575
583
587
581
590
584
576
569
582
582
587
613
593
593
611
613
576
539
518
534
534
531
530
541
534
522
521
537
528
513
488
457
438
455
477
453
442
477
509
528
540
523
531
529
527
520
533
531
527
532
529
527
536
531
521
539
534
527
519
533
527
522
525
548
535
517
533
534
524
512
541
521
509
530
562
524
499
557
573
419
141
