555
533
480
495
512
498
495
496
460
442
445
454
446
433
440
427
413
397
402
411
413
382
388
450
543
610
613
567
577
602
616
630
634
633
626
624
631
621
625
642
613
554
521
539
555
525
519
551
535
523
531
558
518
512
552
633
665
666
659
660
656
655
655
626
583
553
571
564
571
557
570
570
602
600
606
620
626
596
545
521
535
538
538
524
535
526
513
542
619
650
637
629
647
642
631
634
650
640
623
638
654
626
548
519
523
525
538
539
511
471
464
462
482
474
480
489
482
481
490
502
492
507
539
573
561
564
569
565
553
561
565
571
545
551
551
547
547
563
598
616
618
573
518
468
474
489
486
497
511
525
517
508
519
521
508
531
589
619
601
595
605
609
572
507
470
480
495
478
468
464
473
463
470
476
476
484
455
453
431
424
438
443
417
422
469
554
594
601
577
584
586
567
542
541
536
547
536
531
550
540
544
565
575
563
561
578
570
530
468
458
446
449
488
573
632
623
602
606
616
619
606
613
619
603
617
607
608
620
639
587
509
471
483
491
474
452
450
454
457
472
438
420
504
639
721
691
667
691
691
616
593
616
608
592
588
607
588
598
605
598
610
596
603
612
600
598
619
616
571
534
511
520
518
514
516
527
524
524
514
491
467
455
443
464
456
454
454
448
458
449
457
458
447
483
485
473
481
479
468
454
438
451
462
446
449
455
435
407
399
398
388
395
440
468
456
448
458
458
430
487
547
588
584
587
564
544
512
522
549
527
513
525
534
534
515
522
529
533
518
540
532
530
528
528
529
524
537
541
527
522
532
521
515
521
530
542
529
529
529
520
522
532
542
519
523
530
547
524
526
551
535
493
541
571
410
126
