593
575
515
558
578
548
531
564
576
543
547
570
569
561
606
639
622
608
638
642
587
530
512
498
512
508
508
512
500
533
592
619
605
593
601
587
600
594
608
603
617
604
578
523
474
473
486
485
481
471
495
475
469
477
482
456
392
365
389
378
370
401
510
576
558
540
546
550
558
553
583
576
575
587
592
589
584
601
606
590
594
589
609
600
604
563
510
452
441
515
580
639
634
615
616
627
626
608
621
630
632
618
625
629
626
621
628
635
607
554
535
548
546
542
533
549
525
514
509
510
509
515
498
493
493
493
487
479
490
496
494
498
494
498
493
488
491
489
480
485
492
483
459
478
455
454
454
459
477
455
438
417
432
432
423
418
442
437
442
447
450
460
445
434
450
461
452
444
453
483
507
503
486
505
503
507
501
505
500
505
499
508
513
512
503
507
506
498
502
509
503
497
510
503
496
491
491
501
493
494
482
494
503
497
491
495
503
497
492
481
481
473
459
474
469
470
479
474
477
460
460
475
468
446
459
467
469
469
472
481
480
477
472
468
478
465
462
456
444
449
454
451
448
448
457
462
453
443
415
408
430
431
404
410
457
563
636
625
610
601
603
610
614
584
512
458
480
496
467
469
506
568
600
595
587
576
597
611
559
461
419
440
440
434
426
440
446
413
376
380
371
354
409
544
607
584
563
588
597
596
586
571
574
586
631
648
644
650
638
633
592
574
576
573
574
578
580
570
576
581
589
573
577
577
585
576
586
575
575
584
581
557
500
493
491
502
502
489
505
508
519
521
524
526
528
537
532
513
528
521
523
527
532
524
527
530
532
523
529
536
521
519
531
530
525
524
528
528
532
529
532
532
521
528
523
512
527
520
517
526
532
530
527
517
529
521
526
528
534
521
539
530
544
524
519
532
530
525
537
537
520
521
536
532
528
528
548
531
492
548
575
407
135
