571
533
497
521
536
537
485
472
455
448
458
471
452
445
453
476
469
458
473
459
455
466
477
467
436
434
429
444
430
431
435
431
424
439
461
417
369
356
360
353
342
371
396
402
422
412
382
396
464
612
701
692
656
666
696
681
646
598
572
567
570
571
565
565
578
578
562
562
572
588
608
633
637
613
609
623
623
592
529
472
471
496
492
482
475
491
496
459
413
365
366
371
398
506
556
563
530
536
542
535
530
552
541
509
515
524
529
522
525
528
518
508
527
521
506
519
523
529
546
552
550
540
556
539
538
531
556
601
618
578
571
563
581
562
557
574
561
569
568
561
571
578
565
566
556
563
561
562
559
563
571
564
584
613
639
635
627
612
624
620
604
556
530
537
546
546
525
532
529
531
506
496
490
488
497
486
505
562
576
570
571
569
573
557
565
579
641
632
626
617
627
630
633
626
613
584
561
557
580
571
557
560
579
623
643
648
646
613
571
537
545
543
544
539
564
553
524
506
498
512
526
508
516
512
508
485
479
487
475
487
493
478
447
444
457
456
453
459
451
442
451
447
425
412
426
434
420
408
461
561
622
631
618
583
533
520
495
510
520
500
495
444
414
422
434
438
416
433
418
422
415
436
437
423
420
420
429
429
451
442
424
431
442
442
430
440
434
435
439
448
435
431
443
451
417
378
342
359
370
357
372
361
340
402
516
595
568
545
568
575
552
546
582
629
631
625
635
637
628
641
627
615
619
631
632
601
588
606
597
588
593
601
603
593
589
609
598
576
534
515
513
528
521
523
520
534
535
524
514
540
525
527
531
523
508
526
532
518
519
543
527
525
530
532
523
524
532
518
518
526
546
530
505
557
575
414
136
