645
630
552
537
539
528
518
530
524
536
572
628
609
599
606
609
599
596
595
595
583
587
593
580
577
598
575
531
499
512
504
513
518
513
467
438
448
457
452
452
464
453
448
442
446
454
444
458
479
466
468
471
471
464
459
478
477
450
438
448
437
440
450
440
434
425
414
403
404
411
457
494
485
463
470
481
474
456
511
615
659
616
548
519
534
521
525
525
536
521
519
492
465
458
477
479
477
470
491
476
461
471
484
466
471
484
544
568
554
558
568
570
547
543
561
595
616
586
518
489
487
491
495
483
501
529
470
386
361
355
367
366
353
364
346
360
355
348
357
361
368
379
403
409
382
381
468
599
700
681
654
675
685
670
641
597
573
564
576
588
577
577
582
586
590
576
574
555
563
568
574
558
543
548
553
542
544
558
591
616
615
603
603
614
622
594
554
517
526
531
536
526
525
529
529
534
522
531
541
555
550
547
558
553
552
518
500
505
522
509
508
523
517
514
510
515
512
508
516
552
568
565
567
569
574
573
575
574
574
590
596
592
578
593
603
556
481
437
440
469
446
439
456
449
442
457
474
495
489
495
489
494
490
479
493
483
474
489
480
479
481
481
502
547
581
565
566
560
567
568
558
555
565
547
573
564
574
558
570
563
558
559
539
526
533
545
602
631
629
624
617
633
599
588
607
608
596
597
604
614
588
535
520
526
524
519
522
542
526
484
469
496
489
490
479
480
476
477
463
462
471
472
466
451
463
464
466
463
453
457
443
433
438
434
440
428
431
432
431
437
427
434
429
413
386
412
411
398
385
421
490
548
539
521
528
529
530
518
520
533
536
524
522
534
535
529
529
525
532
529
527
534
522
523
524
523
526
524
535
514
511
532
538
523
520
551
524
504
554
586
414
125
