494
471
435
456
469
448
431
436
433
414
436
430
424
412
418
407
401
398
424
394
379
433
574
612
603
609
591
540
520
538
582
598
593
593
620
606
604
596
605
601
601
612
616
594
542
538
519
533
526
535
541
521
500
484
482
499
477
482
494
477
455
452
451
462
465
457
449
455
453
438
434
444
448
440
448
439
443
442
445
452
435
427
473
568
615
605
581
601
616
568
513
461
471
502
500
475
471
529
646
705
707
680
666
616
601
575
590
583
597
583
589
605
594
576
515
454
465
479
469
464
466
475
486
461
449
425
424
436
444
428
425
476
566
606
594
588
589
608
593
595
601
595
581
542
508
508
527
520
528
533
520
516
519
538
563
588
572
565
573
574
575
579
572
580
574
582
567
573
578
586
571
573
586
618
614
611
630
616
583
525
497
487
504
501
508
490
505
491
481
493
506
487
474
534
642
707
666
584
565
578
574
573
568
590
549
505
484
494
507
498
490
492
512
541
575
568
547
556
577
560
562
565
565
566
566
572
566
572
560
563
573
575
582
580
597
581
579
592
597
550
506
492
503
484
493
496
487
479
539
634
694
688
676
680
696
675
677
697
681
680
684
655
583
535
556
577
555
553
559
568
542
550
557
532
488
473
484
482
469
476
495
470
460
489
476
455
527
657
699
678
677
690
677
603
571
592
599
577
595
602
584
492
448
453
471
428
393
363
370
377
373
373
379
365
364
364
370
355
354
405
511
564
561
537
539
570
554
543
552
560
562
572
578
584
567
589
572
565
568
582
591
590
540
523
531
519
531
509
484
454
454
466
454
453
456
481
515
528
533
533
525
537
540
518
528
526
527
520
532
529
531
531
529
533
533
534
542
528
529
527
539
519
521
545
538
522
526
557
520
501
547
580
412
134
