674
632
561
571
579
519
473
503
515
488
477
467
449
451
462
462
447
458
462
464
445
450
455
466
464
466
453
432
446
452
434
433
432
442
443
446
439
454
443
452
446
437
442
446
449
441
435
454
445
439
440
435
448
434
441
436
442
429
441
431
423
420
438
444
438
452
446
457
468
476
484
476
469
473
474
463
478
477
479
456
474
477
477
448
465
450
456
450
459
452
476
471
475
478
485
484
464
497
566
600
605
599
598
606
598
600
599
605
587
596
595
575
574
585
600
569
490
462
473
480
463
475
477
478
475
484
481
476
485
495
483
470
506
595
637
628
613
614
604
582
590
604
601
601
605
579
527
505
515
534
521
498
531
523
494
467
454
447
446
450
457
467
453
450
458
455
466
483
496
472
472
519
574
621
631
592
592
595
592
558
510
488
479
496
491
496
496
504
485
489
492
484
491
484
496
483
493
508
512
492
479
494
494
480
437
426
423
434
409
414
423
422
431
443
459
462
446
445
462
459
443
455
476
509
545
545
528
526
555
542
533
532
553
575
595
609
601
568
504
479
495
570
617
625
599
602
620
612
563
497
453
456
472
472
465
458
484
464
408
388
400
422
394
367
457
592
660
657
625
622
661
662
627
570
545
563
554
527
497
512
504
497
506
531
520
510
555
623
666
652
630
640
650
652
628
601
574
576
582
596
578
584
584
586
589
577
596
582
580
571
583
583
571
572
599
582
546
499
464
476
485
473
480
477
479
489
517
531
542
510
526
534
530
517
538
530
523
529
529
535
522
532
545
525
523
534
536
523
530
540
529
520
529
536
532
526
537
535
512
520
542
527
495
556
575
410
127
