623
582
546
561
583
575
558
580
597
603
567
513
481
483
493
492
480
493
500
480
477
472
458
460
458
479
471
452
480
537
595
622
634
639
629
630
636
632
619
649
656
617
562
529
540
550
529
518
533
539
512
480
454
447
463
465
457
447
469
489
491
491
502
486
496
493
507
497
500
496
502
503
511
487
495
503
504
488
524
590
618
606
606
610
620
619
591
572
567
559
565
563
544
553
552
546
537
561
588
604
598
595
597
589
597
602
579
523
484
496
494
493
484
505
476
438
418
421
426
419
425
426
439
461
491
487
478
480
490
480
486
498
540
563
556
566
547
500
462
474
487
476
476
483
482
472
478
475
475
478
474
470
471
465
486
541
558
557
555
561
557
544
553
593
602
598
579
599
606
564
510
490
476
499
501
484
493
517
557
595
591
599
554
486
429
422
446
450
439
442
449
441
438
441
443
442
470
501
506
478
479
514
547
576
574
567
566
563
580
571
550
549
548
542
543
568
582
595
589
593
577
588
597
566
511
472
476
486
486
482
496
484
483
458
466
469
475
473
478
474
467
471
487
531
555
551
554
542
571
588
593
606
616
582
583
600
595
560
523
491
483
486
522
556
584
586
590
581
583
595
599
560
476
423
426
446
439
432
438
449
450
446
473
492
490
478
480
482
483
472
481
511
564
587
584
575
564
577
578
582
542
490
448
472
469
466
460
458
461
466
465
471
455
459
461
470
469
467
480
472
468
467
469
467
474
470
459
474
481
471
460
494
556
590
593
570
571
596
594
560
546
522
525
529
529
522
524
529
529
529
530
523
523
529
537
535
534
541
519
532
524
520
532
537
522
524
528
532
518
521
538
533
506
523
544
514
506
560
578
403
135
