665
616
522
514
539
537
508
541
534
524
503
507
485
478
497
489
470
464
447
456
460
457
453
428
405
412
419
405
405
415
417
389
377
390
391
384
384
418
461
492
495
475
480
508
554
588
576
572
584
585
582
610
620
614
601
623
628
573
530
487
507
506
502
508
502
502
480
462
463
476
476
459
457
468
473
487
499
502
488
491
502
508
479
466
456
439
442
445
447
448
462
474
493
487
471
485
479
494
478
476
513
599
661
659
600
558
546
533
532
534
523
519
515
546
528
499
492
496
477
492
499
500
469
431
419
398
411
417
407
406
400
399
396
386
389
403
381
371
459
590
670
654
636
650
646
609
565
590
599
559
514
481
501
496
462
415
389
386
411
388
405
393
400
400
385
386
406
399
392
401
396
407
387
385
405
427
428
427
431
429
426
431
425
429
433
448
424
405
476
585
625
621
596
608
613
620
622
598
550
513
519
532
513
511
518
532
534
520
517
543
557
573
568
570
557
541
529
524
527
535
533
519
568
657
698
691
666
664
699
687
649
630
611
600
615
620
591
600
609
613
579
530
516
530
518
476
440
459
446
455
437
444
455
468
483
490
485
489
476
470
507
577
632
630
615
615
641
626
591
537
519
512
508
526
526
528
528
526
510
507
543
593
613
626
622
592
517
490
504
512
503
502
493
501
464
447
460
459
461
452
457
443
450
477
510
534
530
528
523
535
540
530
525
535
522
532
520
531
529
517
541
539
538
532
532
525
528
521
528
521
526
533
535
533
522
527
527
529
528
534
522
534
536
531
528
531
528
522
517
538
530
519
528
545
522
491
546
567
407
130
