647
626
557
581
610
595
567
542
524
510
532
529
522
575
623
603
586
591
613
587
572
587
594
579
581
603
581
528
502
514
519
496
503
527
500
464
442
447
453
453
446
452
446
455
463
468
466
468
469
467
465
467
462
448
441
435
433
454
442
434
439
440
433
444
443
434
410
408
421
408
397
422
466
472
466
506
606
652
641
630
634
640
642
635
628
564
525
525
540
531
518
528
529
548
510
487
466
470
474
465
480
471
479
472
459
489
475
468
498
546
571
561
557
557
555
550
574
605
615
616
605
602
621
612
628
597
596
601
603
609
621
596
515
475
499
528
475
385
354
379
391
388
413
402
390
414
412
379
371
460
612
693
689
653
659
676
664
644
620
587
573
584
597
582
595
585
566
555
562
571
568
541
544
548
545
552
544
542
556
600
611
614
616
612
615
615
595
552
515
517
539
525
526
516
530
558
551
553
551
559
561
540
525
514
513
512
527
522
515
526
567
579
567
570
576
586
593
597
595
587
584
587
592
553
472
432
441
467
459
446
456
467
483
482
490
487
479
482
493
480
478
502
560
582
558
538
540
540
537
545
540
530
528
550
603
624
618
609
640
616
624
632
612
610
593
597
591
589
609
612
586
547
527
512
496
487
479
481
495
483
490
488
485
470
461
461
469
458
464
456
481
461
437
437
436
418
409
406
405
399
406
414
398
384
435
495
534
528
509
522
526
532
521
527
535
524
537
542
527
525
530
534
547
537
522
521
517
537
518
518
532
531
521
520
550
535
503
535
569
407
126
