651
626
570
603
604
532
494
512
532
512
517
538
524
512
543
577
586
575
561
537
532
533
540
535
532
545
546
537
545
532
553
536
545
546
550
543
550
547
546
537
540
548
557
615
622
630
624
613
630
619
590
525
503
493
518
523
499
497
537
585
630
634
592
500
453
467
477
472
464
467
427
419
426
445
400
400
473
583
644
636
620
604
631
623
616
629
623
616
620
630
624
608
626
626
623
613
619
627
611
611
630
627
593
505
463
482
486
484
473
491
495
472
471
477
484
498
488
468
455
417
408
426
440
402
412
469
568
635
624
604
603
609
611
613
611
610
591
590
600
596
581
585
595
592
593
606
603
575
542
510
518
517
525
532
525
506
544
613
661
655
640
637
646
654
625
568
533
534
551
555
544
553
553
545
534
505
509
522
518
525
512
512
522
515
513
514
515
515
513
509
504
511
511
517
515
519
520
510
509
505
477
482
488
492
479
457
470
461
455
470
487
504
513
523
504
507
526
577
603
585
588
601
592
593
602
603
604
600
611
606
582
536
520
511
524
522
504
483
456
439
457
454
457
449
456
453
440
424
414
428
428
430
421
444
441
430
423
441
443
426
421
476
569
628
617
601
604
624
612
600
597
615
622
607
626
630
608
596
625
626
568
490
431
425
445
458
441
433
434
483
556
597
602
569
583
599
592
595
582
581
592
582
589
589
594
578
587
603
628
650
646
641
639
642
641
640
625
608
576
576
573
591
574
577
592
597
553
492
450
450
471
453
453
474
446
404
362
377
387
385
381
376
376
393
373
364
379
390
360
356
430
562
630
614
590
602
600
605
605
621
611
604
602
605
611
597
604
604
611
606
607
611
617
581
550
522
524
530
526
518
526
531
494
492
497
495
482
498
528
534
523
524
528
533
529
520
530
539
537
534
518
528
529
516
515
537
528
526
542
532
522
516
528
528
522
526
535
531
520
534
541
532
523
539
540
520
532
540
528
500
553
566
410
128
