702
667
601
632
653
648
631
619
560
510
512
549
547
520
547
552
490
468
490
486
466
431
420
427
421
438
437
427
419
444
452
442
480
546
564
567
547
559
563
568
559
560
556
562
553
559
581
593
611
613
606
589
537
494
497
508
507
501
513
498
487
482
475
484
468
476
487
468
482
479
476
462
495
574
596
601
592
586
576
572
562
569
563
558
547
571
547
554
566
593
623
603
616
622
608
606
621
624
572
511
474
484
499
486
478
488
498
490
468
486
499
493
498
498
500
499
490
498
495
491
498
508
500
480
507
565
586
586
578
579
577
586
592
561
491
474
508
530
508
510
519
520
519
572
609
600
591
603
606
583
603
605
570
510
478
482
497
485
480
487
471
479
463
456
466
471
465
464
463
491
517
531
534
528
532
540
530
525
519
569
623
669
651
641
651
649
653
658
633
578
541
549
562
544
537
564
606
602
605
608
607
608
617
577
521
475
487
482
479
480
484
479
472
472
488
477
469
509
580
623
610
596
602
611
602
597
617
618
568
541
495
518
514
501
514
525
515
476
427
443
438
454
438
438
436
433
430
439
432
414
400
404
403
399
400
399
406
416
421
449
429
435
436
431
441
441
449
431
442
446
452
438
444
454
435
391
382
389
388
384
375
379
383
378
393
380
363
437
581
677
671
619
604
593
582
582
599
563
487
458
474
489
470
448
429
413
408
417
416
413
396
400
461
555
624
618
583
597
604
599
592
575
589
583
573
584
608
592
566
543
527
530
543
533
531
528
522
517
536
523
540
532
515
523
529
518
515
533
543
518
517
533
534
517
523
539
525
506
548
578
408
139
