479
457
415
447
463
421
399
430
427
409
423
424
422
410
403
423
420
470
500
484
476
504
526
553
549
551
542
530
540
560
516
437
422
418
435
430
406
427
468
550
581
592
565
565
577
599
643
644
662
637
636
636
604
578
588
585
571
588
601
568
507
475
487
478
410
385
415
468
484
478
453
445
498
565
604
596
584
583
601
587
589
598
598
587
588
588
592
575
589
584
589
552
549
557
565
563
564
549
569
606
628
625
620
624
625
618
603
621
626
594
531
485
497
504
500
504
489
500
491
493
509
493
470
466
474
456
449
451
462
461
443
447
443
435
437
437
468
434
443
459
458
436
400
380
397
397
389
381
387
393
442
463
471
471
461
471
463
464
490
499
512
513
505
511
510
513
517
499
529
570
588
588
584
584
600
586
573
587
584
568
507
464
458
479
467
450
460
496
551
612
625
567
485
460
474
456
448
509
628
683
679
644
654
668
668
642
617
582
596
600
574
531
510
504
504
516
517
508
473
460
460
461
469
451
463
479
471
462
464
456
466
464
461
448
469
462
454
464
469
483
481
475
480
488
476
476
486
491
478
466
424
410
420
426
411
401
417
419
395
385
403
398
376
394
410
374
355
442
588
676
661
657
641
606
583
596
583
539
501
507
525
506
502
530
530
510
511
503
471
462
451
458
451
447
455
462
471
482
487
476
483
482
482
503
520
537
519
522
520
533
525
527
534
526
524
524
521
514
531
528
526
527
532
528
518
531
538
513
524
532
539
507
528
556
525
493
549
592
411
135
