653
639
568
599
628
615
554
489
455
441
435
425
391
379
411
424
387
370
488
611
671
685
644
647
670
675
636
574
550
543
553
541
538
541
540
538
544
540
557
581
601
594
595
584
602
604
563
495
442
445
453
470
459
442
430
432
444
414
416
478
578
635
622
608
594
635
625
568
514
477
475
488
470
410
393
411
406
387
392
434
492
524
521
520
507
511
500
528
579
613
620
602
593
615
608
616
585
533
491
497
520
515
493
462
442
457
457
461
465
454
429
418
440
428
421
430
437
432
399
396
410
454
480
482
465
462
474
468
462
464
490
527
545
546
539
552
549
539
549
520
524
522
517
520
538
577
595
605
594
605
609
602
591
592
595
584
592
585
561
557
555
563
563
558
558
568
549
526
509
518
499
521
514
518
512
501
527
595
644
624
609
622
635
583
502
471
459
456
471
479
472
472
488
569
616
611
599
614
612
594
592
598
599
584
585
607
584
547
522
518
529
525
529
517
520
514
530
548
561
558
542
550
560
563
604
607
601
591
603
619
578
506
452
477
487
477
467
475
471
450
498
565
624
605
587
602
608
574
514
501
498
494
504
488
496
507
527
517
516
524
520
507
498
549
624
666
665
648
651
654
656
646
657
661
661
652
656
657
660
642
607
594
597
587
589
597
590
558
543
545
554
568
543
486
486
477
480
489
532
528
526
524
529
530
525
533
522
539
534
531
535
531
523
529
535
527
525
529
525
525
516
560
533
501
546
584
421
130
