620
592
521
561
579
567
559
585
580
565
559
578
573
555
577
604
592
591
595
587
594
599
601
594
577
584
579
559
507
476
469
448
456
451
447
445
448
445
461
477
485
469
478
476
481
466
456
464
473
461
477
462
457
459
477
456
430
410
416
410
418
435
404
360
344
352
346
340
373
435
457
440
489
586
647
607
603
614
616
612
612
622
604
576
589
598
596
573
532
521
513
498
461
433
439
454
446
440
453
466
462
457
457
465
441
443
436
440
427
435
428
430
421
433
429
425
427
428
432
416
403
391
403
383
399
417
391
397
448
566
629
622
591
604
623
568
519
500
510
504
509
537
542
546
529
545
549
541
531
558
580
591
598
598
584
586
600
610
557
531
495
482
486
490
491
491
489
520
579
609
595
589
589
620
607
566
522
481
485
483
456
438
435
454
453
451
448
438
451
462
486
493
488
476
477
489
465
482
487
484
487
474
486
481
475
485
476
474
486
485
484
461
445
456
466
445
458
464
444
418
404
416
423
414
410
416
411
406
413
401
397
402
426
448
466
476
469
465
473
477
459
464
493
564
583
602
618
619
618
607
628
628
613
615
645
599
558
532
536
544
520
530
516
480
446
458
457
471
462
456
465
451
442
425
408
413
403
410
404
413
400
381
449
564
645
598
517
501
518
526
508
506
501
526
547
584
571
550
560
565
572
567
569
569
559
563
574
558
561
575
566
561
576
577
528
526
525
524
523
528
525
522
519
523
544
533
527
515
520
530
537
536
532
518
533
537
520
521
528
521
518
532
528
518
525
540
527
510
520
539
523
507
534
532
514
533
541
534
500
535
569
415
124
