621
588
526
559
592
568
547
574
587
559
571
572
564
559
576
587
591
599
609
599
580
578
586
583
582
591
585
577
575
591
594
558
519
501
482
497
502
495
499
488
484
463
452
452
455
474
484
480
468
465
468
477
466
467
474
467
458
477
468
459
462
474
467
457
429
416
403
426
412
407
418
416
408
368
335
344
352
332
378
437
462
447
447
468
457
442
504
584
642
621
606
625
628
612
622
616
613
619
620
628
616
596
594
593
596
591
590
593
612
597
585
602
605
567
526
501
499
500
516
511
522
504
470
442
449
445
448
442
452
459
451
443
469
459
453
436
429
434
424
428
423
431
423
429
440
426
416
404
392
386
402
412
394
372
445
557
632
621
601
609
613
603
599
581
532
492
506
539
532
527
539
545
539
523
551
579
590
588
594
585
599
621
585
515
478
490
496
479
503
587
617
596
587
607
606
592
593
583
505
472
500
513
480
440
430
444
449
445
440
450
439
445
446
445
450
443
453
452
437
443
453
441
443
449
440
448
444
446
436
451
442
447
437
444
442
448
436
458
472
482
480
487
493
467
467
449
446
449
456
444
450
441
445
422
414
415
421
404
406
410
416
401
401
408
406
408
406
409
422
459
474
474
453
466
478
467
441
495
554
588
582
580
584
574
571
587
627
632
632
636
618
632
627
608
554
518
525
519
523
524
527
523
526
546
524
469
455
458
472
442
423
404
400
400
415
405
391
450
569
625
611
601
619
591
528
497
508
522
499
504
512
506
509
506
529
564
579
566
573
574
559
558
535
518
537
522
522
530
532
523
536
532
540
525
528
532
531
518
526
539
528
527
522
527
528
521
537
529
504
529
539
513
520
543
527
494
553
567
401
120
