625
586
542
574
603
565
556
583
575
541
578
610
598
586
600
625
576
509
480
482
499
481
484
470
464
470
468
470
470
462
462
490
547
580
568
563
579
582
555
577
628
629
608
637
638
642
628
633
637
623
626
661
617
561
524
539
532
540
529
550
513
466
450
453
468
458
459
447
454
447
464
491
499
502
488
500
504
486
486
517
593
625
610
612
608
613
584
568
569
560
576
562
570
570
557
559
557
555
548
561
551
547
555
573
596
598
594
591
609
615
566
508
475
489
487
499
491
480
448
415
426
428
424
424
427
432
433
419
433
423
423
433
421
418
425
424
428
426
428
420
422
412
426
419
434
409
423
425
433
423
432
424
425
430
423
422
416
442
474
493
473
480
489
475
471
505
553
571
579
565
560
569
580
575
580
566
570
564
570
564
557
556
571
552
566
578
577
569
568
569
585
550
505
464
474
489
491
484
493
493
484
459
483
470
461
491
535
561
552
552
557
556
544
553
555
558
577
606
597
577
588
606
571
517
483
489
487
496
496
493
478
513
553
585
590
581
592
580
587
585
553
478
425
446
452
438
430
459
448
436
437
487
499
484
487
486
484
490
497
483
485
491
481
468
464
503
562
575
581
581
576
574
546
549
547
544
544
565
578
605
591
580
577
586
587
565
501
476
484
482
470
476
454
484
471
484
456
506
536
557
553
547
552
558
553
553
558
557
548
561
584
602
585
600
597
579
599
598
584
512
478
484
506
494
485
489
518
551
588
593
593
561
587
581
545
467
435
428
452
454
431
443
448
440
436
447
470
489
485
484
485
489
469
468
496
552
580
584
570
568
575
569
581
539
496
443
452
454
457
448
467
467
469
468
475
469
467
469
475
465
473
450
495
561
598
568
544
521
539
533
528
527
541
532
522
531
522
526
531
524
530
533
526
533
521
527
519
529
539
524
515
536
528
524
527
541
526
526
532
535
521
517
530
538
512
521
546
527
509
550
577
407
122
