660
607
557
584
614
583
585
603
594
529
524
534
526
527
582
631
620
592
600
604
579
580
594
604
600
565
538
499
497
518
521
499
516
525
497
456
441
443
458
463
469
474
471
460
473
476
455
445
439
436
450
443
440
427
424
424
400
416
420
408
399
432
478
478
463
511
589
652
650
635
637
643
653
609
568
522
519
526
531
513
526
535
521
527
515
530
529
535
527
516
528
517
525
535
528
527
523
529
522
530
537
515
478
456
461
463
468
465
466
469
476
475
465
467
480
457
471
457
470
477
468
483
478
462
479
501
541
563
562
555
556
565
555
555
586
619
606
605
617
619
599
594
620
595
517
482
509
515
479
482
506
512
460
390
355
366
372
364
354
363
366
402
402
394
396
414
399
365
467
608
681
676
653
652
673
670
666
661
596
557
570
573
563
555
560
571
563
551
565
558
543
541
539
545
543
544
543
533
553
613
613
600
606
612
626
623
590
557
512
523
526
543
554
553
542
558
551
556
543
534
509
517
519
517
520
521
536
554
578
561
572
549
552
579
578
587
592
598
563
487
437
442
461
450
450
438
460
474
485
489
482
488
492
483
478
500
541
578
561
562
566
584
566
527
542
534
542
536
548
536
523
529
559
601
640
636
614
626
617
632
605
607
596
600
597
596
596
597
598
618
595
592
597
603
611
593
600
611
600
606
606
590
547
516
526
526
518
514
530
543
516
497
478
476
486
491
494
483
487
487
471
467
465
472
451
461
450
436
438
436
441
437
447
443
415
398
412
410
397
384
434
493
542
532
526
518
529
527
527
523
520
523
530
534
539
526
534
535
530
524
529
522
539
521
516
531
535
522
521
547
533
512
520
544
523
498
543
563
414
131
