501
438
352
383
408
392
385
406
391
390
401
420
405
411
406
402
450
526
590
585
546
563
572
550
537
537
542
533
531
542
541
534
533
571
574
562
571
569
568
581
595
593
586
595
600
603
567
508
477
475
495
504
466
399
350
355
375
377
359
370
385
418
464
474
449
447
493
556
596
591
582
586
593
601
616
629
628
633
642
607
550
529
529
552
532
529
531
533
528
529
541
531
522
532
541
536
524
527
530
535
502
469
461
449
445
457
454
435
410
416
400
397
407
414
380
382
461
609
675
673
644
665
678
658
639
592
558
547
565
568
571
553
575
544
526
551
605
621
617
608
616
600
608
619
596
501
458
463
485
466
455
520
622
667
666
651
659
659
672
636
566
540
547
556
544
537
555
526
457
418
443
434
429
425
462
518
526
536
540
538
548
533
521
542
552
568
550
565
566
560
553
560
561
563
558
579
616
628
625
621
606
619
621
631
602
575
547
551
560
563
554
553
551
564
547
527
510
518
520
524
510
519
519
512
499
507
494
504
507
504
501
494
514
532
561
552
555
558
549
544
555
567
553
552
558
562
544
568
584
589
587
594
597
581
553
558
545
548
561
585
602
596
578
595
598
594
589
605
590
596
605
595
582
599
599
568
483
438
466
469
464
455
475
453
387
378
389
393
360
371
394
382
358
420
558
621
609
590
608
602
605
599
607
621
593
608
621
599
541
531
530
527
527
538
549
512
475
431
461
451
451
459
448
458
456
514
547
537
528
528
536
525
520
527
528
521
531
522
522
518
521
532
523
530
532
535
520
539
532
530
526
535
524
520
533
544
530
523
540
543
503
515
551
512
493
551
573
410
130
