686
642
605
626
641
632
625
627
599
556
578
584
577
567
581
571
516
492
510
512
498
497
507
513
507
490
473
454
456
471
457
452
453
454
462
453
450
440
449
441
435
434
425
427
423
420
418
419
426
422
447
441
425
433
441
437
441
449
444
447
445
433
440
441
438
441
441
442
442
458
462
473
468
479
464
471
473
469
451
467
466
445
465
478
477
461
504
574
612
610
583
598
600
592
595
600
603
587
584
596
596
593
586
587
589
595
562
498
465
487
490
479
473
476
470
480
484
481
477
478
467
486
478
484
479
488
488
467
479
480
472
477
487
473
484
467
513
590
626
630
606
617
632
618
620
609
599
588
590
603
592
597
597
610
569
533
521
511
514
523
513
497
458
455
454
454
461
445
447
464
477
497
482
474
501
584
623
610
622
612
598
566
580
594
569
508
478
480
492
492
487
498
487
496
466
435
417
422
430
426
434
422
417
406
431
448
459
457
461
464
463
457
447
476
535
560
543
539
539
542
533
546
574
607
607
563
510
473
483
486
481
482
490
492
473
521
574
610
597
590
603
602
594
610
605
571
489
451
463
472
471
452
462
468
478
439
426
395
377
411
415
382
391
460
579
666
651
623
632
653
655
624
581
554
539
555
560
552
560
550
517
505
504
525
502
515
505
512
502
503
539
550
523
511
558
622
674
657
642
650
652
646
650
648
641
644
648
650
622
604
576
583
575
574
579
591
592
584
605
587
573
568
581
579
564
569
586
593
557
494
462
472
490
482
467
485
498
522
539
530
525
518
529
530
529
520
526
532
523
520
531
536
513
527
539
544
513
542
537
519
516
543
529
516
529
535
528
493
549
579
407
129
