564
545
496
510
538
528
511
531
515
521
525
514
470
442
468
467
458
438
450
463
458
457
458
465
465
464
459
466
455
413
385
350
356
358
357
352
359
350
351
347
353
368
385
409
400
404
406
407
398
419
418
388
412
425
399
375
469
626
685
600
554
569
597
574
563
581
573
577
603
629
627
618
605
531
463
475
508
505
446
400
379
361
389
388
380
350
418
512
559
563
531
543
548
552
552
537
531
522
520
527
512
524
522
518
521
543
541
548
535
564
601
630
623
615
618
608
623
605
580
570
567
570
576
569
570
568
563
561
562
568
565
563
565
565
561
569
572
556
543
585
627
640
631
626
636
613
561
521
533
530
536
531
529
499
483
496
507
495
502
492
491
497
497
506
492
502
505
496
474
507
555
580
572
565
575
569
573
582
617
627
641
624
633
636
604
581
563
562
562
570
565
562
586
623
638
624
627
633
643
658
613
562
531
544
536
548
537
546
556
546
547
560
558
523
501
514
512
524
514
503
492
485
484
495
472
465
460
450
445
455
457
449
436
436
420
412
428
431
420
401
466
568
635
622
605
610
627
618
626
617
600
537
498
506
528
509
506
524
513
481
434
413
431
435
420
420
429
420
432
440
442
425
427
443
433
432
444
437
419
382
367
340
349
401
514
590
581
549
560
582
614
626
634
627
625
629
632
640
625
637
622
618
604
588
597
597
601
604
607
609
579
540
519
520
521
531
496
526
524
536
524
515
533
523
523
531
531
528
518
520
520
525
529
521
533
526
532
537
539
526
529
529
520
515
532
524
524
509
519
525
519
539
552
521
506
555
565
420
144
