535
513
459
492
507
461
413
392
398
409
402
403
407
395
400
392
400
405
405
390
407
412
404
393
431
525
572
566
560
559
579
558
548
552
540
546
540
543
544
531
560
569
568
557
581
564
563
561
572
595
604
582
604
600
557
508
462
485
511
459
388
355
370
375
364
354
366
359
362
381
435
470
451
449
447
461
452
436
473
560
602
593
583
587
596
583
596
629
638
630
636
629
635
633
630
637
638
639
631
640
630
645
615
546
519
533
547
529
537
542
536
529
537
544
508
453
451
464
444
405
406
395
404
401
415
392
382
458
601
685
674
615
579
568
563
563
567
565
549
558
570
566
561
561
541
539
544
542
539
526
561
605
615
614
621
621
590
503
455
470
491
484
454
468
532
626
654
663
635
648
674
667
654
654
662
676
633
574
528
553
565
555
541
566
554
518
460
436
431
446
438
427
423
468
517
560
535
532
537
543
535
540
566
574
574
565
555
568
577
605
635
637
622
619
637
635
615
573
558
550
560
560
567
560
545
515
507
505
522
517
504
507
507
504
500
508
505
494
496
508
554
558
555
547
549
562
563
568
568
549
568
574
583
574
594
578
572
583
595
579
574
553
555
538
549
547
551
531
570
594
600
590
592
602
587
596
612
565
488
441
469
469
443
385
378
369
385
384
373
356
428
553
621
620
599
610
621
617
597
606
625
627
592
556
530
519
538
529
529
529
538
532
524
527
516
518
528
517
485
445
450
516
533
537
520
536
522
524
532
539
519
540
543
533
524
519
521
533
537
543
524
522
525
525
526
522
531
529
524
529
531
534
520
523
521
520
526
536
540
527
531
537
531
517
528
530
527
513
532
521
523
519
532
534
524
529
546
523
516
542
537
508
511
541
510
504
552
571
403
145
