649
628
594
616
598
476
424
458
474
454
443
464
455
434
452
457
452
437
451
461
441
462
455
446
443
449
456
447
447
453
472
441
411
412
401
398
398
407
400
403
412
391
385
468
602
689
663
642
646
678
667
630
587
545
551
568
563
555
564
569
557
543
550
543
555
536
549
544
534
539
598
597
590
577
596
600
592
601
602
567
489
459
451
464
459
444
474
452
454
466
463
471
469
475
467
459
465
467
465
454
445
436
420
433
441
423
422
468
572
632
629
576
509
472
469
480
491
479
492
490
464
419
399
393
395
394
395
412
404
418
485
521
513
500
548
600
592
525
486
506
513
493
506
511
498
504
506
510
488
467
451
454
452
455
449
462
431
437
429
422
433
427
431
434
431
428
435
439
427
426
432
436
429
429
428
438
434
427
431
429
429
429
430
428
429
425
398
401
406
378
393
405
395
388
416
469
483
459
481
476
481
448
482
520
546
547
537
535
532
526
520
530
538
584
599
612
591
603
604
607
595
598
590
588
592
601
594
566
552
555
552
556
556
554
518
495
503
512
501
510
523
521
513
509
517
507
502
507
509
501
499
529
597
629
629
620
612
622
623
633
615
623
615
630
619
625
626
622
632
617
613
619
617
617
627
635
588
520
463
460
523
567
607
592
596
585
599
599
604
599
606
598
596
595
600
589
602
602
571
541
514
533
531
514
521
531
527
534
543
563
559
542
553
561
547
553
554
559
545
568
583
600
580
600
595
602
599
607
605
583
597
620
567
495
461
495
571
606
604
569
530
494
495
498
503
504
490
503
516
514
507
528
529
514
507
541
618
672
651
648
654
658
645
597
584
590
596
587
595
556
549
551
551
548
552
546
528
504
474
483
501
523
533
534
518
522
533
535
527
525
531
529
518
524
532
536
531
517
518
521
529
524
519
530
529
535
532
533
533
518
528
532
519
530
530
531
524
525
537
524
500
551
579
408
129
