624
594
526
556
583
569
565
583
573
564
575
609
593
581
584
592
579
565
583
601
550
510
481
482
497
483
465
456
454
456
452
456
463
462
441
465
470
473
482
471
482
484
477
474
475
460
467
462
462
466
459
441
422
410
408
424
417
409
401
407
420
399
352
342
341
335
351
372
422
443
482
587
628
625
604
623
613
614
605
613
573
523
491
505
518
503
499
514
494
451
433
443
441
442
446
452
459
464
447
466
460
464
461
445
458
454
463
456
438
447
422
426
428
430
437
435
425
427
426
435
430
423
426
427
428
416
424
405
387
408
415
384
382
449
562
620
612
606
610
617
611
615
577
537
490
489
516
514
494
488
529
534
537
544
548
541
538
567
581
590
602
593
589
586
594
598
594
567
521
470
486
507
499
477
485
516
575
606
605
604
588
607
609
569
508
480
506
506
494
488
494
488
456
445
447
434
445
447
471
487
487
481
483
484
478
481
472
455
453
453
456
449
423
395
400
413
411
392
421
420
408
402
417
412
401
403
411
399
393
426
458
467
479
476
464
460
501
563
598
581
576
583
590
588
567
584
601
619
639
618
620
606
625
635
605
550
524
521
548
538
527
546
549
545
507
479
449
453
453
471
462
441
433
423
398
394
457
559
622
627
605
613
627
622
585
542
503
500
502
513
497
530
557
569
534
524
532
530
526
530
540
526
529
530
540
542
515
521
530
527
524
536
518
521
529
529
531
516
525
537
532
528
537
524
520
535
533
531
522
531
534
532
520
531
537
533
517
532
544
510
518
550
516
504
542
563
418
130
