612
596
543
560
595
600
597
603
609
586
601
599
604
601
575
519
477
477
493
486
481
484
491
485
488
478
483
459
461
464
472
457
465
467
459
461
458
452
486
549
567
571
560
580
568
577
606
631
642
633
628
643
630
627
626
638
639
602
565
530
517
547
538
507
474
454
449
447
466
499
519
505
494
488
501
499
497
501
498
500
495
506
491
481
522
582
615
625
608
609
619
624
608
576
561
572
564
567
555
564
564
572
565
562
565
564
560
558
560
565
562
557
560
553
551
552
544
553
549
555
587
598
601
583
594
605
593
578
520
488
495
495
481
437
409
431
428
415
438
474
495
490
478
470
493
536
574
591
543
489
476
476
485
484
477
483
482
478
480
471
475
494
535
561
559
542
548
554
557
543
544
561
585
594
591
604
590
604
598
589
595
610
600
603
602
592
558
506
478
496
513
508
485
479
508
548
577
579
594
576
579
579
595
540
463
420
432
446
448
461
482
507
489
482
492
491
485
483
510
555
584
579
566
562
562
564
550
546
552
543
546
553
540
555
583
599
581
581
594
604
582
584
599
560
497
479
486
489
490
489
489
487
485
470
493
472
468
471
475
499
530
564
559
548
562
589
590
582
580
602
606
570
537
489
492
491
507
493
481
510
564
579
579
596
583
571
580
591
545
464
419
437
456
448
443
451
472
497
482
478
480
489
484
467
503
568
568
579
558
584
553
483
444
459
463
461
463
469
465
456
457
463
460
452
462
459
458
464
470
460
473
463
462
466
491
550
589
593
579
573
584
586
568
542
531
532
523
523
518
523
536
527
532
517
519
524
533
533
527
535
533
520
535
529
538
526
536
525
538
527
523
529
526
519
527
536
532
533
526
525
519
526
525
531
523
533
536
529
534
527
525
532
528
527
535
517
532
518
537
530
523
527
517
536
537
518
529
549
519
505
550
571
420
123
