652
635
572
596
623
593
585
618
632
554
468
451
447
447
445
452
444
445
453
427
403
400
408
412
384
390
482
609
677
683
652
650
676
657
644
585
545
565
570
569
541
546
556
578
609
608
587
576
613
610
563
483
447
455
470
476
445
453
446
431
424
423
442
431
419
426
479
566
628
624
600
595
619
616
564
500
474
479
464
422
395
391
389
427
473
518
516
501
503
521
513
496
511
524
511
507
525
597
608
608
603
613
613
571
525
509
493
502
504
516
501
483
444
439
455
465
442
447
461
458
449
430
426
423
425
413
424
432
424
411
400
391
397
403
404
396
395
412
469
480
468
459
466
472
472
476
482
529
550
550
535
540
539
529
530
526
525
508
538
589
603
601
597
597
610
604
593
596
602
597
573
570
556
563
561
543
552
569
561
521
506
503
520
508
509
534
601
638
643
611
613
639
637
575
502
467
467
493
478
462
499
582
615
600
590
609
600
600
604
607
604
593
599
603
587
590
605
591
597
591
608
609
576
533
530
526
536
539
537
541
552
552
557
555
570
558
545
554
579
595
598
609
613
577
512
459
461
478
479
499
561
607
609
585
589
605
591
592
610
617
564
514
487
493
492
503
490
483
499
520
521
532
512
514
510
558
632
678
658
638
662
674
647
601
592
599
583
602
602
604
601
587
589
578
587
594
589
590
599
591
576
592
595
595
598
602
598
588
550
538
542
547
549
548
535
493
476
485
497
490
476
490
491
480
475
478
488
479
486
481
477
473
476
485
477
476
495
485
474
491
494
480
482
471
496
481
478
481
496
480
492
488
492
479
502
525
539
531
528
524
521
533
537
523
518
530
531
521
522
532
535
519
527
536
525
514
525
527
525
523
538
528
520
526
539
518
522
541
531
514
522
545
522
499
545
578
423
124
