703
649
589
630
675
615
550
543
559
528
523
537
533
536
530
547
534
541
541
548
528
527
539
535
541
527
541
534
520
488
478
489
489
477
427
426
427
427
412
441
459
465
454
455
467
458
442
486
539
571
561
558
575
573
574
561
568
571
590
606
610
615
607
610
615
583
525
497
498
504
510
489
502
509
508
488
481
470
469
484
489
459
454
504
571
603
596
595
602
597
594
599
584
581
559
561
570
574
574
561
551
553
565
551
549
557
567
601
621
623
572
517
472
479
494
483
477
481
495
496
486
504
502
487
488
503
487
488
511
569
609
581
582
589
587
589
585
583
585
565
574
580
582
582
591
584
569
502
481
476
491
494
482
474
496
513
519
522
521
518
515
526
569
601
600
593
585
581
584
588
606
598
570
595
603
588
497
468
489
503
482
480
479
488
468
470
473
469
476
456
454
486
525
538
531
545
534
534
529
551
530
514
562
633
662
650
637
661
627
574
529
551
565
541
543
556
549
543
545
560
535
544
573
583
589
611
611
566
507
477
481
483
481
481
473
484
515
569
605
604
586
603
620
601
582
543
505
501
520
522
500
453
437
439
435
447
448
440
443
436
425
395
407
407
408
403
416
440
442
432
438
446
433
444
443
444
438
436
447
445
430
457
448
424
399
387
384
387
386
393
390
389
395
391
364
386
393
375
376
441
588
686
673
628
654
668
646
649
654
669
647
644
663
660
626
603
594
585
590
590
588
596
586
597
586
575
591
598
558
489
455
474
470
481
482
486
462
435
414
404
393
450
545
624
607
598
593
605
587
575
586
605
592
594
599
601
586
543
526
528
527
530
534
527
517
525
521
521
531
525
521
531
538
538
525
518
532
526
522
517
539
537
532
527
536
519
524
535
540
512
526
553
514
501
557
573
401
135
