687
648
602
639
670
596
535
528
533
517
526
546
535
522
536
532
487
480
480
493
477
495
475
438
416
422
438
417
412
430
452
467
462
453
448
488
539
578
574
528
574
607
605
601
610
617
592
529
489
502
509
507
504
505
509
514
499
493
488
472
474
503
575
600
600
595
593
592
579
565
555
556
565
558
573
566
554
551
555
568
556
550
560
549
554
573
613
611
604
600
623
619
618
602
613
599
519
472
477
492
493
486
490
501
480
482
522
555
584
587
590
576
567
580
597
551
501
471
480
479
476
511
533
511
508
536
576
609
592
587
605
604
570
508
476
475
488
486
482
483
477
467
458
467
457
482
522
543
530
528
538
538
528
558
625
661
662
646
645
661
643
630
665
658
631
578
536
559
567
597
612
597
583
598
602
572
509
467
477
486
486
485
479
505
566
615
605
597
600
607
580
594
603
584
522
502
507
528
520
522
518
496
458
446
439
443
419
399
402
406
414
401
402
397
402
405
397
406
423
439
448
440
440
442
441
452
447
434
444
435
433
407
380
386
384
387
387
377
380
389
384
376
391
393
379
377
388
386
369
439
597
681
652
574
583
598
587
578
601
603
562
493
467
457
466
474
483
460
442
411
400
405
414
405
401
455
563
616
603
588
599
613
599
595
599
611
585
532
518
527
529
540
527
524
526
524
525
522
538
529
525
517
541
525
530
530
533
529
520
537
518
514
544
552
504
525
546
523
500
552
568
416
131
