592
566
523
551
576
548
543
581
611
616
620
618
618
627
599
542
503
500
510
487
520
577
616
604
589
612
621
586
590
614
617
591
598
614
589
594
601
615
561
510
481
474
491
491
479
392
372
383
380
353
414
519
572
552
524
545
572
561
573
578
577
570
586
611
596
596
595
593
591
612
614
573
506
467
464
461
492
581
642
629
607
624
651
598
553
538
543
553
543
525
520
516
511
489
491
490
478
488
492
500
495
491
497
497
492
491
477
484
496
483
491
484
484
485
493
483
483
472
461
466
458
461
474
457
435
425
435
428
422
423
426
427
434
432
443
463
455
455
459
459
452
452
489
500
502
495
493
495
487
490
492
513
508
505
509
496
503
511
495
510
507
508
510
491
494
496
499
502
500
494
491
496
496
502
501
507
490
496
494
494
493
490
474
476
470
471
461
464
476
461
471
479
466
475
474
483
468
470
461
468
467
477
477
464
481
475
458
448
439
455
449
443
463
469
442
421
423
419
414
421
439
407
405
457
579
629
607
593
621
620
599
606
621
586
508
477
477
477
503
559
594
603
595
589
582
599
615
568
470
424
417
406
372
367
385
371
343
418
549
616
589
579
588
584
592
628
664
649
625
655
657
630
592
576
584
555
515
487
499
491
498
520
526
524
532
535
526
529
524
532
528
525
530
537
523
520
525
522
518
529
526
518
539
544
525
522
522
537
523
517
535
522
529
523
528
522
517
524
536
526
524
534
528
523
523
528
523
520
530
542
522
528
551
539
499
555
566
415
140
