547
521
487
513
530
496
515
587
601
573
591
612
564
475
420
430
449
446
455
450
443
444
434
440
495
583
633
617
573
549
539
525
547
545
536
521
553
584
596
591
595
598
574
566
571
570
572
577
585
567
569
582
627
659
665
627
589
530
528
553
533
537
544
551
553
543
551
547
502
498
508
507
503
501
517
499
498
510
508
489
514
508
501
495
519
516
506
506
509
506
507
503
508
507
496
516
503
500
500
510
510
501
522
516
480
456
447
450
444
452
456
461
456
468
463
452
461
481
464
445
500
623
675
650
641
668
652
632
647
670
606
496
421
417
443
440
425
419
461
528
559
571
537
580
608
625
611
612
596
545
512
512
542
534
512
521
566
633
681
674
648
662
671
637
598
579
586
581
573
584
594
582
583
598
573
555
552
556
551
554
559
561
556
564
548
554
551
558
558
546
562
609
624
620
619
604
572
543
525
537
534
534
533
539
542
537
545
499
478
481
485
489
484
489
492
481
479
484
483
481
478
459
456
465
454
461
464
470
473
463
465
449
459
459
464
459
455
458
454
462
467
447
474
454
479
489
478
474
458
498
562
583
588
574
569
601
621
643
645
632
624
638
634
632
640
630
636
637
620
612
632
642
605
550
519
532
546
545
529
504
490
498
507
505
501
497
507
501
493
485
486
483
480
483
481
482
483
487
473
487
476
478
489
467
460
469
455
459
459
462
454
451
458
436
440
429
438
443
441
441
450
436
413
407
410
415
406
387
396
400
382
382
405
386
373
423
509
532
524
506
518
501
494
532
588
633
636
626
630
626
618
635
598
561
522
530
537
524
532
540
531
512
501
466
485
491
521
526
532
517
523
538
526
526
540
528
524
531
522
538
530
518
518
531
526
528
532
529
527
524
522
538
536
525
536
526
512
521
533
520
513
528
558
525
502
538
572
426
133
