514
497
465
468
426
384
380
410
408
396
392
401
394
401
389
398
441
528
584
583
553
554
569
579
551
548
543
539
537
534
540
525
539
545
538
534
533
537
547
559
569
578
568
575
595
596
581
579
599
603
567
522
484
480
480
477
481
456
404
350
360
388
380
364
364
391
426
457
464
455
443
452
455
461
456
463
441
451
453
464
462
450
456
453
444
451
452
461
464
449
455
458
455
455
450
447
452
455
452
450
456
449
457
446
480
559
592
585
572
590
634
634
637
643
630
642
643
625
560
527
522
533
538
520
527
542
533
534
538
542
496
473
446
437
443
457
453
443
442
428
395
380
463
603
675
669
664
653
662
656
663
639
582
554
552
570
566
551
563
565
567
571
563
549
531
535
541
538
531
553
596
625
621
600
618
629
620
581
504
479
468
488
480
469
458
519
608
661
679
660
647
669
660
614
557
538
539
539
564
548
521
461
435
446
449
437
441
440
425
420
449
522
542
548
538
534
550
538
528
544
553
556
570
561
566
569
549
560
570
598
622
619
615
580
559
563
556
562
542
515
510
515
502
519
520
525
510
506
500
512
503
498
503
510
496
489
513
542
561
552
552
557
564
573
560
591
573
571
578
591
578
592
581
599
558
550
543
542
544
547
539
544
563
586
595
602
610
603
593
586
601
606
582
591
604
556
490
458
461
461
450
467
473
449
397
384
373
379
385
372
380
384
377
363
372
425
541
627
626
582
604
627
607
603
624
620
621
603
620
614
607
620
620
590
543
534
530
521
521
550
542
513
473
441
451
460
449
453
460
480
510
528
525
526
524
525
528
523
536
525
528
536
528
517
535
532
525
532
537
527
521
532
532
518
511
541
549
515
517
541
525
507
547
573
408
131
