614
587
530
555
584
575
551
572
590
580
595
602
598
594
594
606
599
577
592
593
577
586
595
601
562
523
481
488
496
495
489
498
495
501
493
507
487
458
440
455
464
446
452
470
449
456
456
452
455
462
457
459
447
441
462
457
459
464
490
477
474
472
479
481
471
467
468
464
470
470
458
464
469
455
419
419
413
420
427
425
424
407
358
338
340
366
361
353
357
374
437
468
456
429
450
485
445
434
489
588
635
619
612
627
622
618
623
618
630
617
622
617
622
631
621
619
618
616
617
618
600
588
599
596
584
594
602
574
527
500
503
511
513
514
497
463
447
448
467
457
457
456
466
455
450
443
438
429
433
440
435
421
428
424
425
427
416
427
432
415
425
430
419
397
397
399
394
398
402
398
391
452
557
618
612
592
611
611
606
606
627
588
528
498
511
512
509
509
498
513
529
530
544
534
532
561
549
522
536
555
578
582
603
599
564
522
489
495
497
506
503
497
499
489
490
482
502
498
483
475
520
570
613
615
606
579
518
493
489
502
499
483
490
494
482
457
434
438
455
448
445
438
459
472
477
478
477
481
481
465
445
462
474
458
459
459
456
467
448
419
417
412
413
421
408
401
394
401
405
399
415
400
419
404
412
462
485
477
471
467
476
470
465
476
463
470
468
471
464
464
461
469
461
474
466
462
482
483
460
456
502
566
603
583
575
565
584
588
574
590
606
622
629
614
621
622
627
611
562
526
525
525
491
447
445
477
471
430
434
418
400
388
457
562
630
621
616
615
594
532
491
505
503
513
549
575
575
553
559
571
559
553
536
534
534
522
534
525
517
522
528
525
518
521
527
525
526
530
527
531
530
522
527
529
528
525
520
527
534
534
534
523
526
530
525
523
530
525
514
523
527
530
528
518
526
522
530
532
524
521
530
541
531
514
529
549
527
501
558
583
415
118
