558
535
474
489
525
488
436
440
453
436
427
453
450
428
407
405
399
395
410
421
395
388
450
553
613
607
588
597
595
601
602
600
595
585
588
606
616
626
638
638
594
551
519
533
541
536
514
529
566
625
664
687
671
631
584
555
560
554
574
571
568
568
559
567
555
561
582
595
611
625
612
597
564
527
513
546
614
668
614
555
516
526
530
526
528
516
487
474
473
475
484
473
475
487
476
496
504
479
492
489
508
489
496
514
551
576
560
564
570
568
562
554
571
572
560
548
555
563
538
547
552
543
540
564
588
617
599
603
605
580
517
481
482
501
490
488
486
489
489
488
509
507
523
519
513
520
521
509
540
587
606
613
601
598
600
607
597
609
612
607
602
611
608
609
608
605
596
601
606
605
596
595
606
613
573
493
453
456
490
477
460
468
474
465
428
425
451
425
416
464
549
616
590
553
540
540
538
537
534
536
544
540
537
538
539
532
535
540
562
565
574
567
558
571
578
531
469
440
453
450
439
443
462
453
432
488
570
620
601
609
621
628
622
622
624
608
621
625
580
516
465
467
496
482
465
470
485
467
483
485
483
463
479
488
469
482
479
488
487
477
486
489
464
442
457
465
449
460
471
437
424
508
630
707
696
671
697
710
680
621
588
601
613
606
594
618
618
588
545
503
513
524
533
499
510
517
517
513
510
510
518
508
503
512
517
479
463
444
450
445
451
456
453
462
452
448
458
455
460
455
450
452
462
470
485
482
482
474
471
479
461
450
441
451
442
397
385
398
394
378
394
446
474
465
451
466
459
434
479
555
606
583
574
586
586
581
569
546
524
525
536
529
521
531
526
527
521
540
545
529
519
537
530
535
518
527
526
526
535
527
520
521
515
523
528
538
526
519
521
529
525
516
531
541
531
521
535
525
527
536
542
523
518
542
522
513
523
549
529
496
537
575
411
124
