647
613
554
595
596
525
501
536
542
519
513
525
529
519
526
527
520
524
521
518
536
586
617
612
593
595
605
599
587
577
601
587
564
538
506
504
516
518
509
500
508
493
453
439
455
457
450
457
449
448
450
449
447
441
453
473
462
471
477
472
480
457
468
459
463
468
467
470
472
445
460
423
451
447
446
426
444
440
429
400
403
398
403
415
409
406
385
419
473
477
472
473
488
474
450
513
605
664
654
636
630
656
639
605
563
520
524
527
522
520
531
520
472
462
463
479
465
463
470
482
473
476
486
489
480
481
461
472
499
541
573
558
555
564
569
562
551
576
594
608
606
598
589
606
606
609
603
601
612
614
608
611
628
590
519
485
499
504
498
503
516
471
389
341
356
365
358
354
359
382
371
399
395
380
374
463
585
688
690
643
600
584
581
576
583
582
577
560
566
565
560
554
574
561
542
544
555
583
622
616
602
604
620
620
611
612
616
627
584
549
528
532
529
531
532
549
553
526
518
519
531
519
519
521
522
546
572
573
553
547
573
564
565
571
583
600
590
582
599
601
547
492
439
448
452
453
442
450
441
430
452
466
485
484
487
491
476
500
548
573
565
559
558
559
576
581
560
545
524
538
535
543
560
599
628
618
614
631
611
623
620
620
609
603
605
601
611
612
586
540
514
527
547
530
525
527
539
505
487
478
487
490
487
480
486
482
500
464
463
456
470
461
465
456
441
430
436
449
436
433
426
429
412
401
401
414
404
400
399
423
486
533
533
514
525
528
540
528
531
538
520
522
539
534
520
524
536
533
520
522
519
516
530
538
530
523
528
531
530
518
517
528
517
515
538
530
509
514
549
529
501
542
567
411
135
