642
610
554
585
624
572
523
519
520
524
503
523
518
515
521
539
561
584
590
569
547
542
542
557
533
525
557
597
621
611
610
613
607
621
620
614
596
537
484
478
514
502
491
523
595
620
603
594
629
619
578
501
448
455
472
464
466
473
472
430
412
418
439
410
397
458
589
645
631
629
631
633
606
614
633
591
505
464
475
485
479
478
481
466
445
411
409
476
586
640
617
600
619
625
594
586
587
598
584
595
603
575
537
523
523
526
527
524
521
512
546
631
664
659
649
620
587
534
540
562
560
548
542
563
546
512
517
516
518
507
504
521
496
492
489
488
488
467
455
445
474
470
482
465
480
482
466
464
494
504
514
511
501
519
503
488
524
570
596
587
596
586
607
598
585
590
593
594
606
584
598
605
589
592
554
503
458
455
454
451
447
464
456
449
435
431
432
428
438
426
423
428
415
437
420
446
433
429
424
435
436
430
431
451
437
431
435
432
419
425
484
586
614
614
621
619
607
615
629
589
481
442
444
447
448
443
442
428
465
553
604
584
574
591
611
580
579
606
640
637
658
645
624
593
579
555
487
439
448
454
444
451
464
468
454
453
408
371
370
393
371
356
419
566
642
622
603
622
623
603
591
613
603
594
610
618
600
608
611
610
579
563
534
522
507
485
496
488
495
492
493
483
488
502
525
536
530
520
526
545
530
524
529
534
539
519
528
539
516
520
539
516
519
528
540
527
529
531
539
511
523
545
525
497
549
574
417
125
