669
638
569
591
637
599
591
617
628
574
492
450
447
457
456
447
460
449
457
438
427
411
401
429
426
394
391
471
595
685
667
664
658
673
659
656
633
596
541
552
568
567
544
555
568
555
554
556
548
544
536
549
544
540
546
544
536
547
553
544
540
540
549
574
595
595
597
597
596
590
592
591
598
586
579
607
611
564
492
457
451
480
462
449
435
433
427
431
430
451
427
415
459
567
636
621
597
605
624
606
609
623
584
509
462
486
502
467
456
492
493
457
415
402
401
391
401
409
392
428
477
531
522
499
505
523
506
489
532
590
616
610
598
594
610
613
572
522
494
499
513
517
491
507
525
506
452
443
462
454
455
449
444
434
418
430
429
432
423
431
442
433
432
406
393
387
430
451
481
466
469
469
479
477
486
532
543
536
518
535
533
518
521
522
539
572
591
601
597
606
593
591
598
588
603
598
594
593
588
584
592
582
601
588
571
557
557
554
557
564
567
567
546
520
508
512
519
521
513
515
503
506
543
596
637
626
610
622
638
626
614
630
638
584
506
469
461
474
467
471
468
457
467
487
471
455
494
563
604
600
590
582
616
595
597
603
600
594
593
600
609
591
546
519
522
527
525
539
546
562
557
541
546
553
557
554
560
561
591
628
628
571
510
463
476
473
478
479
468
477
484
477
459
504
582
615
610
607
604
609
590
603
603
566
501
503
496
493
493
497
506
489
506
510
523
515
503
531
517
505
543
628
658
661
638
658
674
651
643
653
659
656
659
651
663
639
615
581
589
605
581
547
537
550
545
538
544
557
553
529
502
490
475
490
492
479
463
510
513
531
527
527
514
529
533
536
530
537
535
541
523
521
525
527
523
532
538
516
527
533
537
533
525
533
535
515
530
534
522
520
541
535
510
528
550
531
503
546
568
411
132
