649
614
561
597
613
596
553
539
529
502
520
545
561
580
584
577
565
568
585
564
571
578
582
540
527
546
545
538
524
549
552
528
548
552
530
525
562
603
617
611
618
585
531
501
491
516
515
503
495
526
572
620
618
593
614
608
611
616
620
618
607
629
625
584
495
453
485
471
460
468
486
459
438
421
425
424
416
432
423
400
471
576
636
623
613
621
644
619
618
630
624
618
623
629
617
606
619
618
612
600
630
621
616
615
622
604
618
615
637
622
611
632
625
622
600
619
641
588
512
483
474
489
481
487
496
470
446
421
414
425
444
415
407
473
565
623
626
612
610
594
585
586
576
538
512
519
522
518
528
521
523
510
557
590
579
535
528
544
551
540
538
526
509
511
523
515
513
523
505
491
488
488
495
474
457
456
470
459
465
470
483
465
466
472
473
498
512
510
512
513
515
507
501
517
531
571
601
584
591
586
601
598
579
596
607
591
594
612
611
600
600
601
584
544
533
523
510
462
439
444
457
456
453
450
430
431
426
421
437
424
427
427
425
430
422
439
428
427
429
456
430
416
472
583
632
609
597
618
581
477
422
446
442
423
471
558
597
585
570
591
585
597
623
658
647
629
648
644
638
630
658
626
588
560
587
590
572
580
593
558
475
455
449
460
459
451
478
454
446
457
459
453
460
479
445
387
386
390
377
358
432
562
636
620
602
607
617
605
606
607
609
605
592
550
514
522
529
516
483
485
506
492
486
497
504
496
485
492
497
510
529
539
532
518
529
531
523
526
527
523
524
544
528
518
520
534
529
520
531
545
527
521
538
524
520
527
551
519
489
535
574
413
129
