686
668
603
635
660
648
592
563
523
517
531
511
489
470
497
492
468
439
431
423
432
427
427
422
433
455
456
460
463
464
469
459
467
466
464
460
454
462
472
532
582
579
558
560
572
575
552
567
561
571
595
610
619
576
523
504
491
507
499
498
499
504
486
483
476
482
466
483
480
473
473
481
484
468
470
487
474
469
486
474
466
463
504
565
597
589
587
585
606
593
587
576
561
571
561
566
575
562
560
561
561
554
546
555
557
547
555
563
595
603
620
628
579
522
478
479
499
480
480
489
496
493
486
489
495
490
497
500
484
517
555
597
581
574
570
590
589
555
510
480
477
481
491
488
481
475
487
508
515
519
517
523
512
508
543
573
608
620
605
581
613
604
563
517
476
484
485
493
488
479
496
465
460
465
462
462
452
481
525
549
535
531
521
539
519
557
616
663
667
648
653
657
641
572
543
549
551
549
550
539
564
600
617
598
587
611
606
596
608
617
569
521
480
484
496
491
477
483
479
481
485
476
464
495
496
482
458
504
572
610
599
600
574
531
514
513
510
503
504
521
500
451
427
453
460
446
407
397
408
402
404
400
392
397
415
436
431
439
439
434
439
437
442
451
455
445
441
436
436
442
437
446
445
444
389
369
380
393
390
388
397
389
382
384
401
389
381
390
386
370
385
391
375
365
446
609
683
657
633
645
667
660
622
612
591
577
590
610
594
580
601
603
563
483
458
471
480
473
458
482
472
450
436
411
404
414
418
409
401
454
543
616
605
586
599
611
593
604
605
607
595
582
598
586
581
585
601
599
581
596
599
572
544
514
518
525
530
525
523
537
528
520
527
531
532
514
517
524
524
530
525
537
528
516
537
545
517
519
542
526
515
530
555
521
511
543
576
410
126
