504
465
423
449
467
431
415
443
438
415
416
437
398
381
447
556
610
593
584
595
601
605
599
564
531
520
541
538
520
555
591
606
607
610
615
614
611
593
542
511
529
541
534
529
536
538
518
486
487
478
488
491
500
484
496
495
482
458
450
455
461
445
451
474
461
458
449
452
456
435
443
444
453
438
481
564
624
622
596
584
617
602
596
601
605
575
495
480
482
499
472
481
511
479
463
529
652
709
689
675
684
706
671
616
583
592
596
605
556
491
457
463
475
479
461
470
482
469
455
440
435
415
439
440
417
416
479
562
610
598
589
574
596
597
594
602
597
603
604
592
588
587
593
573
536
511
523
528
520
524
527
522
517
534
564
578
573
568
580
579
579
588
606
617
618
607
616
602
607
601
596
530
481
463
542
644
698
691
675
668
689
691
673
680
682
686
676
684
692
685
684
679
703
652
603
570
584
581
578
564
570
573
574
580
587
558
511
491
486
488
497
479
483
512
547
565
561
553
564
562
561
565
569
559
583
579
569
585
582
595
581
575
579
594
567
521
483
488
516
497
479
480
537
643
703
703
654
566
548
567
569
554
559
562
547
506
470
473
481
472
468
481
471
466
478
479
469
459
530
631
692
691
681
684
686
669
678
684
679
679
660
611
576
588
595
599
583
600
611
568
477
444
454
461
438
468
475
431
388
363
366
371
382
361
360
411
502
563
558
528
569
578
577
571
578
583
562
579
599
597
594
602
596
597
595
605
590
540
509
523
539
523
518
534
537
516
478
455
448
475
509
532
529
523
521
527
532
529
528
528
539
536
520
535
522
531
520
540
523
520
539
539
512
517
522
519
507
523
555
530
500
544
574
417
129
