538
506
447
471
499
492
451
436
400
380
386
396
382
383
409
388
394
401
408
408
375
429
525
575
566
566
557
548
535
543
539
541
552
570
556
565
561
563
565
589
606
594
571
597
607
576
503
494
477
493
481
487
457
388
355
366
381
377
366
369
373
364
383
438
465
455
456
465
464
453
435
485
558
640
651
639
627
637
631
612
629
640
629
598
549
516
527
548
509
455
441
441
459
454
458
454
442
407
403
390
404
406
401
391
449
593
697
649
571
555
571
572
542
572
585
559
555
544
541
527
543
537
533
539
548
542
549
607
662
601
495
465
474
474
463
528
624
670
673
656
641
584
542
551
555
549
549
517
472
422
419
459
445
418
449
512
548
538
538
548
532
532
552
560
564
556
565
562
554
573
562
556
562
560
554
544
572
611
634
630
627
629
609
578
558
560
568
563
530
520
528
500
502
514
534
514
500
484
501
508
506
505
503
482
509
545
566
558
554
552
565
541
546
562
562
558
563
569
558
566
583
579
579
591
584
594
573
557
539
544
552
546
532
547
588
595
594
606
607
560
481
449
447
431
392
366
377
402
391
366
358
436
558
612
619
593
615
616
618
598
628
614
618
601
619
618
609
608
616
620
579
549
535
531
541
520
527
545
543
502
463
443
445
456
455
455
455
486
521
532
528
518
532
528
514
529
520
529
526
522
532
525
532
525
524
525
542
523
513
518
528
526
520
541
526
516
519
548
515
505
543
564
411
123
