657
628
586
612
614
550
500
524
544
524
520
534
527
505
500
488
492
488
492
487
483
490
481
469
452
463
465
457
463
464
463
473
440
427
413
406
412
413
407
407
404
408
414
409
394
393
397
381
385
376
399
385
400
388
386
387
408
461
489
494
479
476
482
509
558
587
595
589
614
630
594
518
492
505
511
504
516
517
490
474
469
468
467
472
459
464
455
464
474
497
504
503
492
502
487
490
504
497
487
493
497
473
459
437
450
450
452
448
443
455
457
466
472
488
478
484
471
534
600
656
658
620
565
533
523
519
530
534
540
545
541
540
530
537
534
535
527
534
528
542
508
507
495
495
496
495
488
495
502
495
464
434
405
404
426
422
410
400
409
414
375
382
443
612
683
681
642
641
664
654
624
615
599
566
520
478
484
492
506
474
416
382
390
409
406
417
439
431
419
435
439
426
410
471
572
624
616
609
595
613
615
604
586
545
521
511
533
565
580
570
536
529
537
525
517
568
664
675
678
676
703
676
609
605
615
594
532
513
514
535
519
516
521
531
520
513
524
516
524
527
532
523
518
529
514
499
460
438
441
461
466
473
491
485
478
462
510
589
639
633
609
605
632
638
596
540
511
515
525
520
511
519
509
542
586
622
612
606
615
628
576
525
491
500
499
502
496
504
503
504
494
478
451
449
460
457
453
448
462
504
522
542
525
534
534
531
533
522
526
543
531
538
532
530
526
536
532
539
530
527
525
515
527
527
529
527
532
529
532
526
527
530
513
535
527
528
524
528
533
511
522
544
523
516
535
528
516
519
556
527
501
545
575
413
125
