687
659
603
617
658
641
605
586
586
576
582
584
581
585
577
531
485
485
510
509
504
520
507
489
464
466
461
460
459
464
450
465
461
448
436
442
454
442
440
450
453
436
433
446
436
417
423
415
418
424
428
420
421
427
443
445
436
440
433
447
436
453
468
464
468
472
482
473
479
471
479
475
466
467
473
464
473
473
468
450
455
451
455
460
464
470
484
471
475
465
481
488
460
507
562
609
603
591
598
600
592
602
600
597
603
590
590
592
592
593
586
580
586
593
580
561
586
592
548
498
460
475
489
469
473
487
474
470
480
490
486
468
483
491
474
468
517
590
633
614
604
608
633
629
619
600
588
603
586
588
595
602
577
527
504
518
497
476
446
453
463
448
456
459
454
456
457
455
445
459
483
493
474
481
481
486
484
472
517
580
612
617
613
611
586
588
576
585
587
582
593
594
580
563
504
494
496
481
432
404
425
443
421
411
425
434
420
434
458
463
454
454
466
452
453
476
508
537
538
530
536
544
543
544
587
600
602
581
584
587
594
574
605
614
578
512
481
492
496
482
499
481
480
504
561
613
596
574
618
624
567
479
465
461
461
461
467
476
456
449
474
475
451
460
469
449
406
391
397
412
422
400
379
451
578
657
647
620
639
658
638
632
642
621
588
550
561
561
549
555
560
559
541
556
566
563
541
524
518
511
533
530
530
518
536
535
521
532
532
535
520
520
536
545
513
533
539
523
507
560
622
647
640
628
649
656
652
639
604
578
580
587
579
578
585
596
570
586
595
584
590
583
593
583
580
595
592
588
596
593
582
574
587
589
575
582
592
555
501
473
480
487
480
489
486
483
487
479
474
482
489
514
533
533
529
527
534
531
528
540
527
520
518
520
536
535
539
527
520
532
532
518
526
533
521
524
543
532
528
526
553
524
503
551
573
411
115
