653
627
574
565
547
513
505
525
526
507
519
530
514
511
522
524
514
516
515
515
538
559
586
571
552
579
595
575
570
557
543
524
560
555
533
524
564
600
617
623
632
618
620
622
617
613
616
625
594
530
499
506
506
507
503
507
503
523
578
627
613
594
617
629
576
494
465
461
476
473
468
482
486
474
464
465
481
468
475
480
479
466
472
460
465
473
475
466
475
478
468
479
480
466
435
408
419
437
418
408
474
584
644
636
616
630
642
624
612
620
617
617
613
623
614
614
616
615
621
607
621
626
618
625
626
627
618
612
641
621
634
618
612
622
619
636
617
618
610
625
615
620
628
616
611
621
636
578
505
485
471
455
476
565
627
620
602
601
623
610
618
613
608
585
595
595
594
602
594
576
537
515
515
532
539
512
516
558
610
653
647
636
633
648
657
614
569
536
550
557
555
549
538
547
550
547
555
548
547
525
508
504
511
515
508
506
490
480
486
482
481
475
484
482
473
462
467
471
471
452
465
457
461
456
469
466
467
484
470
460
471
468
470
476
490
515
523
512
493
533
569
602
605
577
579
601
603
585
539
530
527
521
522
514
527
507
470
447
454
462
458
442
456
459
450
423
419
418
425
432
428
444
435
432
436
442
421
422
438
436
421
417
470
565
614
616
601
608
615
626
579
484
431
438
449
433
430
463
561
604
588
578
600
641
639
633
642
640
642
645
640
638
626
654
644
624
590
580
578
584
571
574
586
598
558
483
443
462
474
464
448
469
471
452
445
408
366
360
437
557
612
618
594
606
603
601
600
608
614
592
534
523
525
525
531
531
531
508
500
493
484
496
494
484
488
492
492
495
486
489
501
489
481
494
515
547
535
529
533
527
530
519
537
542
526
516
531
531
523
529
533
513
525
526
529
518
520
539
535
515
535
534
521
517
526
538
522
525
547
519
502
546
585
414
126
