568
547
488
510
546
528
503
483
453
433
454
462
449
444
449
469
456
459
475
477
457
461
474
458
437
420
392
348
358
382
375
346
340
381
390
409
422
410
404
397
412
408
394
412
423
394
376
469
627
714
693
666
665
684
690
682
639
592
574
550
586
578
568
558
580
620
622
615
622
638
598
510
479
482
462
401
357
371
382
375
345
362
416
508
554
556
529
549
545
549
529
522
520
521
517
511
521
525
534
543
556
530
539
539
540
551
599
616
611
604
620
619
623
623
607
578
556
574
579
583
569
568
566
570
562
563
567
559
568
570
557
563
566
570
554
564
546
560
564
564
575
611
637
626
627
629
644
618
542
521
526
530
525
502
502
489
502
511
489
493
489
499
492
487
529
562
587
561
562
572
567
558
593
628
637
631
631
625
627
642
624
587
561
576
575
558
568
567
570
572
584
608
644
639
615
577
534
543
548
542
540
525
523
518
513
517
514
525
516
499
496
489
467
481
489
481
482
484
481
481
463
455
439
460
452
459
460
451
445
435
440
424
423
416
430
408
407
470
573
625
611
591
618
631
625
604
626
620
610
606
623
623
605
625
617
596
526
510
511
516
512
527
525
502
442
420
427
444
431
434
436
426
414
421
422
425
424
422
424
427
421
432
430
423
422
424
440
420
420
420
432
435
426
425
427
425
434
437
453
446
443
443
451
416
378
366
364
361
357
370
360
353
406
509
583
583
554
557
593
623
626
642
625
634
625
641
626
596
596
607
589
601
596
603
604
607
588
535
515
517
527
513
514
520
523
521
511
540
537
519
536
530
522
508
515
530
523
519
524
520
524
536
532
522
510
525
529
519
531
538
529
518
528
532
518
515
531
528
523
521
527
533
526
535
536
514
520
538
529
515
529
548
520
500
548
573
417
128
