624
584
532
561
601
566
556
586
599
610
599
583
527
468
488
493
483
467
484
475
453
450
465
464
446
448
482
551
562
572
574
557
569
578
565
561
581
631
637
627
645
637
607
551
530
527
543
538
536
534
519
473
442
444
455
455
454
450
451
441
456
467
493
495
499
493
500
503
486
477
518
590
622
622
613
607
608
617
608
609
579
559
562
572
553
561
569
567
553
560
567
548
544
560
551
551
559
568
597
592
609
597
588
609
609
578
517
489
492
478
443
411
417
436
421
419
438
470
479
474
481
474
490
495
477
473
520
557
565
565
561
535
489
476
456
484
475
473
491
486
484
460
468
469
470
471
464
469
495
544
575
552
536
550
601
599
572
526
493
491
491
492
472
494
500
492
485
507
557
586
571
568
598
606
554
477
423
435
447
462
464
497
498
491
474
503
482
486
485
479
485
482
492
494
501
487
487
494
493
483
486
510
485
485
500
560
573
571
566
565
562
545
563
584
581
595
594
597
577
597
597
564
504
479
482
493
476
457
470
476
457
471
473
482
482
467
478
490
525
551
546
540
549
556
551
547
553
597
604
593
597
617
604
564
514
488
493
506
499
489
485
484
512
564
583
590
571
570
589
589
540
463
418
435
443
440
436
442
439
442
474
490
482
469
479
490
474
467
502
551
574
571
563
570
580
581
560
579
581
589
553
489
445
450
462
475
457
463
463
472
467
470
476
463
456
503
552
597
595
577
572
593
584
575
535
531
512
531
533
513
524
536
522
523
529
525
527
529
529
513
514
524
541
535
521
526
522
521
530
525
523
517
522
516
533
524
536
533
526
519
535
524
522
528
535
524
512
539
533
512
517
547
530
501
548
574
406
121
