659
619
568
595
616
591
578
600
622
607
602
604
613
605
565
485
430
447
458
462
450
458
450
424
457
455
436
405
409
394
377
471
609
676
663
644
670
639
582
543
558
562
548
553
545
541
543
542
540
547
569
553
503
451
454
471
457
446
469
451
468
461
450
432
427
431
429
430
436
418
421
471
573
624
607
593
621
592
504
444
480
490
470
469
482
479
467
474
485
476
473
492
494
477
480
497
484
476
487
490
480
461
435
411
405
407
404
390
405
414
407
386
414
487
515
504
510
513
515
537
588
616
620
609
615
589
526
505
501
527
503
489
470
448
424
413
405
400
394
400
388
393
413
450
490
469
460
473
476
474
485
520
546
531
527
540
547
550
535
534
527
512
520
515
518
516
527
578
614
599
598
601
606
590
593
589
599
588
590
581
597
594
588
564
554
561
549
564
557
536
503
502
524
524
502
501
543
596
619
634
633
593
512
465
465
489
481
452
460
483
472
472
466
469
467
461
485
477
477
475
479
463
460
478
472
471
473
490
464
460
477
485
473
470
468
471
475
487
491
466
456
513
569
608
599
589
598
608
601
591
581
540
519
522
529
529
517
516
539
550
559
554
548
540
547
560
563
584
607
601
590
594
615
611
568
509
472
458
468
507
563
604
619
590
592
607
603
591
595
594
594
593
608
608
569
533
493
494
504
496
486
490
499
507
513
513
551
630
673
660
639
655
652
646
594
596
604
582
589
600
592
584
543
548
562
549
534
546
549
524
512
476
479
482
491
496
522
534
541
515
527
529
527
519
542
533
525
525
529
532
513
517
553
533
518
535
533
518
524
541
528
510
518
544
521
497
560
576
410
124
