651
644
581
591
577
515
515
545
552
519
492
506
491
492
495
495
491
469
476
453
452
448
469
471
468
457
474
461
439
425
406
407
412
404
411
407
416
417
401
385
381
399
383
375
371
405
461
502
496
476
495
506
478
480
513
562
587
566
562
574
580
581
596
599
623
628
587
545
504
496
503
496
502
511
508
490
472
467
465
464
457
462
460
474
488
499
491
486
498
503
492
492
497
493
495
478
449
447
440
458
456
437
441
463
469
471
485
499
484
467
530
618
665
637
626
630
626
561
519
530
533
521
528
531
539
496
478
479
514
479
478
499
509
458
424
418
419
405
401
394
396
377
391
408
390
363
447
586
681
660
621
660
668
640
601
580
582
580
592
575
515
475
491
512
485
486
493
478
409
390
391
401
400
396
393
402
412
430
434
412
419
432
439
407
423
477
551
558
533
516
536
544
532
511
544
566
558
569
577
567
577
576
568
564
536
530
552
535
524
537
542
524
506
564
651
702
684
676
674
681
682
666
629
587
602
599
592
596
604
600
606
590
539
500
520
550
520
518
531
539
512
458
432
459
454
446
441
462
474
487
486
470
487
493
477
470
518
590
630
612
611
636
634
624
621
633
602
542
508
506
532
528
516
508
548
597
620
623
611
622
620
630
612
620
620
641
584
534
479
485
507
501
493
499
507
492
460
461
471
470
458
461
461
460
456
460
453
447
443
449
452
449
466
515
541
531
527
530
529
539
530
530
525
527
519
537
527
519
528
527
525
514
543
518
523
535
530
524
525
536
541
530
537
540
523
509
519
543
537
502
551
568
413
127
