619
584
530
565
588
562
539
612
644
615
617
647
635
582
532
523
514
518
525
534
492
419
385
393
407
405
384
400
403
395
398
404
404
395
396
407
403
400
401
401
412
417
428
429
415
423
422
415
392
411
446
413
385
489
630
708
697
674
674
684
671
673
663
613
588
596
595
590
586
578
585
585
604
560
504
481
486
477
489
484
496
478
412
383
393
399
393
389
405
388
397
428
470
500
494
478
509
540
570
562
564
574
569
554
535
536
539
534
530
533
533
546
577
586
589
585
578
594
593
587
579
567
588
627
663
657
644
654
640
642
647
630
561
524
527
533
531
520
519
489
453
453
470
485
442
444
500
506
509
531
582
592
593
595
620
575
510
478
476
479
486
475
487
483
505
504
501
501
498
500
496
494
491
492
495
496
513
542
576
557
556
543
529
511
504
526
523
502
506
512
519
502
509
544
604
639
634
621
621
645
652
643
628
625
631
625
597
572
535
540
553
552
556
538
553
546
548
548
552
551
552
561
535
521
499
512
517
495
459
433
442
432
439
445
439
429
443
461
439
424
495
633
692
627
572
579
620
612
552
527
485
501
506
500
490
491
505
509
495
462
455
454
461
457
458
464
444
432
426
429
415
431
419
416
368
347
360
351
352
350
350
356
350
377
412
432
436
423
430
417
463
572
645
643
608
623
637
622
612
635
645
606
541
508
516
521
505
517
517
519
492
485
451
466
467
470
462
454
463
467
465
467
476
477
486
487
485
487
477
479
481
481
474
492
521
522
519
524
525
523
529
523
530
529
537
527
527
527
532
529
525
540
520
533
526
535
528
529
524
529
518
524
531
523
519
521
533
537
516
532
526
519
523
547
525
510
554
568
408
131
