655
632
565
593
629
599
576
607
619
603
581
609
599
601
581
544
516
505
530
532
518
505
543
563
578
577
581
570
575
574
559
568
576
576
584
574
574
565
576
571
582
572
545
554
542
531
537
550
543
540
538
540
530
547
545
543
551
601
635
621
606
634
614
610
626
626
585
525
510
501
509
528
593
635
613
592
605
618
616
627
634
575
493
455
476
473
458
476
472
451
417
431
427
418
422
438
421
409
480
588
656
639
616
634
635
627
631
623
611
621
623
614
621
632
582
518
458
467
484
474
469
477
482
456
407
410
462
571
637
622
609
619
633
612
591
592
612
604
591
588
600
577
539
510
510
530
524
513
508
557
618
662
645
638
636
658
653
617
572
543
544
553
553
547
537
554
545
522
509
510
524
512
518
515
525
506
486
485
481
485
483
488
488
486
465
459
464
465
451
447
464
448
453
460
468
459
461
467
466
462
447
461
471
462
457
461
457
468
465
471
456
466
478
458
468
485
477
468
478
500
512
521
514
525
515
502
507
527
510
512
503
517
502
529
583
598
598
594
588
587
599
601
585
602
596
593
599
594
603
581
546
534
527
524
525
518
527
529
534
515
468
450
450
469
452
462
458
449
433
420
435
429
429
431
442
436
424
433
437
418
437
447
437
420
473
575
628
626
610
611
611
625
622
571
479
451
549
616
583
575
636
657
630
624
637
652
624
633
651
653
623
582
578
577
589
585
557
481
442
453
466
456
439
457
477
424
395
379
377
373
384
381
360
359
427
556
625
613
602
614
617
611
600
611
605
610
620
594
547
515
516
525
521
524
528
529
521
531
535
536
529
533
530
521
533
538
533
517
515
517
512
502
497
501
510
486
493
497
502
522
522
531
526
521
531
536
525
526
523
531
524
531
533
529
520
528
534
536
526
532
534
527
523
522
521
526
521
536
526
529
524
523
527
519
541
545
526
530
537
534
525
536
546
533
524
540
548
522
530
558
531
508
551
566
405
127
