523
498
461
492
497
485
477
479
422
372
388
401
384
383
414
414
385
388
424
400
394
454
547
564
563
547
572
567
566
563
567
541
536
545
538
542
545
560
566
565
563
570
572
564
564
570
564
573
557
568
559
559
560
579
570
604
602
569
509
474
479
490
491
472
490
504
449
377
356
377
371
369
364
372
355
387
433
459
452
459
451
451
445
452
440
462
454
455
442
446
490
556
590
590
588
596
587
606
612
629
563
518
516
536
535
532
529
546
540
502
471
445
448
436
449
449
450
455
456
453
441
450
455
442
434
411
393
388
403
413
377
386
462
601
673
672
634
657
683
675
628
584
556
559
555
543
535
545
531
543
541
544
538
534
551
583
626
615
602
606
622
629
585
501
452
469
480
478
459
478
488
479
460
525
623
678
656
642
666
671
647
667
675
643
574
536
540
560
547
541
555
529
459
419
428
435
434
433
439
437
418
458
510
556
545
531
537
545
534
537
559
572
562
565
564
554
557
576
616
627
614
625
624
578
546
556
564
554
549
555
561
522
500
518
517
521
515
510
520
510
518
527
513
499
522
526
522
505
496
501
516
515
498
491
495
514
543
563
550
544
546
560
536
542
542
558
547
558
555
557
557
569
563
563
572
578
580
576
584
550
548
544
553
553
540
546
545
565
580
602
606
578
581
601
600
562
485
449
460
470
445
449
470
472
445
396
375
376
400
358
351
435
568
632
616
599
617
616
606
601
615
606
611
617
616
606
608
615
608
611
615
607
607
611
619
609
606
616
612
601
557
528
534
529
527
527
528
539
538
511
474
453
453
462
464
453
449
455
469
501
546
530
517
522
537
538
530
544
528
515
516
528
521
509
541
533
515
518
528
536
525
528
553
522
499
550
573
411
135
