606
593
523
554
581
557
545
561
588
568
551
578
571
544
555
579
615
611
636
640
589
543
513
510
510
501
526
580
603
608
593
608
616
599
603
605
608
599
602
612
611
608
599
606
612
574
518
478
481
491
471
480
499
492
458
396
378
383
371
383
382
367
357
410
502
570
561
531
545
558
539
542
554
549
556
559
569
580
569
568
569
577
565
578
575
575
574
569
574
570
564
576
578
590
581
591
600
592
622
617
571
491
458
453
481
478
466
462
477
465
446
493
589
635
627
614
623
636
629
627
635
622
619
613
622
624
620
620
630
625
619
630
625
627
631
624
625
621
631
633
616
616
622
635
604
560
525
542
551
547
541
551
537
540
535
519
499
517
524
516
511
517
509
498
492
493
497
487
488
495
496
491
493
483
486
487
481
494
475
490
503
492
484
488
487
490
465
465
464
457
462
466
472
469
464
469
461
460
465
470
477
461
466
472
464
464
449
464
465
470
462
456
470
462
464
460
474
448
455
462
463
462
453
467
462
459
446
432
418
432
423
426
419
417
426
427
444
447
444
457
454
456
446
444
442
468
495
495
492
491
494
504
500
503
486
508
497
523
505
507
503
506
498
496
495
495
495
497
500
496
503
498
490
494
502
507
499
505
481
508
486
495
489
488
491
499
480
474
468
472
469
475
466
473
466
450
469
462
462
456
467
469
459
453
454
448
454
451
459
443
461
451
430
401
418
430
412
402
469
565
632
622
604
599
614
626
629
573
513
464
477
502
486
478
483
482
515
562
605
601
573
592
604
603
541
464
428
417
446
438
435
424
440
441
413
391
375
362
368
388
368
355
409
532
613
579
572
599
633
641
631
643
644
633
633
633
645
645
647
638
640
634
645
621
595
571
579
584
586
583
581
556
520
488
490
494
492
519
529
540
533
527
528
523
520
519
531
529
516
539
540
527
518
531
530
534
530
539
540
532
529
535
524
528
525
532
518
515
529
528
523
535
542
534
520
538
541
520
528
544
519
494
555
582
413
139
