611
580
529
550
565
544
546
557
562
545
561
570
552
551
560
553
563
556
583
611
640
639
595
525
491
511
521
510
504
500
491
520
589
607
617
591
611
602
594
606
618
596
597
610
580
514
473
477
488
490
476
478
466
388
353
379
392
356
352
424
503
556
544
548
560
553
550
540
544
566
572
572
564
576
569
565
569
571
585
569
567
568
578
586
584
595
590
586
589
589
593
578
601
619
562
508
458
463
459
471
471
466
448
494
591
638
622
618
623
639
626
613
638
631
595
564
532
543
544
542
546
529
505
524
526
507
492
486
497
495
502
498
492
488
497
492
486
486
478
484
485
486
462
461
467
461
465
468
458
469
475
471
466
461
435
425
426
429
422
439
429
429
442
446
462
449
448
455
485
508
501
503
506
493
491
496
513
505
505
519
504
511
501
494
507
498
493
488
498
495
491
500
486
488
492
498
487
494
493
501
492
482
471
463
481
468
467
471
477
484
464
459
471
468
478
474
462
470
472
468
477
459
441
445
442
441
443
450
453
413
406
419
408
421
421
415
413
403
415
420
408
400
465
561
639
626
600
611
631
637
585
513
488
491
478
457
505
564
606
584
579
595
569
463
415
439
448
431
417
439
419
374
365
384
376
355
420
543
595
582
568
585
590
578
579
633
640
638
639
634
651
637
647
636
616
591
570
578
579
565
566
585
584
554
509
473
500
494
490
490
492
487
488
494
498
507
492
519
525
530
529
532
543
520
519
532
525
527
528
545
533
526
536
535
529
524
536
539
521
522
547
532
517
534
519
526
509
523
528
521
537
560
519
500
560
570
404
131
