500
473
420
438
471
444
434
430
429
413
426
438
424
405
417
393
397
398
418
388
382
435
554
609
604
597
583
565
528
518
542
540
520
531
554
583
610
610
609
601
600
616
606
592
617
595
559
510
534
516
535
541
535
517
488
472
454
445
449
456
459
457
460
450
441
440
445
442
433
450
446
437
422
473
564
614
607
587
609
616
589
591
616
617
564
506
486
495
477
479
480
495
481
479
482
481
460
521
648
710
698
672
671
691
695
675
691
673
616
579
597
612
592
586
602
600
591
600
597
602
601
594
588
593
599
605
564
494
453
458
479
472
450
441
429
423
431
437
440
419
414
481
550
603
609
588
591
604
598
582
577
546
519
512
523
535
561
580
583
577
562
567
596
612
607
629
617
583
519
491
491
493
486
493
496
492
544
646
693
690
677
689
675
601
558
569
587
583
571
575
586
579
559
519
485
479
487
494
490
485
506
547
553
548
561
549
560
548
556
583
581
576
559
566
576
571
572
564
565
576
578
581
582
586
596
578
585
593
589
568
515
478
481
499
495
487
486
549
643
698
704
676
684
694
678
676
681
694
694
645
590
535
539
573
558
515
503
479
449
462
530
628
689
690
672
677
700
699
650
607
591
595
602
592
592
599
568
494
421
369
389
377
358
360
426
511
576
554
532
546
585
579
575
590
596
588
599
609
606
594
587
592
585
589
591
571
542
524
527
527
526
519
539
518
471
445
454
469
460
446
474
470
510
548
542
521
528
519
522
521
529
534
527
524
544
525
516
526
535
527
515
541
531
513
516
546
524
528
522
523
523
512
527
521
519
534
555
529
504
550
572
408
120
