607
590
535
551
588
609
612
622
624
620
591
537
504
504
527
489
423
390
392
416
405
393
398
409
404
406
417
432
398
397
479
617
697
694
671
671
706
689
664
623
597
597
606
601
586
577
581
576
570
578
599
561
503
467
489
493
479
486
494
460
422
382
381
410
395
400
391
413
471
495
486
485
486
485
495
490
490
482
500
556
582
561
546
530
535
531
537
529
536
537
580
593
587
573
593
581
572
564
583
575
564
568
592
612
655
656
632
644
656
620
557
530
541
543
534
525
549
517
476
458
452
463
457
476
508
510
508
502
516
504
505
523
513
519
513
523
513
503
522
508
495
519
513
510
503
546
581
604
606
595
571
521
472
478
488
495
489
485
489
520
555
574
563
554
557
570
572
559
523
520
526
520
518
506
516
526
521
514
515
516
503
507
526
513
506
533
615
649
637
624
634
643
621
564
554
531
551
554
543
513
496
507
507
502
503
517
483
448
428
435
447
436
436
440
442
448
451
443
442
450
452
458
449
445
450
456
456
443
432
509
640
710
695
672
681
706
674
618
583
589
602
592
604
613
576
526
492
497
505
503
489
505
507
486
479
463
463
445
443
419
416
428
418
432
405
377
338
357
358
360
352
347
354
364
345
338
375
411
436
433
423
426
429
431
430
430
434
431
415
407
460
575
646
638
610
620
632
629
591
540
506
500
521
506
512
510
516
512
517
507
512
493
486
468
455
452
462
479
491
481
484
475
489
491
483
483
475
477
478
467
482
494
498
522
525
526
536
530
529
530
519
525
531
529
524
515
528
540
533
531
527
530
537
534
527
528
537
534
525
526
534
528
519
542
539
510
510
537
536
520
528
548
518
499
549
578
421
126
