529
501
441
493
599
635
609
610
641
634
573
481
423
426
445
436
415
408
449
499
525
517
523
519
523
534
530
537
570
616
638
634
635
640
622
599
588
595
600
603
593
586
596
564
493
465
466
467
471
461
471
476
479
460
476
462
426
395
399
413
409
397
451
527
580
570
566
581
561
567
561
568
553
537
539
546
551
558
548
566
549
550
560
563
564
557
567
563
551
568
574
576
583
583
586
583
585
584
570
539
538
540
543
543
538
538
555
558
568
566
565
565
568
574
566
560
575
577
549
518
490
495
496
519
576
607
607
595
586
588
547
538
537
556
539
543
540
557
563
569
571
571
568
577
579
570
578
569
546
523
500
521
531
506
505
512
516
534
537
549
545
538
546
568
534
525
586
643
683
664
646
659
658
670
647
628
554
511
515
549
576
595
599
595
579
597
594
607
592
600
594
580
590
580
593
582
565
527
507
523
526
508
534
600
642
587
546
529
531
517
549
621
656
638
640
658
622
526
478
491
507
472
484
495
492
466
480
459
473
460
479
472
462
460
476
453
493
595
656
649
619
636
655
604
522
475
492
488
495
486
490
490
493
498
483
478
495
498
487
482
491
493
488
511
557
590
578
575
583
580
574
573
586
577
572
576
589
575
533
506
516
534
519
520
525
526
516
513
521
513
509
537
570
590
598
593
604
591
587
591
592
590
584
575
560
557
576
573
558
570
549
536
525
540
545
525
543
541
535
509
557
642
675
673
668
670
652
590
574
576
581
566
574
581
568
548
521
527
538
523
529
533
540
514
521
512
517
537
531
521
526
528
528
532
522
537
524
532
517
524
531
527
530
527
521
536
518
524
522
526
519
531
531
520
527
534
532
529
522
522
522
532
539
524
509
524
549
527
500
554
580
413
128
