582
558
530
605
645
610
595
624
626
609
607
620
590
546
529
540
528
546
522
536
536
573
592
578
576
579
575
581
589
558
513
471
487
508
487
431
421
428
422
429
432
423
430
417
433
476
490
492
478
494
483
489
480
483
530
556
541
546
547
542
533
545
558
546
545
545
536
504
504
508
507
495
504
518
492
500
528
606
648
635
609
596
636
658
584
486
448
450
454
457
480
558
599
571
566
567
591
573
564
586
615
623
628
628
626
622
614
624
633
608
585
570
568
569
572
566
573
574
568
579
596
594
583
587
596
587
568
566
562
556
568
563
551
525
500
511
527
524
514
510
527
595
613
622
604
603
615
619
608
623
588
532
502
526
531
500
447
415
428
440
429
435
426
427
433
435
429
443
440
412
433
438
432
425
471
554
637
615
584
615
612
569
501
458
471
488
490
471
464
484
493
482
476
518
598
634
633
625
631
635
608
561
528
523
534
547
528
478
461
470
475
475
458
476
476
435
418
427
415
424
433
433
426
425
435
433
447
444
438
453
446
446
440
439
447
459
477
475
482
478
478
469
447
455
455
458
442
460
462
454
446
444
433
427
435
449
425
421
475
569
625
605
612
621
588
511
474
480
513
486
474
473
491
491
487
488
490
490
469
424
377
400
406
394
400
400
412
425
437
448
438
444
453
456
432
430
492
592
646
647
617
626
635
646
612
551
511
502
499
499
489
494
498
498
484
499
531
545
533
538
548
522
534
529
529
524
531
534
527
520
524
542
516
522
521
526
533
515
527
539
527
513
528
531
514
518
532
528
510
524
537
529
525
533
533
517
523
540
528
502
539
566
415
114
