485
472
436
459
469
419
405
433
418
417
410
431
405
396
436
484
486
469
479
481
478
480
498
521
550
558
547
537
535
545
542
522
461
407
406
466
533
589
586
583
573
569
589
569
570
572
573
586
565
586
628
648
664
650
646
647
645
646
627
606
586
596
592
573
586
594
590
572
594
591
563
496
475
482
483
494
476
473
414
383
383
396
383
381
381
400
395
376
396
396
380
388
397
382
374
407
462
477
474
465
475
475
469
504
566
603
605
584
587
596
579
557
557
565
544
537
586
605
634
634
611
617
625
625
593
530
503
487
490
507
498
477
463
462
452
457
461
457
471
463
455
435
438
453
452
443
433
445
439
449
447
432
405
379
381
396
385
378
411
452
482
466
463
481
497
505
512
500
505
501
511
517
498
524
570
590
583
574
571
598
588
591
583
582
582
592
548
497
463
464
465
462
459
461
502
566
632
624
579
599
622
572
492
462
475
472
467
468
465
452
511
617
682
673
653
663
658
658
661
655
596
573
577
612
584
525
525
534
512
523
507
475
462
460
459
454
447
477
470
451
458
468
466
462
454
475
467
451
468
469
458
458
465
477
483
476
485
480
475
473
486
484
484
493
461
425
413
414
420
406
410
414
413
390
396
390
405
386
400
401
387
400
405
387
393
398
391
376
390
411
381
362
446
602
684
655
642
641
669
660
664
644
601
573
598
611
580
596
592
575
521
503
515
516
501
512
535
502
466
453
459
448
448
459
442
452
473
482
480
479
492
481
470
496
523
532
520
514
534
526
539
524
529
527
522
534
528
529
536
531
535
519
537
535
515
530
542
523
527
531
534
514
531
547
523
506
545
572
412
131
