579
561
490
513
573
594
610
625
596
537
533
553
542
521
548
582
585
577
581
584
561
507
462
470
492
499
489
482
495
486
486
476
486
478
437
411
425
441
425
412
442
476
498
483
479
492
493
487
477
508
539
551
550
541
551
559
542
537
504
501
501
507
520
496
497
523
494
494
526
615
627
624
621
633
590
481
430
445
471
449
452
482
461
437
466
555
589
574
571
583
593
571
572
596
617
614
625
619
622
627
623
615
620
633
629
628
633
627
635
627
633
624
616
601
560
570
579
586
578
589
594
593
592
591
600
589
563
561
563
558
562
559
569
564
547
529
511
513
523
521
515
530
587
623
622
605
613
620
611
601
615
586
535
526
525
518
512
526
551
504
445
419
425
433
440
425
433
425
426
433
432
425
438
447
428
431
473
571
623
616
583
589
622
610
573
513
468
476
484
469
467
482
486
479
465
483
471
480
472
476
476
493
491
479
484
495
487
482
513
587
654
636
631
642
640
640
646
638
618
562
518
530
536
520
530
542
539
509
482
460
475
474
472
483
470
462
437
420
423
435
425
428
437
446
440
429
447
441
432
455
489
479
469
469
476
468
450
448
455
450
447
458
454
445
435
431
421
444
444
433
413
459
572
639
594
492
467
497
489
494
484
493
452
418
378
391
387
400
392
407
452
454
437
436
451
443
418
487
591
646
624
626
651
612
539
492
506
523
518
515
529
519
505
513
513
507
506
518
523
502
513
513
514
507
509
518
506
494
492
496
498
484
501
524
539
527
522
532
535
532
527
527
543
536
526
533
525
517
540
521
525
516
531
534
533
526
543
519
515
527
525
512
524
537
526
515
533
534
516
521
541
528
511
523
547
528
494
546
568
421
131
