680
641
595
632
656
631
618
631
633
589
577
579
596
579
589
596
556
522
497
500
493
503
497
510
492
503
498
466
445
455
458
449
445
460
441
437
443
450
451
445
448
441
418
416
428
427
427
426
429
434
436
442
441
438
432
446
448
450
451
478
483
468
462
460
450
451
445
458
450
458
450
455
457
466
477
474
471
474
491
476
474
480
483
472
473
515
556
603
602
578
596
605
601
588
596
591
584
587
593
591
579
580
591
593
577
579
592
589
556
507
475
467
477
487
491
483
471
483
485
474
473
520
590
630
623
605
596
596
593
581
605
598
595
592
590
603
580
588
599
604
573
535
511
516
528
525
517
521
511
517
505
467
440
451
460
451
446
456
454
463
452
458
453
446
452
451
462
452
457
465
453
448
455
458
458
445
454
464
458
451
449
454
458
454
445
455
448
446
454
448
462
478
480
476
487
489
482
467
496
494
473
479
513
582
627
613
607
620
618
615
616
615
619
618
606
586
589
589
556
510
477
488
490
488
493
514
477
433
402
421
429
419
413
419
436
419
438
454
467
461
460
449
450
468
514
542
548
528
549
587
600
608
594
574
510
480
469
480
475
462
465
517
574
609
614
584
602
627
575
486
451
464
457
461
472
459
408
373
450
592
660
652
632
639
646
634
627
652
646
638
633
631
641
640
633
637
662
610
578
552
531
522
494
508
515
517
504
519
533
518
514
530
536
509
555
631
656
656
643
656
648
602
581
580
592
585
576
589
578
583
584
589
585
592
600
596
584
594
587
581
592
589
593
567
568
570
584
574
578
590
586
578
555
503
473
486
484
485
471
465
502
520
528
524
518
518
530
529
526
532
529
523
530
523
520
521
526
527
523
522
526
517
526
527
523
522
533
532
517
526
530
526
526
531
533
515
531
535
530
514
526
553
523
502
545
567
412
119
