645
625
570
593
607
601
590
593
611
585
590
583
540
503
510
534
521
501
522
538
576
606
605
590
610
603
604
589
585
581
591
586
583
596
600
568
530
493
516
521
500
446
445
453
455
440
457
458
444
432
458
473
471
458
459
460
478
472
443
431
428
433
409
398
416
410
398
421
468
473
461
506
601
659
651
626
641
642
628
645
653
625
625
650
669
601
554
532
515
483
456
456
486
470
478
470
470
479
475
458
497
536
567
574
555
554
562
551
563
591
614
609
600
604
614
604
606
616
622
599
612
614
609
571
529
496
468
399
349
351
368
357
351
364
401
397
408
412
409
409
396
398
394
399
400
400
408
380
390
412
398
368
393
410
378
389
459
597
683
678
650
658
669
673
664
656
612
575
593
595
590
575
563
567
565
568
575
564
562
555
558
538
543
550
557
539
530
565
596
626
603
622
615
599
551
518
533
540
531
532
535
541
512
527
549
536
529
515
520
518
531
547
593
576
560
568
576
558
563
572
581
579
598
602
586
567
592
610
558
489
446
458
454
462
478
485
494
484
482
490
504
543
578
571
565
572
573
557
545
520
527
541
542
537
521
557
601
629
628
614
624
627
611
613
602
603
600
600
603
610
607
587
540
524
513
529
541
532
531
536
518
524
528
534
520
529
516
533
512
520
542
539
521
540
517
528
493
471
483
480
486
490
490
480
478
493
484
474
487
486
483
486
483
477
479
479
470
478
468
467
454
465
473
475
460
465
459
471
461
458
459
441
431
445
434
443
441
429
426
396
386
428
506
543
533
527
521
523
522
520
532
538
520
533
527
529
525
533
522
526
520
540
526
530
534
544
526
532
529
532
511
518
551
530
518
551
570
409
128
