493
461
428
449
472
460
431
436
435
404
400
400
413
400
388
386
454
552
610
609
606
608
610
606
597
583
554
529
527
544
537
522
535
524
529
548
588
616
597
594
595
611
599
587
549
525
527
530
532
524
536
535
499
473
480
485
487
470
484
488
498
478
471
452
448
458
447
453
452
442
430
475
557
609
593
582
602
604
573
498
474
480
493
472
481
491
475
474
535
642
719
695
669
679
713
679
586
587
599
569
494
473
476
466
424
421
437
428
427
446
435
426
456
556
616
598
577
588
608
593
594
602
591
586
606
583
536
513
528
528
520
508
528
522
517
534
572
575
562
576
575
567
570
586
604
621
618
614
608
617
617
594
531
494
499
514
487
496
508
496
492
537
647
714
674
657
674
689
690
677
689
685
652
607
571
568
586
581
564
579
578
570
571
587
565
578
569
564
576
578
585
581
577
575
569
566
504
485
480
492
491
487
502
499
493
491
495
488
474
500
535
575
570
556
564
558
560
571
578
572
561
563
576
575
568
575
598
589
558
513
496
491
499
503
482
480
535
638
699
696
675
680
670
595
529
552
575
547
547
565
565
531
505
471
466
475
488
481
456
510
629
704
681
655
687
688
672
678
696
676
620
593
599
585
582
601
617
562
477
445
448
454
463
457
449
386
372
370
374
364
363
362
348
414
505
557
561
536
539
561
549
542
544
547
554
545
549
573
575
581
580
571
579
592
588
601
604
589
576
597
602
609
592
597
603
581
557
525
502
540
537
519
470
449
455
459
459
456
479
524
533
529
533
531
528
530
529
531
531
521
524
532
521
537
531
541
520
518
531
524
513
526
534
534
523
529
534
526
519
541
538
513
528
534
520
489
544
569
417
120
