620
589
543
561
596
576
554
568
581
576
590
608
598
598
602
600
595
604
600
609
595
617
593
598
611
577
510
480
471
495
486
475
485
494
472
463
460
461
459
460
457
455
489
546
576
572
553
560
575
565
558
587
624
641
639
626
636
638
612
556
534
523
553
534
525
538
549
515
472
449
457
454
460
456
492
504
490
502
505
495
481
531
581
610
618
599
601
618
612
593
582
575
555
565
569
561
555
553
558
546
536
554
596
591
587
602
610
568
515
482
487
494
476
495
493
476
447
414
417
433
426
414
417
428
424
469
498
494
477
479
483
490
476
478
507
552
572
579
558
553
567
576
554
502
470
477
483
477
472
472
472
461
470
474
473
470
493
543
554
559
550
546
548
550
573
573
615
600
577
502
474
486
498
491
511
568
581
564
593
606
556
476
428
440
458
431
443
478
492
467
484
494
483
488
496
490
465
498
548
581
575
565
575
581
563
545
556
556
546
542
568
554
551
543
555
594
589
597
585
586
574
603
578
566
515
486
476
474
458
460
462
469
478
471
469
494
540
567
543
555
551
559
550
567
572
586
599
604
595
605
607
573
513
488
485
499
510
559
586
582
570
589
595
552
465
428
453
448
445
440
449
438
441
435
439
429
445
441
437
436
445
441
437
439
440
446
444
447
433
436
436
432
432
438
444
433
441
437
452
472
487
484
492
471
472
505
560
582
586
570
570
574
588
587
554
493
451
454
465
467
453
463
482
468
459
471
481
457
454
490
562
592
580
574
577
580
562
545
517
537
535
525
525
526
528
526
527
539
522
514
528
538
523
520
540
531
525
515
525
526
530
527
540
524
520
537
529
528
511
537
529
517
527
552
520
494
549
576
407
126
