651
616
557
602
626
598
597
623
585
471
429
450
454
438
440
422
396
403
423
399
386
453
607
689
666
651
663
656
663
660
666
670
670
641
590
550
550
562
538
534
547
551
548
536
552
558
561
604
610
595
591
606
571
477
451
467
483
459
435
436
434
433
432
425
412
406
466
562
613
624
596
623
630
604
601
613
629
579
504
466
472
480
472
480
483
471
422
379
403
406
394
406
428
470
541
593
600
604
592
597
613
609
581
523
505
511
509
511
504
507
491
452
458
455
453
452
448
452
451
458
456
447
456
450
449
441
416
418
437
426
407
400
399
398
396
387
382
390
412
454
477
463
483
466
469
492
525
551
549
537
535
530
512
507
523
519
517
515
520
522
519
522
517
523
525
526
522
529
527
517
540
584
616
603
585
609
592
588
593
588
592
587
603
597
564
557
563
566
562
555
554
567
543
520
499
506
545
595
618
617
621
637
587
508
448
469
484
471
478
475
478
470
479
483
485
454
457
499
578
613
603
592
605
612
594
590
597
600
595
600
610
596
588
601
599
576
527
524
530
518
527
549
555
560
555
551
556
547
536
558
560
550
554
563
561
549
560
567
548
553
603
624
579
495
473
470
472
482
471
467
472
471
466
456
496
564
609
608
585
622
621
576
517
487
491
488
492
508
505
503
507
497
498
515
518
507
522
518
514
505
544
628
667
657
647
665
643
613
584
596
592
586
594
596
599
591
599
594
585
587
588
580
559
545
551
550
552
558
535
501
476
475
494
473
480
501
529
530
527
524
513
524
524
537
523
516
520
523
522
534
537
527
504
534
535
513
538
524
530
508
526
550
521
513
540
531
515
533
552
508
494
552
577
420
117
