649
619
562
593
615
589
582
597
594
590
589
600
572
530
527
520
528
522
526
517
534
589
607
617
602
598
613
595
605
611
609
596
591
599
613
596
598
598
598
590
587
587
588
591
587
585
585
568
528
512
494
461
442
439
457
450
440
450
451
453
446
447
451
455
466
474
464
460
472
472
469
463
470
461
444
428
448
435
434
439
418
400
398
415
404
403
434
468
482
461
472
489
468
458
529
603
650
648
599
546
527
522
527
546
529
524
531
515
477
469
469
463
464
475
469
474
475
475
461
472
473
463
476
493
536
559
564
553
566
562
557
570
606
623
603
604
611
619
577
524
495
499
515
506
497
503
498
496
501
506
506
504
506
495
489
504
505
502
496
497
515
497
491
504
511
519
494
511
505
489
499
516
473
385
352
351
360
363
354
367
364
356
387
404
384
405
411
379
372
463
617
698
680
652
678
665
594
580
592
597
568
570
567
564
584
571
568
550
572
577
553
535
549
546
539
551
597
617
612
620
629
621
607
621
624
600
548
521
529
524
527
523
525
548
552
555
552
544
550
556
551
553
545
535
513
505
522
518
501
516
526
511
510
533
547
566
576
557
555
581
572
574
568
575
596
588
569
594
604
553
471
431
441
460
450
435
456
484
491
485
487
488
490
474
509
548
580
562
565
569
564
539
539
537
536
534
529
538
524
529
558
604
630
621
614
624
621
612
618
614
593
597
593
612
613
594
609
600
578
542
522
520
527
510
490
481
473
465
458
456
454
468
459
454
439
440
433
441
441
431
436
437
450
437
404
394
401
409
393
394
444
501
542
533
512
526
536
519
514
538
532
521
532
538
524
524
527
526
518
514
537
537
525
529
541
536
507
533
554
530
480
546
581
416
116
