690
677
583
556
557
520
531
542
531
492
478
489
486
474
498
498
455
428
419
428
423
415
422
430
416
435
459
463
455
490
538
571
572
547
560
554
598
612
612
603
604
617
624
607
604
618
612
589
527
487
490
508
514
501
491
480
472
472
473
495
464
463
511
557
590
597
589
589
592
592
591
586
567
555
566
569
568
569
567
580
563
557
558
559
549
551
554
564
557
550
554
558
550
549
564
555
550
552
563
547
546
556
601
609
610
612
608
603
603
611
587
512
467
481
499
485
474
501
493
485
486
495
490
476
513
563
587
586
569
575
580
585
589
560
501
471
482
481
479
475
463
484
482
478
503
481
478
471
487
508
523
520
504
510
515
513
528
564
607
591
584
594
586
595
601
567
518
475
485
495
495
469
484
493
479
464
473
461
460
472
473
458
464
461
475
515
533
554
516
518
562
633
659
647
655
651
635
663
659
630
565
547
545
542
563
584
607
596
585
595
592
600
613
566
503
468
466
480
478
510
587
627
592
578
619
591
522
487
523
535
483
460
447
437
431
431
452
443
438
412
392
399
406
399
396
405
414
436
440
444
434
441
442
431
445
435
450
447
443
443
441
449
422
407
386
374
389
397
387
397
399
386
377
392
394
364
360
444
585
672
669
628
650
670
650
631
611
592
573
599
602
555
497
457
468
470
478
477
471
434
397
415
414
415
411
413
412
411
432
401
387
449
562
613
600
583
586
618
607
593
590
597
589
591
604
586
586
594
588
566
541
525
528
519
532
534
521
514
526
528
523
531
518
529
529
525
533
523
513
536
534
523
518
526
519
510
515
536
519
519
534
538
510
516
554
527
508
552
562
421
124
