642
633
569
605
615
599
577
601
606
579
581
611
615
579
585
599
612
592
598
593
589
592
602
611
604
589
601
607
586
543
516
516
533
520
518
525
522
527
512
535
523
532
532
541
524
523
530
587
612
617
603
606
596
584
581
601
594
595
579
585
589
567
529
502
503
514
528
506
505
503
517
508
503
511
521
504
464
439
443
442
467
452
448
464
466
474
478
470
474
475
477
455
449
448
430
440
451
431
420
407
403
401
396
433
455
476
477
463
471
470
510
602
668
654
623
635
658
611
542
512
525
538
517
523
535
542
516
480
469
464
474
475
470
468
465
465
474
482
483
485
474
476
486
475
475
477
474
465
476
481
463
475
474
473
478
478
473
479
479
468
477
483
481
462
500
535
564
561
560
573
554
570
595
616
611
607
609
615
607
606
617
620
581
524
487
476
516
504
498
493
518
515
461
394
350
353
356
366
359
350
376
395
390
384
400
419
381
372
463
603
686
693
648
640
614
567
566
606
588
577
581
587
585
581
583
560
554
572
571
563
549
549
538
539
544
560
537
542
555
597
631
603
606
614
620
605
627
634
608
546
527
520
528
519
531
528
531
541
530
530
519
530
524
552
545
554
552
558
554
538
523
520
512
511
533
547
572
565
566
566
567
576
577
580
592
600
580
580
589
602
561
486
431
448
458
442
437
447
444
450
447
466
492
479
479
470
486
490
486
485
510
539
570
572
560
553
551
534
522
532
550
537
528
559
613
629
626
617
624
623
615
617
617
601
603
606
611
613
598
603
590
551
515
528
513
532
518
501
485
483
484
477
479
490
491
490
478
489
494
487
489
473
489
491
479
494
472
483
484
488
499
482
475
494
483
484
488
486
486
486
490
486
491
479
484
478
477
472
457
464
468
463
458
466
444
435
430
432
414
395
405
404
404
403
403
434
488
538
537
517
530
531
522
514
530
539
534
526
530
536
531
519
536
531
532
527
532
521
519
540
530
527
525
522
541
532
540
530
514
519
540
553
529
534
538
531
515
525
552
526
500
543
571
417
136
