622
585
531
552
586
558
562
578
593
557
554
584
606
598
599
608
602
583
582
582
574
569
576
580
571
576
586
572
575
578
575
581
572
587
579
590
587
591
566
565
580
579
563
503
479
486
500
499
492
494
489
453
456
448
454
447
469
473
483
472
473
468
476
456
461
463
462
463
457
452
422
408
412
404
417
413
408
409
404
369
334
361
363
358
335
337
372
424
445
494
581
635
629
616
613
621
615
607
602
586
588
598
594
590
582
600
587
600
591
597
597
592
593
594
594
602
606
583
536
505
512
515
523
507
523
488
462
441
452
454
452
440
446
447
454
463
450
443
435
427
444
428
445
445
418
419
417
432
419
421
436
428
404
402
424
412
394
406
412
391
393
453
563
622
623
598
607
619
607
612
603
613
606
608
613
612
618
606
605
604
610
608
608
608
610
600
612
620
618
604
623
624
588
525
491
502
511
511
510
494
518
532
543
543
534
546
582
586
599
594
598
602
601
607
583
523
473
489
530
568
596
624
612
572
510
502
481
463
450
442
460
447
445
446
477
485
487
469
463
457
462
452
459
455
467
425
416
414
412
413
418
406
396
410
414
408
412
414
414
413
396
422
459
474
472
460
467
472
465
493
551
595
580
569
585
590
593
585
619
640
622
613
623
640
620
548
524
532
548
531
519
533
517
463
443
451
466
462
454
467
471
441
412
404
408
407
424
407
383
453
564
622
613
597
619
601
528
490
523
521
513
543
588
573
549
545
540
514
512
544
541
520
521
536
538
512
533
537
529
525
547
532
509
528
545
535
528
535
522
514
522
544
516
504
548
566
416
133
