627
588
540
567
595
568
538
570
585
553
566
586
587
568
571
582
593
601
611
603
607
594
594
579
572
581
582
567
586
590
555
496
472
500
486
499
488
486
487
487
486
471
442
450
450
446
458
455
449
444
474
485
491
468
475
480
466
466
469
475
450
420
397
409
410
409
415
415
414
413
418
407
413
424
409
413
420
428
401
371
355
338
345
355
353
340
330
374
419
446
498
580
647
628
612
609
622
620
600
616
607
590
586
581
594
597
602
580
539
499
498
517
520
488
462
440
450
439
451
456
455
468
456
462
462
474
460
464
429
425
439
449
431
427
412
438
428
436
417
427
421
415
409
430
422
419
420
418
403
389
399
413
402
398
425
404
389
396
417
394
387
446
565
613
610
602
619
594
520
488
516
509
506
490
508
511
531
559
550
549
536
553
539
526
536
535
536
534
545
553
533
546
585
605
593
584
600
609
584
594
596
593
564
529
483
484
500
497
497
477
515
584
614
610
591
577
517
481
488
501
495
488
499
503
499
478
457
436
436
450
450
453
432
438
454
472
485
474
452
452
457
448
461
447
461
464
450
414
409
397
415
400
401
404
404
395
408
398
413
423
460
486
476
444
490
569
619
632
616
623
624
614
625
637
601
553
521
506
482
453
445
465
458
447
447
470
463
444
420
410
395
412
432
396
382
442
556
640
619
591
604
614
591
530
489
522
557
568
582
571
575
564
572
573
561
535
520
519
522
525
540
533
531
529
532
529
534
524
533
531
526
527
518
540
516
514
527
541
519
515
533
523
519
521
550
512
491
553
579
411
121
