650
640
579
564
506
434
427
461
464
433
463
470
418
405
410
416
395
443
592
689
664
640
656
667
663
628
588
558
548
568
562
552
548
572
563
555
558
552
544
537
550
558
541
540
571
582
596
603
596
581
598
618
573
485
436
455
462
467
452
444
430
420
424
444
419
411
477
570
618
619
612
614
616
617
615
587
517
474
480
475
493
491
462
425
393
401
411
406
399
394
397
428
484
527
514
500
505
511
509
524
588
628
608
595
612
618
580
525
502
504
502
510
518
509
491
472
462
451
444
448
452
454
446
446
435
425
437
439
437
425
437
437
441
425
414
399
390
411
401
400
392
414
456
483
469
475
478
470
469
487
529
553
548
533
543
540
543
527
519
510
541
585
618
594
592
599
604
605
600
594
595
573
575
567
559
559
559
524
495
503
519
514
507
522
583
633
631
600
620
645
589
502
459
482
478
473
489
568
612
599
582
594
607
577
529
525
528
520
529
523
522
530
528
529
542
531
551
555
553
552
565
561
562
539
577
595
608
609
605
600
616
622
569
512
468
461
478
478
467
480
486
470
469
493
564
606
604
582
589
590
599
598
584
520
490
491
502
492
502
516
532
525
505
521
527
516
551
632
670
657
637
654
661
649
635
657
657
645
609
579
585
589
581
557
545
548
560
547
538
513
487
484
486
502
485
486
491
475
468
487
486
487
496
492
522
529
525
532
539
528
532
536
530
521
528
539
523
525
526
529
515
529
531
522
517
531
545
532
517
524
524
525
531
534
520
517
537
535
518
519
539
517
490
550
578
409
140
