682
643
586
626
649
605
561
573
582
569
566
590
574
571
574
584
555
516
506
500
500
510
504
499
508
494
495
452
455
462
463
444
459
458
440
429
440
450
425
430
418
433
428
432
457
455
436
438
439
441
439
447
472
474
480
480
479
473
457
458
454
459
451
443
460
456
459
457
456
460
452
450
463
448
455
460
469
479
474
482
482
457
499
571
607
598
577
591
596
602
592
605
603
586
591
603
594
587
587
587
576
589
597
555
502
465
472
483
481
470
479
470
490
487
484
485
492
477
475
511
585
631
625
608
617
629
620
615
632
624
612
629
624
604
587
591
604
598
596
601
599
597
602
607
598
589
597
585
538
503
512
524
519
509
524
519
496
471
462
457
452
463
458
447
464
491
476
466
523
605
624
591
575
584
588
583
588
562
512
477
486
495
496
483
506
482
436
410
419
422
418
437
443
466
459
450
453
478
515
546
547
531
539
548
538
531
542
541
526
543
540
540
519
533
539
531
532
568
582
590
591
602
565
514
472
465
494
495
469
465
507
559
621
616
568
498
453
446
465
481
468
466
482
460
417
387
380
422
381
386
458
594
669
658
615
612
651
645
617
567
553
551
557
552
568
564
541
532
510
512
507
507
510
503
531
544
517
526
565
628
648
653
641
663
632
591
578
583
592
586
584
571
587
585
589
575
587
587
559
497
478
482
476
487
476
478
490
506
517
533
535
519
529
533
529
527
533
526
535
527
517
534
530
535
525
536
533
518
528
525
527
519
536
524
534
535
538
532
523
529
546
513
494
558
575
417
131
