698
668
573
554
550
528
514
538
533
532
541
530
503
484
486
503
489
486
495
473
436
436
427
421
420
426
434
430
460
470
471
452
460
471
446
461
466
462
456
459
465
449
479
533
578
567
551
579
568
555
570
598
630
595
515
492
490
496
485
474
482
489
485
474
478
475
472
465
478
483
470
472
515
560
614
594
603
582
578
546
567
571
566
564
564
585
576
559
560
563
559
539
565
562
551
547
575
605
608
611
607
607
611
608
622
583
516
479
492
493
474
486
495
489
488
478
506
503
499
503
486
485
513
563
603
583
589
587
591
586
585
588
568
507
475
475
489
486
483
473
492
510
519
504
532
580
603
601
595
595
610
590
596
602
606
593
594
611
586
598
604
594
596
592
599
598
583
589
610
578
496
475
484
501
488
483
494
486
459
473
469
467
455
471
513
536
528
527
527
550
531
520
564
633
639
582
534
553
566
557
547
551
562
580
595
619
610
579
607
618
570
505
470
494
493
489
483
493
469
514
568
602
594
596
596
600
592
592
586
534
513
516
512
511
519
514
511
457
437
436
458
448
446
446
428
418
413
400
402
407
386
402
407
424
438
451
442
437
442
446
443
434
444
445
448
446
452
444
430
448
447
455
435
401
386
391
391
389
383
396
392
394
377
383
378
397
374
364
444
590
685
660
630
642
660
662
644
616
585
584
595
589
592
586
593
549
494
461
472
469
469
465
476
465
422
404
411
413
425
402
401
447
564
632
614
590
598
609
601
594
611
581
586
587
598
598
586
602
596
574
548
528
527
519
527
523
525
528
533
530
516
526
533
529
524
527
526
526
534
535
527
529
534
534
515
514
555
528
493
541
578
413
128
