660
629
576
595
615
599
599
583
502
430
436
475
433
403
405
404
378
463
613
672
669
640
644
671
664
634
591
559
546
558
559
555
563
570
562
541
553
549
536
538
550
539
534
549
596
610
601
597
611
576
489
450
455
470
465
448
457
465
448
441
445
439
421
439
453
426
417
470
574
626
619
597
601
625
612
585
513
474
471
481
485
476
468
486
486
498
463
426
385
382
429
481
510
518
502
504
512
503
494
511
591
622
583
527
493
501
508
507
501
513
518
508
491
466
445
453
458
452
442
448
440
455
447
449
453
459
452
442
441
433
430
434
423
425
435
428
425
398
395
394
392
426
451
477
472
459
460
485
479
465
479
491
531
551
551
553
536
535
529
514
520
526
539
512
511
540
574
602
598
595
587
608
612
608
587
573
589
593
594
592
572
548
550
582
562
510
495
533
507
505
536
590
629
617
626
653
597
501
459
478
481
469
504
576
617
600
593
595
611
592
590
600
592
586
602
595
593
605
578
552
511
520
531
529
543
563
556
557
548
546
561
549
547
556
561
583
593
609
583
598
607
614
552
497
456
468
480
468
470
482
473
471
502
576
617
575
502
488
497
501
487
491
508
506
510
529
522
493
550
621
669
659
644
659
667
627
605
597
590
588
608
603
585
554
545
546
542
541
551
555
531
507
504
478
484
494
476
484
488
497
517
534
541
523
529
531
520
528
515
530
528
521
529
526
533
515
527
530
515
515
539
538
511
533
544
522
501
556
574
411
130
