678
654
598
643
636
560
510
542
554
536
521
514
486
461
496
487
485
475
472
444
419
423
437
432
409
416
454
456
458
456
464
453
452
479
529
568
567
560
558
545
572
561
552
558
571
557
556
566
567
566
558
577
601
604
605
610
613
607
608
604
601
617
622
590
527
498
494
507
505
494
507
507
487
486
488
463
467
504
564
605
599
584
586
608
602
585
578
561
575
572
577
561
570
566
561
550
557
564
556
549
557
549
543
562
561
552
550
558
600
615
606
611
612
623
623
591
519
478
489
493
482
472
492
498
483
489
521
566
580
589
583
591
600
591
555
512
490
462
483
489
486
489
486
481
488
497
513
526
528
516
500
534
574
601
597
595
590
607
595
569
503
478
467
495
489
491
490
483
468
463
472
466
474
470
457
446
478
520
548
541
528
536
534
543
539
537
544
545
533
522
532
537
531
529
539
536
525
543
626
669
651
634
655
674
635
572
542
559
563
549
540
550
544
551
557
538
564
593
612
595
595
607
605
601
614
591
500
450
515
592
585
535
511
510
520
506
518
510
459
436
431
456
445
442
454
452
424
400
403
399
390
412
404
399
398
433
438
435
431
448
444
441
441
442
437
432
452
431
396
372
400
394
382
376
399
377
353
445
594
677
655
628
649
669
659
637
612
586
575
584
585
582
613
574
509
457
465
483
465
470
483
464
418
402
424
407
399
466
566
617
612
599
610
608
600
601
593
596
590
581
548
518
529
534
529
514
538
524
532
526
525
532
533
521
526
518
521
537
531
510
538
533
524
530
542
528
515
531
532
522
511
529
537
522
525
546
527
505
551
583
420
130
