682
653
593
626
664
638
590
597
585
574
582
595
579
563
578
574
513
479
511
503
496
501
511
495
473
455
453
452
469
463
464
464
456
450
452
458
455
464
444
444
450
447
433
445
443
433
430
412
435
417
413
418
430
429
427
430
437
440
439
450
442
453
444
446
462
467
481
477
463
462
463
451
453
459
474
472
464
502
566
605
609
595
597
603
604
604
594
584
593
592
599
580
589
561
507
472
477
493
478
480
495
474
473
515
591
628
625
613
622
627
605
619
617
614
598
602
598
598
598
606
575
535
516
493
461
446
448
453
455
446
448
465
476
493
478
486
508
590
630
616
605
613
623
620
596
587
578
574
589
581
579
578
582
589
577
568
584
577
571
593
587
554
508
484
491
498
487
496
502
464
433
420
430
419
420
419
417
427
417
447
460
456
456
459
479
524
545
547
526
528
554
585
605
597
598
589
586
592
592
615
594
597
593
602
578
511
456
469
522
574
607
614
592
594
616
612
562
501
459
464
479
482
469
464
468
478
474
469
468
462
476
465
466
472
465
487
473
466
461
468
500
486
453
419
380
385
411
405
386
387
461
585
667
654
632
627
641
640
638
640
646
628
635
647
647
631
634
646
624
567
546
555
558
555
550
574
564
537
518
511
513
510
514
512
501
510
513
505
521
508
509
508
521
509
499
512
518
519
513
516
525
507
517
511
506
527
522
520
512
522
525
531
532
528
538
521
527
536
539
518
535
522
519
536
536
530
529
556
629
663
652
650
653
647
647
661
641
596
581
575
585
595
585
579
592
596
589
591
592
581
575
585
586
578
574
583
577
561
493
484
489
482
485
480
477
476
480
507
537
529
525
536
531
540
523
519
529
530
523
525
537
526
526
532
531
521
539
526
527
527
538
539
531
525
520
515
521
541
532
517
523
542
527
513
537
528
514
519
555
525
503
550
571
419
133
