612
578
537
571
583
557
564
573
581
556
574
614
602
589
605
605
598
594
605
599
572
583
594
576
578
607
572
510
483
490
484
476
491
497
478
443
450
463
456
445
465
472
479
472
480
479
474
478
472
476
466
463
463
456
458
433
421
413
412
420
409
417
430
403
370
339
342
365
346
351
357
356
341
379
430
470
449
442
466
451
438
491
569
617
620
606
617
626
602
605
604
590
584
599
611
578
524
505
519
508
501
522
514
501
511
511
517
505
508
521
513
515
502
513
499
510
509
490
462
445
453
451
432
447
450
452
464
451
465
455
468
457
459
446
444
430
433
428
430
434
424
425
417
424
435
427
415
426
420
432
425
424
425
430
423
428
427
413
418
436
426
422
427
429
419
408
436
429
405
398
402
407
382
407
421
385
387
455
576
629
616
608
619
609
606
611
589
531
489
504
515
503
497
508
503
501
514
543
541
534
545
540
529
531
557
587
602
602
589
589
608
601
576
517
488
495
502
496
502
484
481
514
581
618
606
599
609
587
519
466
484
499
491
489
501
493
477
456
447
455
443
448
442
446
437
455
470
485
490
482
481
484
481
456
455
448
455
447
449
454
451
422
413
411
415
410
414
407
409
395
413
461
474
479
456
498
550
591
589
577
574
584
586
581
586
588
593
573
586
580
579
580
578
586
589
589
590
577
560
576
579
579
590
584
587
581
572
579
576
586
620
648
608
549
523
539
539
532
542
527
527
533
536
521
474
447
468
469
450
417
409
406
401
417
427
393
404
450
567
619
611
604
617
620
616
622
595
536
498
492
520
510
490
514
525
507
504
511
511
493
510
519
508
519
552
576
566
560
573
582
546
536
536
531
541
527
531
520
517
537
528
519
526
536
523
523
535
542
520
521
544
530
523
518
545
522
505
541
575
402
128
