572
523
514
518
526
471
436
463
465
450
446
452
450
449
456
464
459
456
456
468
462
455
438
435
434
447
426
379
354
361
359
361
356
355
360
397
409
394
414
419
402
373
454
624
701
692
670
667
612
557
557
590
568
559
606
636
619
611
623
620
603
630
602
512
463
492
508
453
397
372
372
363
412
508
568
552
535
536
550
536
544
557
552
536
535
530
508
514
527
522
503
517
531
526
537
562
617
623
626
610
620
611
599
614
611
615
605
606
621
608
583
557
560
564
570
567
563
565
575
571
562
569
559
553
561
558
556
550
565
571
569
548
577
626
609
545
517
530
530
531
527
533
539
545
517
502
504
497
491
502
494
493
486
514
547
582
577
561
577
570
565
583
614
644
627
616
624
619
630
626
634
614
581
567
571
577
571
559
555
563
562
585
610
642
640
636
641
608
566
542
536
563
550
544
542
551
544
545
513
505
501
521
517
519
512
510
503
474
471
491
487
475
485
493
479
473
452
450
443
445
456
461
425
425
428
424
414
422
422
416
415
460
568
632
617
600
609
630
626
582
528
510
502
515
508
504
513
495
446
401
421
438
432
420
419
431
437
433
440
428
420
423
432
445
449
418
379
353
359
373
361
359
366
372
378
355
364
372
366
372
383
376
361
365
368
372
358
367
374
354
345
413
524
590
568
564
568
580
568
587
621
646
631
623
632
634
617
635
624
604
582
590
593
603
594
601
587
539
513
530
523
524
520
536
540
518
536
521
536
523
528
528
525
527
521
530
529
543
530
531
523
526
527
530
532
532
531
516
531
546
521
514
538
539
520
522
551
513
506
546
576
404
126
