600
567
516
547
567
547
539
568
610
630
631
600
540
493
492
509
506
505
504
496
525
574
607
617
586
591
597
597
596
573
508
464
486
463
402
357
359
392
370
367
369
394
373
369
377
385
370
362
381
383
352
359
417
498
568
567
547
534
562
553
530
545
566
567
563
583
589
576
561
575
593
598
595
604
598
547
495
464
464
473
478
455
458
504
587
615
638
627
622
630
618
625
625
613
620
630
609
571
539
535
552
535
513
507
511
515
516
503
514
505
491
481
498
487
498
495
486
483
491
495
496
486
491
470
459
456
466
462
459
437
426
419
431
452
449
436
456
486
494
498
491
490
504
493
488
497
492
496
490
486
498
500
504
502
506
510
505
505
496
507
505
508
507
502
499
500
492
494
499
497
487
467
468
470
474
464
469
462
458
464
461
463
466
468
462
464
462
456
472
473
467
473
479
479
471
446
451
444
451
443
448
451
439
421
416
418
417
393
415
424
407
391
466
581
627
625
604
612
630
612
601
620
619
611
602
619
618
630
605
613
624
612
591
519
467
469
505
500
473
474
522
565
603
608
590
541
479
435
425
449
425
378
370
377
373
371
373
385
366
363
373
370
377
358
369
374
373
365
377
386
377
362
378
374
378
382
380
381
377
377
382
362
371
393
375
369
394
386
367
359
413
551
587
591
592
623
645
653
642
636
587
581
581
563
518
483
496
500
500
495
506
523
525
521
524
529
528
520
523
532
526
528
527
534
517
514
513
522
536
526
520
531
533
526
533
539
516
523
535
527
526
523
548
516
519
544
520
513
526
538
528
499
540
568
428
116
