615
585
533
551
577
560
554
583
587
564
570
597
607
600
597
610
596
600
603
607
575
585
603
571
571
583
597
549
498
493
484
487
485
500
488
459
451
452
475
475
476
481
473
476
467
459
462
481
471
454
465
471
458
422
418
421
417
404
426
423
393
366
350
354
357
355
340
357
349
344
341
337
378
434
462
462
451
462
440
441
487
579
638
621
604
626
628
604
590
605
600
576
530
513
507
521
510
508
508
506
491
460
447
454
463
448
448
449
451
447
449
453
453
439
457
446
463
467
456
466
456
466
456
454
456
455
457
466
450
446
427
437
435
426
426
414
432
414
412
431
426
421
405
405
410
400
401
404
412
378
448
575
627
614
600
596
623
614
605
618
624
590
514
496
499
509
503
499
506
496
503
510
539
546
537
529
527
562
584
592
593
592
587
593
591
598
591
605
570
515
470
490
503
480
481
527
578
604
594
603
599
584
610
617
588
521
484
495
494
461
448
448
451
441
447
458
474
485
481
483
494
484
488
483
482
487
477
476
487
467
453
457
459
437
419
418
406
402
417
405
416
402
411
401
404
404
407
408
400
410
409
395
397
427
461
456
498
554
584
586
579
585
588
568
598
603
632
631
613
618
628
620
600
561
532
523
539
534
514
540
514
477
445
436
478
456
437
450
451
460
458
460
419
405
415
421
415
408
412
423
389
397
452
562
618
620
601
612
622
608
583
525
503
501
512
508
516
555
579
560
570
560
571
565
561
565
542
527
534
535
526
520
522
531
528
524
526
519
530
538
541
523
533
519
536
524
530
533
531
524
529
526
521
518
529
527
520
533
537
523
513
530
536
522
515
535
531
499
526
540
513
497
551
565
412
126
