605
584
545
559
580
557
543
581
573
556
558
587
558
562
590
594
589
595
607
588
585
602
598
575
576
590
562
515
486
477
489
494
488
495
457
444
456
447
446
452
469
482
472
477
481
481
476
484
476
478
482
467
476
489
477
474
463
465
469
463
463
460
470
462
426
411
410
428
411
362
351
361
354
348
371
423
467
447
435
488
585
634
621
604
618
636
628
607
594
601
596
574
519
497
501
521
521
495
457
449
434
452
447
461
447
448
454
464
466
459
454
469
449
439
423
423
433
450
441
431
432
417
416
425
425
420
414
401
401
393
411
401
378
439
549
640
622
565
534
510
489
506
510
507
498
507
544
533
540
554
543
525
534
559
584
596
606
581
576
592
614
570
510
512
578
620
608
595
620
588
515
470
483
506
488
493
493
480
449
446
451
450
449
437
445
451
467
484
488
480
465
483
471
462
458
449
445
451
462
445
454
447
419
403
405
408
407
404
411
417
406
410
416
402
396
424
458
477
469
479
481
473
460
492
558
588
570
574
614
627
614
621
632
630
631
606
548
515
525
540
536
532
540
542
524
481
446
470
472
442
409
399
408
418
424
411
398
461
559
630
623
577
535
511
503
518
510
501
519
557
561
568
557
579
561
526
521
523
539
536
526
537
519
522
535
530
529
535
528
524
524
526
544
521
531
542
526
515
544
531
523
518
540
534
510
523
545
523
504
558
571
410
128
