525
485
448
487
502
463
481
603
656
564
450
410
433
438
423
440
516
531
524
515
513
529
529
518
525
534
539
541
560
560
544
576
617
635
641
640
630
642
639
638
606
584
586
601
557
488
447
473
489
464
470
474
457
407
410
422
400
393
431
532
579
574
549
576
561
555
543
544
546
537
538
531
547
542
569
574
552
566
553
567
560
555
559
581
588
586
584
579
580
576
578
594
576
579
547
537
534
538
542
543
574
579
557
558
564
556
578
541
513
496
501
509
506
509
503
496
514
574
607
605
574
594
596
613
592
584
603
588
552
547
538
544
541
552
549
544
547
569
562
563
574
566
550
519
508
514
513
519
509
524
505
515
527
544
536
527
532
528
524
569
630
665
667
649
644
665
674
613
553
521
518
519
541
575
603
604
592
592
599
587
598
592
593
604
586
591
598
593
599
586
571
575
582
589
583
581
585
580
590
589
577
523
506
512
516
507
512
510
519
517
521
508
515
536
576
637
631
587
541
552
610
656
641
623
647
658
617
519
471
487
494
489
484
502
496
474
465
473
467
466
482
485
449
459
505
585
650
656
628
617
633
648
596
528
488
490
496
494
485
494
481
503
553
599
579
570
580
592
571
532
511
524
532
519
521
521
527
533
575
598
599
598
603
607
598
581
578
566
566
556
567
562
558
558
542
532
528
546
548
526
520
541
636
662
658
652
669
681
651
590
560
584
577
575
572
579
565
535
513
529
531
538
523
527
534
526
530
536
527
520
531
525
527
533
529
529
522
526
540
526
529
538
543
523
524
536
538
522
527
536
529
522
525
545
512
533
550
517
503
535
580
416
133
