485
467
426
451
477
461
437
430
435
423
435
430
430
426
407
387
390
401
397
389
441
567
618
606
583
610
612
581
534
542
544
527
528
546
533
520
554
611
610
601
596
615
594
560
537
536
529
530
531
526
536
524
530
534
520
503
485
490
487
467
475
484
470
471
455
458
454
475
455
451
454
440
425
420
489
564
618
609
595
600
617
605
593
593
605
590
587
572
508
470
466
541
652
694
697
685
698
695
682
698
697
675
620
588
580
598
610
561
496
457
464
470
464
462
468
460
422
416
428
432
424
435
437
437
427
439
419
420
462
571
627
587
527
518
528
530
521
518
516
525
556
571
568
560
566
583
571
566
577
613
617
613
602
623
622
587
526
487
495
508
517
488
481
534
642
701
689
664
671
686
704
665
599
575
562
581
583
555
519
489
484
493
493
492
475
515
544
570
571
566
562
567
555
554
567
570
578
580
565
570
569
566
569
572
591
592
588
571
578
581
561
507
485
478
497
502
477
480
542
640
698
695
681
681
693
686
698
658
594
520
551
565
561
536
566
570
534
495
474
473
468
479
485
465
449
517
636
700
693
676
680
684
677
657
609
580
591
602
600
588
612
596
594
594
612
568
479
416
462
476
455
451
462
435
383
353
378
383
373
363
381
353
346
418
501
566
557
549
549
555
544
572
585
586
566
573
569
593
569
582
582
578
573
600
594
600
592
600
603
587
601
601
582
525
521
525
527
531
537
539
509
473
458
453
462
450
448
452
481
509
543
534
525
528
545
529
521
527
527
523
519
538
538
526
520
524
536
529
531
521
530
533
516
542
543
529
529
525
522
520
543
537
521
520
539
528
510
523
537
524
495
547
578
408
126
