555
532
480
506
524
516
495
495
470
422
433
458
446
420
446
466
431
403
404
401
389
400
413
395
375
447
556
588
598
593
595
601
594
587
609
622
633
631
618
627
635
627
625
644
626
616
621
641
602
550
523
533
543
522
528
534
520
522
560
619
670
664
658
643
659
674
660
655
649
647
630
590
566
565
581
582
565
571
567
562
568
566
565
558
566
571
572
577
600
625
620
603
610
616
574
534
537
523
528
538
536
538
535
547
626
656
647
634
653
660
618
557
518
523
529
522
535
506
495
472
473
483
489
477
473
496
518
545
562
573
577
567
561
557
543
545
548
568
595
613
614
591
597
607
607
605
602
620
626
576
512
479
485
491
481
488
511
523
523
534
590
637
607
590
603
612
595
599
606
627
566
522
472
457
479
479
452
431
427
428
449
439
439
430
444
430
425
468
540
591
597
573
580
604
580
541
529
527
547
531
522
543
563
567
562
566
578
551
489
430
432
458
460
433
439
487
564
617
614
607
588
611
623
592
610
628
607
610
617
623
617
614
630
621
610
619
629
626
606
627
635
576
509
468
478
482
481
497
479
462
447
466
462
434
460
482
446
430
496
644
722
707
676
698
711
700
665
624
599
602
620
606
593
606
613
582
513
508
509
503
500
504
513
502
457
445
450
460
444
455
452
445
452
442
455
454
454
453
439
441
456
475
485
469
493
485
474
448
447
435
451
442
445
442
438
455
446
434
395
389
388
391
395
401
378
377
409
440
450
473
453
444
454
482
538
588
581
574
577
596
589
562
546
522
521
530
529
533
524
522
543
538
533
537
526
525
522
527
529
522
529
535
528
524
542
529
516
522
536
537
525
522
537
535
512
530
545
522
493
541
567
413
121
