631
619
577
597
615
598
587
591
545
510
507
530
519
500
518
544
570
578
575
572
578
586
565
544
533
533
548
557
544
539
556
591
627
613
610
621
626
610
620
627
601
527
493
511
521
511
530
593
627
615
598
601
629
617
579
512
455
472
477
443
413
417
444
429
404
422
437
419
391
464
591
634
623
630
627
636
629
628
620
606
610
629
604
525
460
474
485
475
483
487
481
436
410
428
434
428
408
440
427
404
424
426
412
414
467
569
629
617
605
618
608
591
578
602
607
589
535
516
515
525
544
521
515
542
623
661
647
636
643
649
628
639
653
633
564
537
537
564
550
543
559
559
535
541
546
541
517
507
510
524
517
518
514
510
509
499
486
484
486
467
466
459
459
463
458
457
464
470
465
471
470
467
455
479
514
521
508
508
514
509
508
511
509
517
503
511
506
512
511
506
509
515
512
518
505
511
520
521
510
539
573
603
597
583
595
603
588
590
603
599
603
601
596
597
607
572
534
523
520
539
507
459
449
457
459
444
453
449
453
454
443
430
413
425
428
426
427
420
425
427
427
425
425
436
440
421
422
468
565
630
631
602
602
646
632
571
491
423
437
447
465
444
435
430
478
558
595
600
572
571
606
634
634
640
657
644
618
603
572
565
581
579
589
584
544
482
458
452
463
460
456
431
410
380
366
384
386
358
366
450
556
622
617
605
611
603
610
595
601
612
611
608
615
614
593
611
608
617
597
546
525
520
523
511
492
492
500
491
484
509
521
525
516
540
532
512
523
530
528
524
528
530
528
528
521
527
529
528
527
530
532
539
526
534
523
531
532
527
546
541
524
511
541
533
516
523
544
525
506
546
575
417
138
