563
528
483
508
528
498
499
577
589
564
582
603
551
451
424
443
436
424
435
441
425
427
447
458
432
443
463
439
442
464
450
440
483
578
622
611
593
625
619
604
611
622
595
546
526
544
543
535
552
579
582
575
567
570
583
574
569
575
630
652
652
641
652
661
620
566
548
545
553
542
550
558
536
524
504
501
510
520
501
512
513
504
506
485
472
440
436
454
454
440
447
462
456
451
461
475
445
443
512
624
663
660
650
653
663
650
655
654
650
667
676
596
492
427
423
442
464
512
555
560
552
554
561
554
576
607
635
619
592
621
627
634
592
553
527
520
518
528
529
515
519
567
637
673
662
659
671
652
607
575
580
599
591
565
556
557
556
549
542
546
555
560
560
584
620
631
619
623
628
616
561
533
534
545
542
538
527
508
475
484
495
495
482
484
484
467
454
473
466
457
466
471
468
460
466
476
468
452
460
449
465
459
458
466
462
460
468
460
457
457
472
489
477
472
497
553
594
576
579
583
593
576
574
587
619
638
644
605
560
532
533
556
549
540
533
519
480
497
501
503
491
504
515
506
485
480
477
483
484
472
479
484
471
467
470
460
469
454
462
456
464
446
438
432
447
447
436
438
423
421
404
396
407
412
414
400
412
417
398
392
401
403
406
382
376
380
373
361
425
488
522
518
508
508
547
586
625
631
617
612
631
622
618
634
617
546
514
532
538
526
520
527
531
511
484
473
475
484
477
526
535
529
514
512
540
532
520
527
546
514
512
523
528
527
521
535
533
523
534
541
533
517
543
538
518
527
555
515
501
556
564
408
130
