620
602
536
575
594
561
559
574
594
591
598
609
594
593
607
609
594
590
603
605
601
594
606
599
587
600
618
575
496
468
501
488
479
469
469
458
457
470
463
449
483
550
577
562
565
578
572
561
583
617
645
631
634
641
624
637
643
608
566
522
532
543
540
526
548
542
517
480
445
450
461
474
485
503
510
489
489
495
498
493
491
533
588
622
616
612
612
618
617
617
600
578
549
571
568
562
574
570
558
548
553
559
559
546
563
594
594
608
591
599
589
598
570
536
479
488
506
504
482
505
498
478
435
424
425
410
428
475
494
484
484
490
480
471
504
558
575
572
576
570
564
573
555
495
460
478
482
480
466
475
470
471
472
487
467
467
493
543
562
557
558
581
587
602
605
595
577
590
608
567
516
482
492
491
492
506
564
585
589
584
550
472
413
428
445
438
432
440
450
460
477
501
485
478
487
486
487
506
555
588
580
566
564
571
573
563
566
555
546
553
558
558
550
543
565
578
593
597
582
579
573
597
598
562
510
472
483
485
484
485
481
469
468
471
466
474
477
473
463
497
523
554
548
546
563
551
538
547
579
593
585
588
595
603
587
610
606
602
597
614
567
519
494
502
505
481
504
581
595
582
588
595
556
474
429
450
447
446
447
433
446
431
444
471
485
481
490
488
483
492
478
493
479
480
477
495
489
466
502
549
579
574
576
585
562
486
435
448
462
452
450
454
467
453
457
458
454
460
458
468
455
469
477
474
470
471
483
464
458
494
557
584
587
573
567
582
591
580
563
540
529
516
531
535
530
524
523
537
528
523
528
538
515
531
539
538
523
528
541
532
529
537
540
515
523
548
526
509
553
576
408
132
