592
554
493
539
616
622
602
622
624
610
616
625
597
544
512
533
534
527
533
552
570
585
569
569
580
589
569
513
475
477
485
479
491
495
476
439
415
435
436
434
421
436
434
472
496
496
477
483
489
474
472
504
534
551
543
534
543
560
559
541
518
494
489
498
507
498
504
539
607
627
624
616
617
635
618
611
607
616
628
617
625
636
629
624
615
630
639
570
495
438
441
456
470
451
453
504
551
580
591
573
567
585
588
572
562
599
619
636
636
620
617
624
614
582
559
569
574
570
568
580
587
583
596
580
581
561
563
561
563
559
550
527
509
513
514
516
503
506
512
506
538
583
637
625
605
604
630
621
577
541
512
516
529
535
533
493
450
422
424
435
424
434
443
421
443
435
433
428
466
556
632
617
593
599
619
602
596
612
620
585
515
480
472
477
474
475
475
501
487
488
495
502
482
480
526
597
648
635
626
641
638
622
635
633
642
628
626
637
643
635
621
565
520
524
541
541
528
528
540
552
514
494
466
473
471
475
459
471
473
483
468
438
425
426
435
431
427
428
435
439
443
451
438
438
442
446
452
442
438
460
473
449
449
459
456
444
448
463
455
443
442
436
430
431
438
429
438
435
424
435
432
435
433
434
433
436
425
436
440
422
416
477
566
628
633
599
601
617
625
568
505
476
478
494
490
473
497
492
455
413
387
387
398
401
390
387
391
402
403
400
399
391
398
454
480
437
426
481
591
643
649
624
638
638
638
641
634
626
629
623
647
635
642
620
643
648
603
545
506
512
515
523
510
515
488
485
478
502
498
500
488
484
493
489
481
505
517
533
537
523
527
537
526
537
526
523
525
530
536
530
518
531
533
527
527
539
524
528
524
530
522
522
542
529
526
520
531
515
523
532
538
508
534
557
523
499
556
573
424
128
