682
645
586
614
664
611
572
590
579
567
572
594
564
516
495
500
504
485
461
458
450
457
467
459
463
453
438
445
449
449
442
445
433
444
420
415
427
431
431
420
436
432
437
447
438
437
451
446
436
441
456
481
463
463
474
487
467
470
466
449
443
464
471
469
467
481
477
471
473
489
481
475
494
571
608
597
585
594
608
596
582
591
598
593
599
608
592
574
593
595
560
502
471
469
482
481
482
474
494
483
475
489
486
472
459
520
581
621
635
620
617
620
626
615
626
620
604
588
595
604
587
589
594
609
577
532
500
516
510
501
532
526
491
469
449
450
462
457
463
478
492
511
583
625
633
613
605
621
625
606
625
611
574
571
582
597
581
580
584
588
564
508
486
488
500
489
488
490
478
438
411
417
430
429
412
427
420
428
425
432
451
461
454
456
451
474
516
542
540
536
537
551
533
522
548
589
594
595
586
602
571
510
478
472
489
489
500
479
478
514
579
624
609
600
616
608
603
587
605
609
598
593
601
605
612
606
597
602
619
603
594
608
616
570
499
451
463
475
489
470
445
420
407
393
393
386
396
394
389
454
590
666
645
618
637
661
651
613
579
548
542
561
540
520
497
510
511
511
510
511
504
499
501
529
515
543
621
654
653
645
647
655
644
632
662
662
626
608
576
583
599
586
576
577
581
593
588
593
581
594
593
592
582
590
586
588
581
584
584
581
589
593
556
507
467
470
481
485
521
543
534
524
523
524
520
533
524
531
536
524
535
531
524
526
535
523
518
527
529
520
528
533
525
522
537
534
519
501
536
532
518
527
552
539
495
545
564
405
132
