657
636
575
591
610
608
594
605
617
607
602
607
611
606
571
481
426
437
452
453
449
449
444
420
400
403
422
421
395
393
457
596
686
670
648
651
645
593
551
545
562
539
536
541
558
540
530
546
559
570
603
612
600
562
493
452
453
465
463
443
438
447
437
410
430
441
429
420
474
575
631
625
603
598
620
617
591
515
461
474
492
491
472
485
496
468
412
400
387
401
400
383
396
432
477
526
523
500
496
550
580
607
615
608
583
535
505
497
501
502
506
514
496
469
438
445
454
452
449
450
450
457
452
439
439
420
429
424
411
389
412
415
391
373
424
459
453
466
485
525
554
546
537
539
553
547
536
526
546
546
534
542
536
548
529
538
536
527
523
522
516
520
512
520
515
519
534
575
610
607
588
601
603
596
596
596
597
591
570
600
597
602
588
599
586
587
597
587
593
586
593
586
561
556
558
575
561
564
554
571
548
525
527
516
512
512
524
498
515
545
598
629
640
631
585
508
464
471
478
476
487
485
469
457
495
563
623
615
601
606
604
602
596
592
603
605
585
551
505
511
536
517
517
534
535
525
541
561
552
552
551
565
556
542
575
614
600
582
607
616
591
596
613
596
599
608
613
607
582
617
607
565
502
459
476
480
470
476
472
467
502
569
606
600
589
600
606
584
588
606
580
517
478
493
507
495
499
506
488
505
502
505
507
492
498
497
495
504
513
505
507
521
516
506
505
519
513
504
519
513
509
512
553
622
670
667
648
648
660
651
633
612
589
589
605
588
597
582
583
585
588
587
596
600
593
591
595
563
536
554
560
551
538
508
486
473
491
482
470
478
481
485
472
489
524
547
532
520
526
537
533
519
525
530
527
532
527
521
522
540
534
532
523
532
525
512
527
536
522
514
541
526
513
524
545
528
502
546
581
416
130
