571
537
484
508
547
511
466
459
462
454
457
464
456
453
460
467
466
452
465
460
464
455
478
465
467
466
453
447
416
428
435
435
422
434
441
426
367
358
349
360
351
355
359
360
360
391
403
407
395
402
420
391
379
466
612
691
685
665
672
688
680
662
670
684
675
648
606
562
562
577
575
554
563
581
600
622
631
593
513
470
485
506
456
386
379
384
366
360
405
508
568
544
530
539
548
556
537
554
534
533
542
542
542
532
533
531
519
526
520
517
520
535
563
547
538
538
544
539
545
561
541
529
559
598
623
623
612
608
613
610
625
614
581
567
561
568
564
566
566
566
567
569
584
567
567
567
567
565
563
561
560
550
561
566
560
564
554
568
569
547
559
579
617
631
635
624
639
626
617
631
636
597
556
523
540
540
532
520
531
524
498
494
491
507
492
503
494
498
500
490
498
512
543
575
577
571
569
573
581
575
610
640
625
617
654
635
613
578
562
556
574
577
572
559
582
633
637
643
642
658
629
563
534
547
557
552
540
545
526
503
503
523
517
508
517
517
510
490
492
492
491
489
484
484
482
462
438
410
467
579
623
620
606
625
614
612
609
596
544
507
508
524
524
489
520
525
483
441
422
420
431
420
415
431
427
435
451
453
449
433
434
438
446
459
430
388
357
366
383
354
376
390
353
334
403
527
585
567
555
573
573
561
585
631
632
636
631
622
628
627
637
628
610
586
599
596
606
599
595
591
598
604
597
594
601
586
528
516
523
518
508
516
522
523
511
521
529
518
523
521
534
530
517
523
522
517
527
524
520
523
527
524
533
521
533
521
520
540
535
526
532
538
533
515
531
529
519
520
527
525
508
515
548
529
497
550
572
416
125
