534
514
462
489
506
475
455
521
586
607
610
600
595
602
609
599
605
612
579
493
446
459
494
480
468
469
460
424
414
423
422
400
444
549
611
595
577
597
609
582
577
541
498
499
532
537
496
434
421
424
426
433
438
398
366
338
352
361
357
360
348
352
355
356
357
345
371
350
340
379
451
495
479
466
475
476
465
495
565
595
594
580
595
575
502
471
477
497
471
469
470
489
474
466
489
497
472
475
510
555
598
593
587
572
571
550
552
555
559
549
545
568
611
620
622
612
597
606
625
625
569
487
430
436
440
443
447
438
430
425
424
440
445
430
427
420
435
422
428
465
561
642
627
582
521
487
492
491
495
505
510
487
487
475
488
493
488
486
493
496
481
480
489
493
481
487
490
484
478
483
501
487
489
514
553
589
578
572
571
587
585
577
551
530
495
511
524
530
494
446
436
435
440
451
434
448
452
417
377
359
376
376
364
356
357
379
354
364
376
389
375
375
393
391
393
372
433
528
603
590
553
523
510
512
504
524
500
499
526
591
614
613
601
613
613
605
605
620
606
588
581
594
593
592
580
584
585
594
579
586
599
564
509
472
482
490
489
478
485
482
478
478
497
488
485
514
575
595
588
570
571
582
585
581
586
585
604
635
636
593
517
463
474
483
494
472
481
487
476
466
510
573
607
603
595
591
606
599
598
601
594
597
588
595
604
575
563
545
547
550
553
538
561
565
557
566
549
556
557
575
531
486
457
462
476
467
467
521
533
526
527
534
531
518
534
534
527
525
523
529
528
533
528
529
521
527
530
519
514
529
532
531
518
540
529
513
531
527
527
520
539
529
527
526
536
530
520
537
525
509
524
543
529
501
552
569
404
122
