522
486
437
498
590
631
614
611
621
600
605
628
636
566
480
417
420
444
438
423
433
437
428
411
449
505
536
524
512
533
549
555
543
566
557
548
550
567
609
640
636
632
622
641
638
630
588
579
588
594
595
597
589
586
585
587
593
589
581
585
581
588
596
602
565
502
453
465
477
477
467
465
466
447
434
407
404
408
409
411
402
398
446
535
578
581
556
569
559
543
528
552
542
550
530
539
552
555
567
564
559
574
582
585
583
580
562
540
540
556
549
536
542
545
559
574
571
567
549
563
566
568
566
560
528
481
476
532
598
611
608
600
595
576
552
544
543
553
550
558
545
559
560
569
577
565
575
564
521
508
518
511
517
523
543
541
542
527
538
542
531
534
533
530
535
521
532
578
634
672
664
647
643
675
645
663
660
669
650
666
667
666
654
658
675
623
559
503
511
537
524
514
525
513
543
570
597
593
598
587
592
588
585
583
587
577
582
547
501
505
508
522
499
506
535
590
615
627
618
627
624
622
628
620
626
620
620
618
629
629
612
610
631
609
538
510
536
541
519
528
536
528
517
556
616
650
640
630
639
635
652
646
615
528
469
479
500
493
477
470
466
458
492
454
443
499
607
654
636
623
632
637
623
633
635
646
625
620
630
648
643
597
538
481
477
487
512
558
586
569
568
576
591
578
572
537
523
522
516
521
524
536
566
602
599
587
594
604
595
584
596
602
596
581
594
591
590
597
601
590
590
595
586
572
548
565
568
562
562
566
545
529
524
543
520
520
562
632
676
680
662
649
679
672
644
599
565
576
589
588
554
540
533
533
521
537
518
531
536
524
527
522
526
521
512
532
540
520
515
528
533
520
524
546
535
499
539
538
517
519
546
523
496
548
577
401
135
