486
472
420
442
464
439
444
457
441
428
412
423
430
425
408
417
434
470
485
501
482
470
480
493
476
486
493
539
555
552
546
554
554
547
538
550
566
528
443
420
424
443
441
420
403
478
548
596
580
573
570
586
575
588
614
644
648
626
641
638
620
597
585
590
590
583
595
598
568
510
475
487
498
462
403
380
394
401
375
388
403
408
382
388
399
374
386
386
398
386
385
410
458
473
479
475
469
479
466
469
475
486
480
466
469
484
470
471
495
551
600
600
592
585
597
592
601
586
564
563
558
566
552
549
571
604
615
619
603
615
636
642
589
527
481
477
476
460
457
467
465
469
459
462
448
433
439
443
437
447
444
464
453
446
456
454
450
428
392
389
375
389
392
381
368
395
445
475
485
465
468
462
458
454
478
501
508
528
560
587
582
582
570
586
586
580
571
581
571
571
583
595
546
500
463
471
479
475
474
465
458
472
463
469
471
468
473
456
456
488
568
616
619
596
613
577
495
444
460
484
451
451
519
615
671
661
660
662
660
671
659
644
602
582
587
598
592
586
595
591
590
602
588
572
532
517
520
505
508
513
520
501
466
450
459
464
462
461
460
462
456
465
451
453
463
464
473
460
467
468
480
482
476
471
474
481
479
486
487
492
485
478
474
471
469
481
466
429
410
412
417
414
409
404
412
395
385
409
400
371
391
405
378
359
446
578
679
651
613
597
595
577
578
598
578
532
501
506
511
506
501
509
510
516
508
525
526
506
511
509
513
511
467
447
458
473
479
476
490
493
490
485
479
485
488
519
534
521
512
528
530
527
519
520
535
536
517
536
530
527
522
529
518
519
522
525
514
520
526
533
522
522
537
535
515
528
545
518
498
546
580
428
131
