689
661
578
540
552
533
527
547
548
524
511
534
535
509
474
492
489
467
435
421
426
414
434
425
419
458
469
469
453
455
493
538
568
575
550
562
554
571
589
607
610
610
621
611
608
610
612
590
532
496
493
504
488
477
467
481
480
460
461
500
563
603
604
594
587
600
600
586
586
571
567
566
561
563
556
549
556
563
559
555
569
570
595
615
617
606
598
623
623
596
533
484
486
496
504
487
489
496
495
503
490
500
498
499
496
494
477
484
517
560
584
585
595
580
580
589
573
563
521
478
477
484
510
511
518
514
516
527
572
609
594
586
600
602
578
516
480
486
489
490
472
483
484
486
479
483
479
482
486
459
450
464
466
459
461
479
517
521
522
556
624
668
667
651
655
656
664
652
637
654
652
629
582
546
554
567
556
548
548
552
544
553
593
605
605
579
583
604
613
577
509
469
480
489
482
482
484
477
467
497
575
602
592
584
583
594
586
598
600
595
593
608
581
545
512
515
521
516
518
515
527
493
454
443
442
442
447
442
442
442
431
408
401
413
400
391
399
430
442
429
436
455
434
430
444
461
436
428
441
436
442
433
433
448
434
426
456
455
432
407
392
382
379
403
385
367
389
400
368
351
435
595
687
656
643
648
658
660
639
622
567
582
588
563
493
452
467
490
454
457
479
490
458
426
416
404
445
565
618
612
602
596
608
595
591
609
612
598
596
601
601
591
584
587
576
583
584
591
593
573
594
588
574
547
526
531
539
534
525
522
528
534
519
518
533
539
528
538
533
526
526
527
529
524
530
526
528
523
518
547
534
507
527
536
526
531
533
547
515
531
537
513
494
551
559
404
139
