663
640
568
588
636
633
546
491
441
446
446
457
450
447
450
443
424
378
377
475
602
669
679
654
643
667
668
661
640
593
551
547
565
565
546
555
563
551
538
530
543
552
541
535
572
593
572
500
443
452
459
468
452
452
469
463
440
429
433
451
425
417
471
563
633
618
612
595
623
621
617
578
507
466
475
495
485
464
483
470
415
385
394
399
400
395
414
399
388
427
477
528
512
504
497
545
580
617
621
608
594
622
630
577
528
498
500
522
507
504
480
459
447
443
453
451
455
445
447
439
429
420
435
444
437
423
429
443
431
425
447
433
420
411
399
394
395
397
396
390
412
449
476
467
469
464
467
471
464
468
464
479
518
542
536
528
546
544
531
515
525
524
525
537
587
610
602
599
594
599
606
601
605
600
602
594
599
600
580
595
586
563
546
567
559
563
567
552
542
530
503
496
514
528
498
508
543
591
628
628
612
608
609
630
617
621
622
624
622
600
518
466
470
495
458
461
504
584
628
608
594
598
603
598
607
602
601
585
603
607
601
589
610
596
603
596
599
598
606
601
599
611
587
590
595
600
598
589
591
596
605
603
590
596
602
596
601
596
605
597
586
600
589
597
593
588
591
589
604
599
593
586
593
594
588
542
509
525
532
533
518
524
541
542
569
557
558
557
553
555
548
591
616
620
570
495
456
472
480
488
459
458
509
573
597
595
585
599
598
610
582
524
482
491
506
505
500
513
522
509
503
545
623
658
655
654
662
639
655
658
653
599
578
580
596
589
595
587
556
539
545
550
548
533
551
550
529
496
476
481
489
486
475
487
488
488
474
489
512
535
538
515
528
524
518
529
533
523
530
528
516
522
522
528
538
520
538
536
522
522
536
531
516
537
528
529
522
548
539
512
532
546
531
504
558
567
423
119
