595
576
522
562
591
544
541
573
566
551
549
594
615
616
639
644
594
532
509
510
515
506
507
499
509
515
508
495
522
585
620
616
586
597
613
608
603
595
600
595
600
601
607
593
600
614
612
571
507
467
486
503
464
381
359
367
377
362
367
400
364
353
420
518
574
558
537
540
561
571
573
574
583
569
568
564
567
587
600
589
581
584
596
595
561
491
461
472
473
464
442
517
608
645
627
623
638
634
614
618
621
625
617
624
622
628
626
634
628
620
622
623
606
557
538
546
543
543
537
539
538
550
545
551
528
506
519
518
516
507
504
500
489
497
491
482
481
492
485
483
489
499
488
492
494
486
493
487
489
487
483
480
499
483
484
494
488
486
484
493
477
482
487
490
500
495
481
486
484
496
480
483
482
489
487
487
484
487
487
473
457
463
466
470
462
451
441
425
426
435
425
431
428
428
434
441
453
447
441
454
464
445
448
454
492
497
495
500
497
511
512
508
507
518
511
499
505
503
513
493
502
497
487
499
501
499
488
495
502
497
503
486
500
496
495
494
493
495
492
494
493
499
483
491
501
477
460
464
465
461
475
478
474
458
472
460
479
456
462
460
455
467
481
470
468
475
451
445
445
451
461
440
443
465
445
412
424
426
407
394
455
571
640
632
605
614
614
608
614
637
582
496
457
488
492
494
479
490
484
474
477
505
551
605
582
582
595
608
549
458
426
444
436
425
426
439
432
431
439
430
386
369
386
370
356
412
535
620
595
568
585
600
575
575
584
585
575
587
612
629
595
587
590
571
573
591
594
559
513
477
495
491
487
490
507
489
488
498
506
520
518
528
531
515
530
529
525
536
526
528
518
525
535
531
524
529
520
519
544
533
518
511
535
534
519
525
548
521
496
547
571
410
128
