634
618
562
564
567
512
502
524
556
577
628
620
595
591
592
571
520
495
515
505
497
496
521
524
482
465
448
446
461
454
448
447
455
456
460
466
470
472
470
471
470
461
454
441
430
439
444
450
428
428
413
406
414
397
418
428
405
421
468
494
484
470
491
476
468
508
599
645
647
629
636
654
654
612
555
518
516
533
524
528
539
537
502
459
470
470
468
463
473
465
470
470
471
472
499
546
564
555
557
558
558
548
559
605
612
611
601
617
612
608
598
604
618
587
527
484
509
531
512
483
501
528
478
401
353
355
357
370
364
370
357
366
363
370
359
360
361
359
356
376
379
398
391
399
399
388
401
406
392
400
409
397
369
452
599
699
666
659
667
691
644
598
586
582
585
575
581
576
574
564
558
558
570
558
561
572
564
544
537
537
547
540
572
600
621
634
619
610
606
612
614
595
545
530
527
538
537
523
530
536
524
516
527
532
547
552
561
552
549
544
554
550
537
531
516
514
520
518
520
516
531
555
576
571
562
567
578
586
590
589
599
583
579
587
595
568
490
434
458
463
447
433
442
446
470
491
485
482
479
488
483
467
509
547
562
534
536
550
536
531
565
611
636
621
616
617
597
594
613
601
612
594
604
591
551
528
528
538
523
532
533
527
498
473
485
488
478
465
471
472
461
468
468
460
452
447
440
433
431
444
448
430
429
408
391
395
426
499
538
532
524
517
538
517
519
525
541
534
527
529
537
522
532
533
531
530
517
530
525
521
523
536
519
524
542
521
507
517
542
536
495
554
559
406
131
