670
623
575
602
633
576
525
528
544
533
528
540
503
484
497
494
493
477
490
502
469
455
469
476
452
459
469
465
455
464
472
452
419
410
413
404
415
413
386
375
380
400
388
383
409
472
500
489
487
494
496
475
483
477
480
464
505
548
585
578
566
565
585
580
580
617
630
619
611
614
621
614
611
626
622
596
533
497
491
523
507
497
502
511
510
495
473
468
458
457
478
473
461
473
491
506
500
493
500
510
500
498
485
494
493
496
506
497
487
466
453
437
441
452
452
449
452
456
445
445
472
501
496
482
516
611
664
623
543
516
535
549
526
537
540
534
527
535
530
542
532
525
524
531
532
536
540
532
542
538
537
531
530
526
537
540
536
520
533
538
535
533
539
537
522
535
530
524
507
496
466
435
420
408
420
407
411
413
410
390
399
377
386
391
391
386
444
583
670
666
634
645
666
647
596
570
587
596
573
588
589
602
586
595
599
598
567
526
477
473
483
513
463
422
395
386
390
397
400
400
390
469
583
625
612
605
616
599
544
512
528
533
543
565
572
559
572
569
579
558
535
539
529
526
535
537
518
571
651
701
689
671
681
688
681
670
693
684
684
656
620
597
606
610
612
600
612
626
592
531
511
527
535
525
515
531
535
539
540
521
520
535
515
461
443
449
452
445
451
460
462
458
488
475
453
501
603
635
638
608
615
624
617
613
618
635
622
623
632
597
544
503
509
522
532
506
497
540
600
617
610
612
615
607
615
618
592
521
478
483
518
496
473
473
468
459
462
454
454
459
456
453
456
470
508
528
533
535
528
529
524
534
540
521
523
527
524
519
525
543
530
530
537
544
538
528
527
527
534
537
527
530
522
540
530
521
535
519
535
523
531
535
534
529
529
511
517
521
523
522
528
540
530
524
531
524
535
527
527
523
527
538
531
515
521
532
525
524
521
531
530
519
540
535
509
530
553
520
494
538
574
416
134
