491
485
429
440
446
413
408
432
434
415
424
431
425
388
392
423
402
394
389
446
555
622
608
593
598
605
606
603
587
561
537
541
540
535
534
523
536
549
575
620
605
596
607
620
591
540
526
531
525
529
524
532
524
525
537
528
529
526
532
521
492
475
484
479
484
481
486
489
481
463
451
452
455
461
448
458
455
441
432
446
449
440
453
448
451
429
436
481
561
611
604
611
603
609
599
584
595
625
578
517
467
482
491
490
486
490
482
481
492
490
460
525
641
719
686
670
690
706
668
622
588
586
594
597
587
593
584
591
590
587
604
602
591
591
598
605
572
503
459
452
469
450
424
418
436
434
414
412
470
569
608
604
592
578
544
527
514
523
516
527
558
586
566
564
584
588
566
560
591
617
616
610
619
627
616
623
606
619
625
592
520
474
504
522
481
472
540
645
701
683
684
670
676
677
681
647
598
566
584
586
575
563
578
557
513
483
490
492
494
490
489
509
549
561
562
560
555
554
557
562
563
570
564
564
571
578
595
589
555
529
477
483
495
495
481
471
528
630
697
699
679
681
677
691
693
654
595
542
565
570
548
546
566
539
496
452
474
491
468
440
516
651
702
684
674
680
694
669
665
664
685
653
611
600
606
599
592
585
596
599
598
594
612
615
564
488
449
456
459
463
454
456
461
457
459
462
460
456
444
398
361
351
370
369
365
365
367
381
356
357
402
512
559
567
566
577
573
581
570
585
579
574
583
599
596
595
595
589
592
595
580
549
507
531
533
520
515
537
534
517
463
458
464
457
460
456
462
457
482
510
527
528
524
533
518
536
546
531
526
521
517
521
526
525
523
519
533
524
521
521
532
518
518
520
537
520
520
536
526
527
534
535
524
520
526
539
503
522
547
530
489
556
568
418
133
