563
532
487
514
549
501
491
516
511
504
513
526
511
493
521
526
508
500
541
598
622
625
630
597
528
511
513
507
506
500
500
493
527
592
636
629
606
622
635
641
594
527
494
497
529
577
605
609
592
595
607
616
589
503
461
462
452
433
444
454
455
442
494
572
616
618
608
625
611
611
618
583
506
445
459
476
458
442
488
577
609
605
594
595
586
601
595
595
604
592
598
586
591
598
591
540
513
531
538
523
532
554
569
569
554
572
605
621
611
604
605
617
613
609
614
600
605
602
577
559
537
531
556
569
581
583
591
585
586
575
586
584
579
566
531
509
496
506
515
500
504
542
594
627
627
617
614
618
604
596
612
605
594
609
615
568
514
485
490
490
495
497
491
488
500
515
521
514
516
535
530
539
561
584
578
567
567
569
575
569
583
577
566
576
588
582
571
580
568
574
578
583
585
565
566
585
586
564
579
592
582
577
575
577
577
572
582
539
473
436
454
463
453
436
450
446
443
452
472
454
438
450
450
444
452
448
447
448
465
452
448
479
578
632
616
586
620
605
607
612
624
637
611
613
611
630
606
635
632
606
557
535
541
543
535
550
541
531
509
508
523
512
513
530
526
513
514
515
532
524
519
523
516
527
524
506
489
498
492
488
491
495
492
489
492
495
478
466
458
452
446
464
502
528
512
514
515
520
513
522
531
518
493
544
595
625
630
615
628
628
627
626
578
521
464
473
499
490
480
485
496
481
473
490
497
470
475
489
493
477
484
514
604
640
647
600
519
484
488
498
502
498
489
513
518
530
520
526
530
570
573
568
575
571
575
567
567
589
585
560
485
419
431
493
579
628
627
602
607
614
596
608
619
602
544
519
510
531
536
522
534
523
522
523
530
540
515
529
539
528
520
534
522
522
523
538
522
518
527
527
536
521
531
526
530
538
537
535
521
522
530
527
536
538
531
518
530
530
523
505
534
536
507
518
543
521
498
558
578
411
127
