544
539
480
513
534
503
497
524
504
500
520
585
596
577
598
599
578
583
604
574
458
416
437
446
423
436
444
445
430
447
443
439
432
433
442
445
430
441
446
428
425
440
436
429
451
463
447
448
455
460
436
450
493
571
614
623
625
580
549
538
526
543
549
551
519
559
583
598
585
583
601
578
583
584
580
566
575
576
577
561
577
585
555
565
590
641
656
654
651
641
648
661
658
656
653
655
626
560
536
543
550
556
539
551
569
551
540
528
503
504
508
503
465
445
441
453
446
444
445
443
451
467
459
449
466
480
457
441
517
615
671
657
645
647
655
656
662
645
652
660
653
652
659
682
615
481
418
428
452
448
429
421
433
477
538
576
567
548
570
553
548
571
617
621
614
623
623
620
618
623
624
621
625
599
548
507
556
626
668
657
650
658
654
663
668
680
632
592
583
589
588
582
579
577
577
572
589
549
557
561
557
556
554
559
567
545
540
575
611
633
617
601
614
634
615
563
530
543
552
527
523
540
545
520
489
481
475
492
492
485
490
480
495
487
480
483
472
466
453
460
459
462
456
488
482
464
502
563
590
577
580
590
588
579
579
585
585
591
575
572
573
595
614
629
625
624
625
638
644
600
571
538
540
554
541
546
551
536
513
502
490
507
498
491
507
506
495
486
485
496
477
471
454
473
453
440
434
444
445
431
436
449
434
416
398
405
394
408
412
410
404
388
393
383
390
391
394
378
371
418
478
521
529
521
514
514
535
590
630
634
614
631
632
630
596
552
539
535
523
537
526
534
537
521
497
478
468
479
478
482
477
471
494
511
544
531
531
527
524
529
540
523
525
532
524
526
536
536
518
529
541
513
512
531
541
526
524
541
550
521
529
550
525
503
544
571
405
132
