661
631
562
598
610
595
554
542
519
511
513
528
535
515
518
543
586
602
613
599
599
598
601
598
591
593
592
591
588
588
581
588
610
565
525
491
512
518
497
456
442
444
461
450
453
450
448
449
462
454
465
465
469
462
468
460
459
432
449
445
441
423
426
410
401
428
434
403
403
429
464
479
488
485
484
464
513
593
643
652
630
653
643
614
554
524
529
545
533
523
531
542
505
484
465
472
481
463
465
475
467
459
475
487
487
469
474
486
470
493
544
578
559
557
568
581
600
611
628
576
524
499
484
496
508
517
468
389
349
342
363
376
356
362
366
403
399
386
392
404
389
381
466
612
692
685
657
676
672
667
666
657
614
564
577
600
588
584
580
591
584
585
574
563
558
574
570
537
529
560
607
617
611
627
619
611
613
622
593
547
519
523
533
531
528
555
562
546
550
561
541
524
506
517
525
516
521
504
524
555
563
559
569
567
577
575
597
605
580
597
604
561
488
456
445
450
438
457
481
487
480
480
487
505
561
576
563
575
572
559
551
523
527
542
534
536
546
540
526
551
603
629
624
609
623
609
603
611
599
595
587
617
605
585
550
525
521
530
531
518
500
470
472
487
474
470
490
497
478
473
466
469
453
446
430
431
437
447
445
440
428
412
404
413
413
395
391
443
497
540
543
522
525
528
522
528
526
531
531
531
535
541
516
534
534
523
524
537
531
514
534
531
517
509
525
526
516
515
546
526
489
534
570
406
125
