574
555
508
518
563
600
616
633
620
604
630
629
593
549
544
529
527
531
534
537
526
544
562
571
577
587
557
513
485
477
501
486
497
484
440
413
421
434
428
423
418
415
426
471
491
487
482
493
490
484
493
537
570
562
552
540
550
540
554
543
515
500
500
512
497
495
517
603
633
584
474
437
458
469
450
439
462
463
446
482
546
600
575
563
586
581
575
559
582
573
574
581
584
578
569
575
584
607
630
619
620
616
630
630
607
584
575
577
583
577
580
593
583
579
594
591
589
583
597
584
558
548
565
560
559
569
562
549
562
556
560
575
564
568
558
558
566
551
554
573
554
569
563
562
569
559
566
561
553
557
561
554
554
558
555
566
565
553
558
546
535
512
510
539
588
602
607
611
604
550
515
517
518
524
519
528
505
454
412
428
444
435
422
436
444
419
414
480
562
609
610
609
588
595
601
605
586
513
464
473
503
471
463
467
484
477
485
502
484
478
471
531
595
641
641
624
622
621
640
609
563
527
540
536
529
534
538
512
475
466
474
467
467
467
476
469
471
470
463
455
423
433
421
426
433
440
428
429
435
436
432
448
440
439
434
455
460
482
487
475
477
471
478
470
448
446
450
441
453
452
465
440
433
444
437
429
421
437
433
423
430
437
423
407
477
550
630
617
609
606
602
612
612
581
527
480
477
502
502
488
491
494
493
459
418
394
384
412
407
393
376
393
409
427
450
457
440
451
454
449
433
439
456
442
430
492
606
653
637
630
645
642
618
623
650
610
529
504
507
516
505
512
517
500
489
485
496
497
496
491
484
491
520
549
535
525
537
547
529
515
526
526
521
534
527
530
535
530
527
530
527
536
530
519
532
527
519
526
537
529
527
535
538
524
531
547
540
513
518
546
531
498
547
580
418
137
