639
615
576
607
580
483
416
450
478
448
446
468
475
434
401
424
423
400
393
478
607
670
684
635
651
677
664
632
578
554
553
546
565
559
562
560
545
555
538
545
553
539
540
536
545
555
585
604
602
585
598
603
561
493
465
468
469
463
469
469
459
441
446
436
418
439
443
427
418
473
573
625
617
601
610
617
615
579
511
462
482
496
492
471
497
490
458
426
405
402
386
385
433
484
509
537
580
608
609
603
610
614
603
612
596
560
499
486
481
451
449
449
450
446
444
459
455
436
426
421
426
427
420
415
392
388
400
415
399
385
412
465
478
476
469
482
469
463
482
525
547
536
521
542
543
534
543
526
534
514
521
522
512
500
526
529
518
519
544
579
604
603
595
594
597
609
605
595
598
589
578
596
598
595
588
568
573
549
525
515
498
513
518
512
502
507
503
501
511
535
590
625
640
617
607
626
643
580
503
479
565
618
608
593
597
605
605
598
594
599
599
603
581
550
519
527
538
524
520
535
530
533
519
525
542
554
555
556
559
585
612
607
564
505
450
462
507
559
610
594
586
591
600
608
562
526
489
478
490
511
504
505
497
496
492
492
509
507
504
517
511
520
504
512
555
631
670
670
656
641
662
678
645
612
591
584
587
588
587
582
584
552
541
542
556
550
541
542
544
548
537
505
477
483
484
477
480
495
496
519
525
530
530
517
527
521
530
529
528
520
520
527
522
523
527
529
544
532
533
523
516
522
525
522
525
518
535
524
522
531
530
527
525
524
524
520
528
535
525
521
535
531
512
523
545
530
490
550
574
408
140
