490
468
437
437
436
412
406
427
418
415
419
420
416
408
420
412
412
414
422
414
432
476
494
482
482
489
490
514
532
544
540
544
549
545
543
561
532
458
406
434
456
430
404
461
554
575
572
574
582
578
576
578
572
577
625
642
641
642
641
622
603
581
584
584
588
590
589
591
594
559
507
472
475
489
490
479
494
467
412
372
397
397
394
390
391
394
382
394
387
383
411
455
490
476
455
469
521
564
597
599
586
556
559
564
558
568
572
558
548
548
565
601
617
636
610
619
624
629
592
528
496
494
509
499
495
500
486
457
462
450
441
436
439
447
439
440
448
447
447
463
448
442
442
451
458
431
405
396
384
379
403
379
384
413
460
479
468
457
476
468
472
454
487
502
519
503
516
517
500
499
512
562
593
586
572
578
592
596
565
568
574
574
578
570
574
569
586
576
580
575
579
582
569
577
569
586
581
552
501
459
457
476
482
472
459
498
574
610
602
584
595
605
613
576
508
457
465
483
475
444
507
617
680
663
654
647
661
664
662
671
664
667
669
652
608
594
591
602
599
580
587
592
569
529
512
510
520
517
513
509
517
504
474
459
458
473
465
459
467
468
465
452
473
466
462
456
456
454
463
462
461
457
458
460
460
462
462
461
471
464
467
458
465
456
471
468
460
461
462
461
471
469
464
464
477
484
472
469
480
477
462
472
489
477
476
476
490
484
459
429
412
405
412
427
412
395
415
416
377
376
455
599
679
664
641
653
660
665
633
608
597
576
602
612
592
592
596
598
565
510
498
500
517
507
507
517
496
462
451
462
466
446
438
453
452
483
477
484
492
471
487
467
470
481
494
513
537
531
522
531
528
532
531
525
533
527
523
528
519
533
523
536
526
514
527
540
528
519
521
525
525
513
525
541
515
533
549
535
508
522
551
526
503
534
574
414
135
