613
590
540
546
589
564
550
580
571
555
564
588
572
570
572
587
572
587
603
600
600
590
604
597
579
587
582
576
565
594
596
552
515
495
498
502
489
489
486
472
446
440
460
465
453
440
443
461
470
479
482
475
464
467
463
456
465
468
459
451
455
476
460
417
409
412
414
417
418
416
411
414
419
404
359
333
350
374
345
340
378
424
462
465
427
437
491
585
628
625
617
619
616
613
607
604
594
597
592
597
605
601
575
539
500
508
511
519
501
504
518
501
462
445
453
459
443
442
442
436
459
459
455
466
453
467
465
455
461
461
456
441
430
428
421
433
432
441
429
439
442
419
421
434
418
427
427
438
423
417
412
407
400
395
415
396
388
445
566
629
606
597
611
627
584
519
511
509
499
498
511
514
511
516
530
552
554
584
613
594
582
599
611
599
568
528
486
483
510
506
475
469
525
576
599
607
604
584
516
480
479
498
496
482
461
437
453
449
448
447
444
454
471
491
495
480
479
485
488
482
467
455
460
469
435
411
409
417
408
395
388
415
409
402
410
420
410
412
412
400
398
400
398
413
415
409
410
413
404
412
403
401
402
419
414
403
410
470
474
465
486
557
586
598
571
591
627
629
627
622
636
625
613
628
628
604
550
524
521
539
541
530
544
513
475
454
443
468
450
468
470
472
447
429
399
400
415
422
401
389
456
562
627
632
580
523
493
495
497
522
513
510
510
505
503
516
508
526
551
581
570
560
570
579
552
555
542
532
522
534
535
524
520
533
532
516
521
532
525
524
537
537
531
519
539
538
528
529
533
525
524
536
535
518
529
540
531
513
546
577
410
125
