612
579
532
572
615
608
582
594
611
583
591
616
578
507
469
489
493
480
482
491
457
453
466
471
470
450
468
471
460
454
488
546
573
576
563
565
571
567
587
613
635
640
606
629
635
646
606
556
528
527
532
544
548
505
474
452
455
451
458
453
450
453
461
451
450
467
499
508
502
497
512
487
483
531
581
631
614
611
623
606
563
554
560
562
560
548
551
556
557
556
548
550
561
548
555
547
562
584
599
607
600
589
606
602
576
520
490
463
442
422
415
422
432
417
429
431
429
425
425
428
427
415
414
416
427
466
491
490
490
483
483
497
483
484
482
477
475
479
501
556
580
572
559
561
572
543
497
476
474
476
478
474
481
477
465
475
482
472
471
470
477
461
464
490
531
561
554
551
543
552
554
548
548
569
551
499
500
500
496
497
517
557
576
578
561
581
606
557
472
439
443
441
437
454
469
486
496
487
486
491
482
477
478
494
551
580
573
563
571
573
564
567
579
568
555
538
552
560
548
556
546
539
556
577
593
586
600
594
590
591
589
596
584
588
592
566
515
474
475
499
492
487
477
473
468
461
463
488
533
567
555
546
540
559
540
558
595
605
595
591
602
597
595
604
592
583
602
604
583
517
481
488
512
498
484
519
576
584
581
580
573
583
579
584
573
580
588
573
570
596
594
548
472
436
439
455
453
428
435
468
486
483
481
479
478
481
495
554
587
575
562
583
575
543
487
456
445
459
447
442
461
465
469
473
471
470
465
475
470
476
498
552
595
574
576
578
596
588
563
541
526
512
538
542
517
524
542
535
525
526
529
539
529
520
536
527
518
519
525
525
533
535
526
515
522
532
526
526
540
541
524
521
541
541
515
527
552
521
489
541
578
427
133
