574
541
480
515
539
505
458
457
457
448
440
454
448
440
460
459
434
431
436
450
429
430
437
437
424
437
445
436
430
437
449
434
417
387
354
344
364
358
348
379
401
427
381
375
467
609
700
699
668
668
691
683
647
590
575
560
559
590
625
619
606
616
629
586
521
466
478
497
493
466
391
364
404
502
555
547
534
538
544
537
540
529
518
517
533
561
536
536
545
550
534
551
601
627
615
604
616
606
605
580
564
570
565
569
572
566
568
575
575
579
561
562
544
567
568
557
560
594
619
636
629
627
619
638
642
618
556
512
519
537
525
525
535
528
501
483
487
504
495
497
506
494
494
497
493
502
493
501
501
497
512
563
586
560
559
571
580
566
569
583
619
637
630
627
617
628
627
630
606
578
553
563
571
569
557
560
588
612
644
645
629
629
630
645
641
633
631
635
633
638
638
625
633
648
634
613
576
544
542
553
540
544
550
550
557
519
512
510
514
517
512
509
514
509
519
501
518
509
516
513
505
510
485
486
484
497
481
476
496
484
454
454
458
454
449
442
454
442
456
448
455
448
438
427
416
421
426
430
416
409
421
426
424
427
441
413
407
478
582
633
613
601
596
548
500
495
535
529
480
434
413
416
422
420
424
417
427
421
422
434
438
424
420
423
432
431
440
449
445
432
429
447
444
439
430
441
443
413
387
361
356
369
380
355
347
403
507
585
570
553
563
571
554
581
617
649
642
620
626
641
631
622
636
634
606
595
597
605
578
528
515
514
514
518
514
519
515
524
514
531
528
523
525
520
521
534
529
527
539
536
526
540
537
513
511
532
534
507
511
540
513
506
546
571
412
140
