519
507
469
477
490
499
566
612
614
581
587
622
622
567
510
473
463
468
483
463
474
490
487
459
426
415
407
423
432
415
399
448
555
606
591
580
599
606
567
520
517
516
505
505
511
518
524
515
506
507
504
509
508
517
490
432
414
414
435
436
413
425
429
421
423
425
433
419
419
431
424
414
430
421
413
376
344
355
373
357
339
342
356
346
342
380
449
476
466
474
474
458
451
502
572
606
599
596
562
509
469
468
477
485
474
481
485
479
480
491
488
489
469
478
503
560
597
596
586
589
604
591
574
583
588
595
571
561
550
548
555
557
558
542
557
570
598
620
618
615
605
608
623
635
582
475
440
444
453
452
428
448
460
447
429
431
422
429
423
422
427
430
425
416
476
566
632
631
601
615
636
628
580
534
482
479
504
497
491
490
494
487
481
482
502
493
487
480
511
559
582
576
579
571
581
581
573
568
581
582
565
530
503
506
502
509
507
483
443
436
434
427
438
435
419
389
361
362
357
362
373
365
342
372
380
385
367
427
535
602
604
568
585
594
583
575
590
598
574
576
590
588
584
582
580
584
556
532
513
507
517
525
518
521
507
515
534
581
621
615
597
594
588
578
577
594
594
570
505
473
490
487
483
483
486
491
496
494
497
501
479
511
560
591
583
582
580
587
574
578
596
613
626
646
637
621
618
632
599
513
447
486
578
608
600
600
604
609
602
594
596
602
594
579
594
585
600
590
565
541
542
545
551
543
543
556
558
553
575
534
476
471
469
467
461
479
526
538
517
536
539
534
532
518
531
522
532
528
533
523
514
546
532
523
517
515
521
522
514
538
533
521
526
530
530
521
530
530
521
523
536
527
525
533
531
528
534
536
540
529
522
536
525
526
536
539
525
530
531
534
524
526
535
526
515
540
528
512
530
551
519
495
556
580
412
135
