527
494
465
487
500
467
483
590
645
617
594
618
632
553
470
437
425
429
429
431
422
413
447
505
536
525
514
523
519
522
513
525
523
523
529
522
524
518
526
560
551
543
560
554
552
552
565
616
646
638
631
626
642
628
623
614
584
580
603
591
574
585
611
558
491
465
474
483
478
473
493
462
419
400
410
409
400
411
416
404
382
446
522
571
564
567
563
568
567
571
575
560
546
526
540
535
554
557
554
557
567
558
565
571
558
575
592
594
577
558
546
564
566
577
563
546
512
509
508
495
500
510
494
495
523
578
621
594
558
541
561
538
541
552
541
537
549
567
582
559
569
579
557
527
509
515
510
511
516
532
538
535
543
528
535
573
620
661
676
650
625
563
513
511
525
529
516
529
534
522
509
550
582
599
594
594
603
592
581
593
593
575
583
599
573
576
584
593
569
525
519
525
508
522
539
594
642
636
620
611
622
635
590
547
521
529
516
527
548
622
632
651
645
612
536
475
475
502
496
470
463
465
467
462
457
479
471
457
456
503
576
652
653
610
605
640
650
595
519
486
477
503
500
484
481
513
553
580
579
570
575
580
589
567
534
519
518
515
525
509
517
547
572
598
603
601
579
574
572
554
569
564
553
549
537
532
524
529
540
540
535
541
533
523
527
527
524
515
555
653
675
671
658
663
672
665
656
671
651
592
573
569
584
575
564
585
590
569
536
524
524
542
531
529
531
527
530
528
530
515
527
528
522
538
534
530
522
536
521
524
523
538
527
510
528
536
513
528
526
536
519
532
548
524
498
563
574
405
134
