605
571
515
548
573
559
537
574
566
549
548
569
561
570
556
574
552
548
553
572
610
624
643
632
583
532
502
476
524
527
499
501
540
587
609
599
593
610
609
617
604
597
605
600
610
602
590
600
615
619
580
497
464
476
489
492
486
456
401
360
352
387
369
370
374
384
372
352
421
513
566
553
530
542
560
570
575
566
561
567
590
598
595
588
592
598
563
507
448
447
509
596
622
631
608
621
634
624
613
625
619
619
614
611
631
623
613
567
531
532
547
548
538
546
554
542
521
511
517
522
516
517
522
509
508
506
505
491
492
486
498
489
491
498
484
491
502
496
490
491
487
488
478
456
456
448
467
465
465
464
455
436
424
423
431
431
426
417
425
424
414
436
458
455
461
444
451
447
447
453
491
499
501
491
495
496
488
493
501
499
498
507
495
503
496
498
516
514
498
504
516
514
501
492
506
505
498
499
511
513
508
496
495
504
504
496
508
497
494
488
494
499
507
494
475
466
464
472
468
465
464
472
458
463
477
462
459
469
459
463
462
457
466
454
467
465
453
459
474
466
466
445
463
457
458
462
459
459
463
461
458
461
469
461
470
459
474
463
473
471
473
474
476
488
472
468
451
442
451
451
447
445
450
449
422
417
405
419
427
409
397
453
549
637
630
596
605
635
640
580
526
486
478
468
523
568
597
606
610
553
467
414
418
441
433
427
449
438
411
387
376
377
376
369
383
369
354
418
546
609
597
576
582
594
593
577
581
608
620
641
646
643
641
654
655
628
585
565
581
587
584
578
584
567
525
485
492
495
490
489
499
488
510
518
535
527
520
534
528
521
524
529
537
529
526
521
519
529
526
523
518
522
545
525
536
528
532
528
530
534
536
528
528
528
528
530
537
529
511
542
539
519
516
542
534
521
517
551
527
501
535
582
425
137
