531
515
447
472
509
478
461
515
579
609
605
614
597
601
606
621
565
496
477
472
487
465
418
416
427
416
417
421
428
400
397
446
560
611
594
583
575
605
591
564
550
533
509
514
523
505
512
536
522
497
448
421
417
422
427
431
415
409
371
351
346
349
362
336
348
378
444
464
504
553
586
586
579
586
587
592
594
569
505
480
467
479
486
465
466
489
486
480
482
487
479
473
475
483
477
480
484
482
483
472
508
546
598
593
574
583
594
602
580
576
563
552
550
564
554
549
548
560
551
548
560
605
623
611
601
620
616
602
628
625
577
478
434
437
455
453
447
455
444
451
436
443
430
436
439
428
426
444
437
430
438
442
435
412
476
578
622
603
605
616
598
525
486
491
514
505
507
506
506
492
490
498
479
484
489
495
515
546
583
587
574
565
577
582
552
533
507
502
509
514
503
503
528
516
489
457
435
431
439
434
446
423
379
342
356
365
365
363
369
367
352
367
367
360
378
394
373
368
424
548
595
584
575
592
591
585
589
584
584
574
592
580
529
502
514
515
514
510
511
510
531
589
611
604
609
609
616
596
589
589
584
576
595
606
566
505
482
473
489
489
479
482
475
485
488
489
490
485
486
517
561
597
579
589
574
580
582
575
586
610
625
625
606
629
627
620
598
519
465
467
514
578
616
605
610
600
607
590
602
585
594
592
596
593
598
592
600
595
577
557
538
545
537
545
551
546
560
556
566
552
556
565
566
562
551
568
571
562
553
560
564
555
563
559
556
548
553
558
559
564
575
550
500
464
480
481
473
476
469
490
524
531
523
524
526
528
519
529
529
535
522
520
543
526
525
530
538
517
517
531
530
523
524
530
530
512
527
536
514
522
538
522
511
526
548
530
503
552
575
413
126
