606
632
593
605
616
618
617
578
485
396
409
452
437
414
416
467
493
529
529
520
517
515
527
526
549
559
547
554
543
547
555
542
542
543
574
618
643
644
620
631
645
636
618
611
599
575
602
597
555
489
466
480
482
458
455
485
477
452
433
407
396
437
525
573
573
560
556
567
553
554
547
535
553
551
537
528
551
568
566
556
564
561
560
546
568
589
568
549
542
537
540
551
545
538
552
554
570
564
564
561
549
517
492
491
490
508
492
491
524
563
608
601
592
597
607
601
588
601
601
599
550
535
541
545
541
544
540
544
560
559
571
560
571
567
566
559
533
516
518
514
521
523
520
508
517
534
538
533
537
535
551
532
518
561
639
682
622
555
511
518
536
526
519
516
542
573
599
597
585
593
591
595
577
582
583
590
564
535
510
516
521
510
504
500
534
602
635
623
627
626
625
635
599
554
512
522
542
533
510
551
624
653
641
635
643
631
628
647
662
602
527
481
484
486
490
485
482
484
471
457
469
480
454
450
516
610
648
634
633
649
600
531
464
487
508
491
469
514
562
582
569
544
510
524
517
507
508
539
593
600
597
578
589
565
554
558
555
565
567
547
539
529
531
522
527
533
522
527
566
639
680
688
658
651
683
664
645
595
571
573
573
577
577
578
577
576
570
573
583
589
576
541
526
523
516
523
518
528
526
542
529
528
540
534
523
517
532
522
523
529
537
522
522
524
527
519
529
526
514
537
537
534
518
521
545
533
492
539
579
422
128
