525
497
453
491
505
469
483
490
480
413
389
400
390
385
391
394
389
383
393
415
404
406
421
403
405
418
412
398
444
529
585
555
569
559
575
561
570
573
574
573
570
564
560
531
532
550
540
537
528
544
539
557
571
566
561
559
563
561
566
559
557
565
563
563
576
580
597
592
585
588
586
592
598
592
581
588
600
554
506
467
487
483
497
500
465
401
360
364
378
382
349
368
403
431
446
464
461
449
464
459
457
443
477
549
602
597
572
578
601
591
583
598
629
649
633
636
642
634
616
559
517
516
536
542
507
471
458
448
456
454
453
452
453
463
446
448
448
448
411
380
423
411
386
370
455
602
686
674
657
659
667
671
644
600
562
563
579
562
551
572
577
534
545
605
623
619
618
628
570
501
473
485
481
476
480
473
472
511
623
681
665
642
649
676
680
623
570
551
555
516
466
421
428
458
449
430
433
474
522
536
548
547
540
549
542
538
546
571
564
550
554
564
566
558
570
573
565
553
585
617
635
623
622
615
626
632
610
571
552
554
564
564
537
524
525
509
521
513
510
516
507
517
517
518
514
511
508
496
511
504
509
505
499
513
543
554
552
558
555
564
557
546
548
563
559
554
553
553
560
561
563
575
582
584
578
550
535
539
555
549
531
542
557
552
536
563
582
598
608
600
597
591
600
616
557
481
446
453
462
451
461
473
438
400
385
369
359
428
565
633
602
593
608
628
604
581
618
614
603
606
613
605
611
621
605
551
513
537
540
532
544
512
462
447
438
465
463
451
470
463
443
465
514
537
527
513
531
523
516
523
533
528
528
531
519
515
518
537
528
519
519
536
516
530
534
531
528
534
530
528
524
534
539
522
526
532
531
509
532
546
522
513
548
565
402
129
