576
558
500
521
570
593
611
618
602
598
608
601
548
513
546
528
527
533
583
590
591
585
559
516
481
490
509
484
478
495
500
489
490
491
483
481
484
488
483
488
487
481
485
490
475
483
491
481
473
438
414
421
413
416
422
419
411
429
462
505
479
489
481
486
503
524
567
553
528
539
542
538
518
498
493
493
499
503
504
502
497
485
529
606
640
617
593
620
625
607
621
631
636
576
486
454
445
473
468
459
457
470
546
577
579
567
576
571
575
576
621
638
627
622
616
625
626
603
581
564
575
579
585
571
569
590
586
586
586
581
575
565
569
560
554
553
565
556
532
516
514
520
508
510
539
592
620
598
545
507
524
536
485
451
428
418
423
443
435
428
426
430
437
427
421
471
567
624
615
591
590
621
615
582
509
463
466
479
474
474
479
482
486
486
492
470
488
489
494
490
493
483
495
491
494
476
487
490
471
481
517
617
645
632
627
623
622
631
625
620
554
512
533
550
540
515
483
465
470
473
476
460
469
474
459
440
429
429
419
437
429
431
428
431
432
431
422
427
443
442
438
440
439
447
429
438
434
451
442
434
438
432
440
444
431
441
449
451
457
473
481
475
470
475
480
466
480
451
447
444
459
449
445
452
448
437
432
431
441
428
429
436
428
420
429
452
438
405
459
566
621
611
621
620
595
523
482
482
484
479
489
492
489
488
461
422
395
390
405
404
399
398
399
388
389
409
429
441
458
450
432
481
583
651
633
602
635
657
606
534
512
502
501
525
505
514
510
494
497
494
500
491
480
487
506
531
535
540
530
536
538
534
539
532
530
529
528
527
529
531
523
522
538
520
521
523
531
543
521
526
524
526
528
538
534
524
534
536
526
514
524
532
528
519
526
535
518
531
546
520
489
548
570
408
127
