484
472
437
455
448
429
418
427
427
426
422
429
419
411
416
435
417
402
401
404
415
387
387
441
547
616
609
593
593
604
601
586
597
550
522
554
598
614
592
609
625
612
615
587
551
532
528
532
532
529
534
489
477
482
483
490
482
477
486
489
483
484
486
485
486
487
482
476
477
486
500
476
463
460
456
451
471
447
454
464
461
444
447
458
458
440
452
467
433
429
478
567
612
612
600
598
595
595
567
517
470
479
491
487
481
523
631
709
706
654
614
590
589
595
608
569
494
459
454
477
461
473
464
463
457
441
441
425
431
436
427
422
422
446
424
413
478
566
598
616
596
607
597
587
598
583
582
534
500
523
533
520
529
554
566
574
560
578
586
574
563
597
611
607
607
611
594
610
618
624
575
518
498
492
501
502
503
483
491
535
654
698
660
583
556
575
576
566
574
581
583
551
520
489
486
503
485
492
487
517
547
557
569
554
548
568
559
569
560
579
575
563
564
570
569
564
570
570
569
564
577
594
579
579
586
587
574
510
475
473
500
504
486
475
522
631
695
710
688
680
696
705
652
586
540
556
561
557
540
546
541
502
463
481
483
481
467
479
468
463
509
620
699
683
659
680
700
657
603
587
585
603
589
594
597
587
601
602
569
475
441
454
465
454
432
462
449
436
459
462
433
387
368
360
363
362
379
359
362
411
511
564
563
533
545
562
547
533
549
552
558
574
585
576
571
596
588
577
582
592
587
592
594
605
569
545
513
523
530
538
537
530
527
519
527
531
527
528
535
522
524
522
527
522
522
530
532
517
473
455
467
472
466
444
451
470
515
543
543
523
512
535
537
526
526
536
520
527
532
522
521
532
523
527
521
522
528
525
528
539
520
524
525
544
536
507
527
526
516
517
538
529
516
520
556
526
494
554
569
414
135
