555
537
491
502
529
516
489
463
448
441
445
433
403
396
395
413
414
395
379
441
555
610
611
580
588
599
597
596
610
644
628
631
626
632
636
616
624
634
630
634
620
625
632
645
624
553
505
517
525
529
519
520
565
622
668
655
645
653
657
643
655
669
632
577
555
566
582
565
544
565
563
571
600
628
612
600
605
606
603
544
519
532
557
615
645
645
637
642
641
640
608
545
514
534
544
512
488
465
475
484
468
475
483
494
494
502
492
500
501
499
493
502
556
577
576
561
557
558
562
561
558
553
540
547
562
549
546
560
566
584
606
620
600
589
618
620
576
519
475
482
485
491
492
476
490
501
512
520
521
521
513
505
538
595
616
605
602
610
612
608
611
616
581
509
464
471
471
469
451
474
485
459
450
426
433
432
440
436
414
424
432
420
420
478
551
600
587
578
591
590
579
588
597
587
595
574
558
533
521
530
532
535
564
584
570
571
565
577
559
536
493
441
437
458
467
435
427
498
586
623
617
611
613
608
624
614
617
613
622
615
605
627
632
588
516
466
484
497
470
452
448
455
462
459
459
428
506
618
712
695
677
691
717
681
686
692
697
670
621
593
597
605
623
583
523
502
516
528
509
522
514
502
470
449
448
455
461
456
455
451
454
445
450
455
459
457
457
441
457
463
444
454
447
445
439
451
457
466
450
451
451
457
456
459
461
451
448
438
455
457
471
477
487
485
471
456
471
485
461
456
450
451
448
452
455
427
411
397
383
391
398
405
389
393
421
450
456
448
493
550
597
587
577
579
567
592
588
572
534
524
526
533
519
524
528
521
530
527
529
548
533
523
541
526
535
516
528
537
527
517
540
531
521
536
529
533
513
524
541
523
523
528
529
512
516
549
519
508
553
566
415
126
