520
488
469
492
491
463
513
599
624
599
626
627
614
610
629
581
472
411
416
440
425
420
433
430
448
504
532
524
514
536
558
552
544
568
563
543
550
556
561
537
553
553
546
552
556
573
609
634
636
627
629
638
628
603
595
601
595
581
604
602
574
494
465
461
468
468
473
478
456
425
405
405
408
416
411
408
415
419
411
402
451
525
569
571
553
569
575
561
549
552
537
543
541
541
547
557
554
560
567
557
561
558
572
572
559
568
559
565
559
564
562
567
558
564
573
568
568
557
568
563
557
567
572
592
588
579
583
578
590
572
555
544
540
556
552
554
571
572
563
559
569
571
577
566
576
570
558
518
503
490
502
510
505
504
495
529
579
604
611
601
603
597
591
586
556
557
543
555
555
534
542
544
550
565
565
583
576
570
569
571
550
522
517
515
520
501
520
526
535
537
553
537
539
563
622
666
656
641
659
666
617
545
520
526
526
531
523
528
511
540
580
611
596
591
589
607
594
595
595
595
597
590
604
594
600
593
598
590
602
601
590
587
592
602
582
589
603
593
597
596
601
604
610
597
606
587
587
582
583
580
578
568
584
600
599
569
542
504
514
522
512
500
498
544
594
622
633
615
625
629
604
547
513
538
542
529
509
562
615
656
633
642
643
642
651
634
641
634
629
651
642
630
644
641
596
527
489
499
498
480
482
468
468
475
486
461
456
497
598
661
641
618
635
653
633
591
528
493
486
508
501
488
498
560
580
580
565
570
591
584
574
580
577
573
583
583
575
573
581
577
573
579
584
558
524
508
511
533
534
514
521
525
511
512
523
525
511
522
527
523
512
515
534
588
603
598
568
546
565
563
566
556
563
571
556
521
527
526
526
527
530
554
525
511
563
638
690
669
663
654
679
666
667
649
668
659
643
600
569
572
580
569
584
569
535
521
523
524
533
523
526
514
523
536
523
529
537
529
517
524
523
525
529
519
523
525
533
537
526
523
531
534
528
518
521
521
523
527
521
528
520
526
544
530
517
534
535
518
531
543
521
504
549
561
416
126
