566
542
528
591
648
621
568
559
543
521
541
545
534
531
538
535
517
538
595
562
504
480
489
497
466
490
495
466
438
425
431
430
425
428
413
419
427
427
432
437
469
492
485
488
481
486
487
470
505
541
553
543
546
556
551
527
517
499
500
507
500
496
498
506
511
503
504
508
499
487
531
595
619
623
631
641
585
481
450
460
473
444
463
458
455
453
451
461
457
445
464
453
434
482
567
590
575
574
578
572
578
611
626
621
617
619
632
624
623
618
580
571
566
576
581
570
577
579
575
582
593
589
579
594
589
590
594
580
567
545
567
575
566
548
526
513
511
525
586
621
593
545
520
524
533
523
517
524
522
494
450
415
424
444
433
433
430
447
424
433
449
445
439
444
442
428
426
432
454
434
414
469
555
619
608
605
606
608
607
613
606
573
507
461
468
486
499
477
493
490
495
479
477
534
605
647
648
629
624
645
641
614
557
527
522
539
528
530
527
537
537
531
513
495
463
473
479
448
468
483
466
459
474
479
455
428
423
431
432
414
430
436
436
441
443
440
442
452
469
470
470
466
478
469
479
480
473
447
441
460
457
449
445
452
441
435
442
436
423
434
440
432
407
480
567
614
615
605
617
607
605
610
587
509
470
485
504
488
464
500
499
467
407
385
393
393
409
387
400
400
389
389
411
446
461
440
432
445
437
417
482
591
642
635
627
619
640
631
635
636
638
626
623
625
629
603
547
509
500
517
508
515
489
494
487
484
490
500
501
486
491
500
530
545
540
517
536
530
537
534
538
527
518
520
529
516
522
537
531
518
533
525
531
522
526
537
530
530
527
525
522
519
538
540
516
527
554
520
507
545
578
415
133
