686
665
604
625
669
643
596
578
543
527
539
549
536
530
532
535
491
485
505
486
434
419
420
429
430
438
452
458
460
461
474
469
460
455
482
536
567
571
565
551
570
564
547
555
576
600
613
605
602
599
581
530
496
497
515
509
496
506
505
503
492
494
480
464
479
477
474
471
501
571
604
594
584
589
601
596
589
573
561
566
561
573
569
567
567
568
568
555
570
553
544
553
546
553
554
550
565
602
603
614
602
606
614
621
612
608
617
628
578
506
466
486
497
489
475
489
495
483
483
485
475
470
491
492
498
486
491
497
482
484
520
570
601
574
577
583
581
578
585
586
582
588
580
585
582
575
577
573
583
580
591
557
486
480
476
498
509
515
517
513
518
517
513
532
584
602
582
589
600
611
564
499
474
475
490
483
475
484
485
484
488
488
483
499
490
490
492
476
462
458
453
462
476
466
461
474
502
540
540
512
527
538
533
529
537
536
521
557
619
667
655
631
659
658
635
658
667
621
572
558
552
550
548
563
598
611
603
604
602
610
613
602
589
608
607
570
510
472
487
492
514
560
600
605
589
592
608
602
557
544
515
497
466
449
435
455
439
444
457
451
443
425
415
395
403
402
405
390
416
417
407
400
413
416
401
399
410
435
432
437
431
440
438
442
434
441
444
441
433
446
451
422
402
383
378
389
375
387
395
381
379
398
386
379
388
401
373
371
447
602
673
650
645
654
644
595
581
592
593
575
591
585
588
586
596
587
577
598
599
565
495
463
469
479
462
454
484
478
458
423
412
409
419
424
403
386
454
567
605
601
601
597
597
612
607
615
601
607
600
595
582
585
578
594
601
607
578
535
516
516
526
536
526
529
522
521
533
525
524
525
520
529
527
527
526
526
525
521
513
519
526
538
537
526
527
516
528
537
531
504
529
549
527
496
558
568
411
134
