555
529
485
517
529
502
519
591
640
610
608
635
627
574
531
501
497
513
517
495
485
528
600
648
635
619
631
635
640
598
534
506
501
512
520
489
497
546
583
617
618
607
614
606
606
568
514
473
479
503
499
460
446
444
436
428
440
443
435
417
480
567
615
624
615
614
597
620
634
570
481
441
473
473
448
481
579
609
591
596
607
620
601
599
611
616
596
598
613
602
596
603
609
605
600
601
614
596
610
607
599
595
600
606
606
605
604
613
612
611
598
596
585
595
597
608
588
602
597
590
603
602
580
535
521
525
534
523
533
542
534
525
535
560
574
561
568
571
571
564
572
604
615
602
598
602
614
613
598
541
537
536
552
570
579
591
575
580
596
575
560
522
508
507
508
509
520
495
502
530
594
617
631
616
621
602
604
591
606
602
590
595
595
590
603
608
595
602
610
603
603
602
614
577
512
476
488
490
500
491
493
506
501
532
534
530
524
526
547
562
573
583
588
540
474
451
441
442
459
441
427
489
581
628
612
593
618
609
609
613
621
625
616
615
633
608
558
539
539
542
533
525
542
547
531
525
513
508
512
513
520
521
513
523
515
513
495
482
489
499
484
488
495
481
465
446
460
462
451
446
450
458
448
443
450
450
447
457
454
466
504
527
522
504
513
520
515
511
539
598
635
610
621
630
620
597
632
622
580
517
473
468
487
487
477
475
488
488
477
477
488
482
473
477
515
590
652
645
610
619
651
644
602
528
501
497
503
498
498
498
492
499
493
495
489
486
499
503
515
492
487
493
496
495
498
498
499
506
496
502
498
489
497
494
499
500
497
490
501
502
494
497
491
524
534
566
567
576
593
582
569
586
573
575
586
597
544
489
449
448
447
459
446
459
456
449
451
444
458
450
430
438
487
577
625
628
592
606
620
620
589
557
532
516
526
536
521
522
542
529
516
518
525
519
515
542
534
523
525
536
518
518
528
542
521
522
539
541
516
524
558
518
491
550
575
414
128
