562
541
500
520
528
517
504
531
541
515
527
528
520
499
474
457
449
450
455
459
462
463
459
448
466
472
462
465
458
433
438
425
431
427
436
433
410
375
335
340
359
363
378
415
415
397
401
415
410
383
403
425
390
385
466
621
704
686
649
679
693
680
651
605
555
572
580
571
569
574
579
572
575
604
628
617
613
642
636
588
504
478
473
489
487
463
397
359
361
385
373
352
375
395
383
367
415
497
555
541
536
546
551
547
532
542
539
518
530
524
511
510
526
549
544
537
547
541
541
546
537
529
565
602
626
620
610
619
619
623
623
611
584
560
561
575
569
565
571
581
562
571
562
559
558
569
556
558
566
566
567
554
586
628
644
640
625
632
646
637
606
553
524
519
541
540
525
503
489
504
497
493
495
511
551
586
575
556
560
589
618
626
579
580
562
564
576
603
649
648
627
621
650
650
611
575
545
547
547
547
550
552
546
558
530
518
503
527
505
485
486
482
499
473
479
484
479
459
449
459
453
445
455
460
448
436
421
415
427
421
427
420
430
425
420
421
425
432
413
434
431
422
419
425
419
413
426
432
429
410
410
431
424
407
480
580
629
622
610
611
620
608
622
582
531
500
518
501
443
408
414
449
426
416
445
437
420
433
426
424
418
440
446
438
419
446
446
427
391
349
352
375
364
362
348
403
520
603
569
540
573
628
637
617
634
630
629
628
641
623
590
595
610
608
568
540
507
509
534
527
503
512
526
532
539
531
534
525
518
529
525
520
532
530
526
528
522
537
526
518
527
540
531
522
539
533
518
528
542
516
508
544
569
420
134
