562
539
483
500
529
511
497
523
576
586
577
581
586
610
549
469
416
421
445
438
428
443
443
451
462
464
452
447
455
450
432
485
587
613
602
594
615
596
542
523
540
531
530
576
598
584
567
585
602
590
583
579
565
573
570
574
565
576
575
580
573
571
576
568
578
627
649
649
641
654
656
622
576
546
543
547
567
537
505
502
513
507
505
508
518
492
471
450
447
440
447
476
465
448
470
476
448
443
518
600
649
663
651
613
497
423
424
458
453
418
423
482
511
562
559
553
561
557
564
550
567
593
609
609
604
613
620
618
617
614
617
611
617
614
617
618
623
616
606
624
628
619
619
626
618
596
554
515
515
538
515
514
559
634
675
670
654
672
670
663
662
671
670
670
660
685
668
644
587
592
573
550
547
553
556
556
552
549
561
559
547
561
560
548
547
581
607
628
635
624
612
629
618
598
556
520
534
537
545
543
548
522
501
476
483
491
485
485
473
489
497
494
492
469
448
457
455
463
447
453
473
483
486
476
477
470
469
502
552
581
581
572
576
586
577
603
622
641
636
622
624
641
637
605
558
534
542
548
536
536
547
537
508
496
496
513
504
500
502
503
498
503
489
496
497
503
509
496
505
507
509
497
496
497
498
492
492
506
501
490
498
501
502
481
477
481
475
481
476
486
465
455
469
465
470
459
444
438
445
442
441
445
444
442
427
419
407
394
402
396
408
397
409
392
377
362
406
481
519
508
511
523
512
509
531
594
635
639
629
613
563
523
534
547
518
478
483
485
482
463
497
505
539
532
529
519
523
533
526
523
527
536
520
522
524
533
533
526
530
522
512
538
532
508
526
555
529
502
558
573
411
108
