655
621
567
617
628
562
471
431
443
446
441
443
431
421
404
407
406
420
392
391
472
597
678
670
653
653
664
667
658
641
577
549
552
581
563
543
542
550
543
539
536
550
545
537
542
566
586
604
592
601
573
497
444
447
470
461
452
441
427
426
428
441
414
409
465
572
607
622
605
589
520
468
475
498
484
469
478
476
471
480
492
466
415
407
406
404
398
403
410
403
409
426
484
531
585
608
613
604
594
627
621
582
531
500
504
527
507
504
511
522
499
457
449
439
470
455
446
442
457
439
437
434
422
429
431
435
441
419
395
395
388
433
456
486
482
457
452
493
528
549
535
523
548
539
533
533
529
519
531
521
514
524
527
523
514
511
533
512
512
544
584
605
601
598
593
607
600
583
592
602
594
589
587
593
603
590
578
572
552
557
568
558
509
497
531
595
632
630
635
593
506
442
458
484
470
444
491
574
625
595
601
600
589
601
604
607
597
596
602
600
579
598
595
589
597
597
586
536
519
518
521
537
527
539
538
556
559
546
562
573
613
603
600
605
606
596
600
609
597
599
605
604
602
589
608
595
608
606
604
607
589
599
619
578
506
459
466
479
481
474
469
461
513
575
606
595
578
599
611
561
511
495
488
496
508
517
511
519
525
508
501
554
629
668
663
642
662
652
598
584
596
598
564
548
553
550
544
543
545
562
554
534
501
469
479
498
480
480
494
516
522
529
536
523
531
534
528
521
525
534
526
516
536
539
515
523
540
520
498
557
576
414
119
