652
637
573
597
626
598
595
594
548
519
529
552
522
518
525
531
485
485
496
505
474
490
496
497
465
455
463
461
466
469
425
398
415
428
408
400
421
418
387
374
415
466
482
496
489
475
486
503
565
577
574
572
572
572
573
585
598
615
621
610
606
616
617
584
532
489
487
498
504
501
500
476
449
458
471
456
449
462
464
475
461
464
463
474
478
490
498
492
493
492
504
488
507
499
497
489
481
459
438
448
448
456
448
441
466
488
470
493
486
490
480
491
495
480
485
481
494
476
470
514
608
652
643
634
628
652
651
607
546
529
521
494
490
477
492
495
488
487
510
473
431
408
408
422
427
412
419
416
401
403
395
399
404
388
380
391
397
408
392
401
397
395
387
395
396
378
392
392
374
365
449
598
673
656
642
640
651
644
651
643
601
572
587
593
586
586
568
515
473
488
504
490
490
494
479
412
390
401
396
385
399
408
384
388
423
448
426
426
443
437
425
460
581
629
618
607
608
626
615
597
542
522
527
538
521
513
520
532
525
516
526
518
514
517
530
533
513
517
539
530
516
531
525
523
514
536
525
516
532
527
515
518
562
579
556
539
542
523
531
530
540
520
517
573
641
693
693
677
680
692
695
662
612
600
605
620
607
603
612
580
545
513
513
526
522
526
538
509
467
443
459
455
447
439
449
444
455
449
458
444
451
447
446
445
437
459
478
473
469
467
478
485
472
477
516
584
632
619
604
623
635
625
603
617
628
604
531
510
523
532
524
498
526
534
516
499
553
598
623
611
608
614
627
623
594
524
479
491
526
499
455
460
474
451
458
462
463
451
451
472
451
438
476
514
536
534
520
529
533
529
533
520
522
527
533
532
528
537
538
531
519
541
535
520
528
545
516
508
538
531
516
527
550
519
503
544
577
408
134
