614
595
538
556
588
596
583
613
609
582
592
621
577
494
470
484
490
478
491
501
493
461
472
463
453
452
490
552
579
562
575
572
556
558
576
617
641
624
619
621
641
643
609
561
530
521
535
544
529
521
471
439
441
465
449
445
455
469
486
502
495
492
483
506
596
621
626
606
613
621
593
564
550
567
564
566
555
566
550
554
554
554
548
555
560
555
562
583
602
606
584
591
610
611
579
514
476
489
503
489
477
508
497
500
484
497
507
474
432
422
409
429
423
429
427
412
433
473
496
485
463
467
500
474
475
514
560
567
561
562
573
542
502
470
476
494
474
477
466
481
463
476
473
469
488
522
557
557
555
553
544
553
545
559
578
598
590
601
589
593
588
599
600
571
527
488
483
503
496
480
479
500
490
493
498
495
482
509
573
603
574
567
585
577
575
567
597
577
560
582
594
562
457
425
436
442
438
427
449
470
485
491
480
478
491
548
574
575
564
558
556
543
538
557
547
548
548
553
555
548
547
551
561
577
584
577
592
587
595
587
588
601
579
584
586
591
586
596
593
565
511
474
488
503
498
473
481
461
466
491
544
563
546
552
558
559
541
562
560
586
602
596
594
606
596
569
512
486
494
502
493
486
497
494
489
503
556
586
595
553
474
430
427
446
442
431
437
444
476
479
492
479
508
539
599
586
534
488
458
455
451
464
472
463
467
464
472
469
476
480
464
460
495
560
591
580
574
580
577
581
572
566
532
515
526
520
519
535
533
523
530
533
526
528
523
536
523
516
525
536
522
515
526
542
525
533
532
534
526
531
537
526
525
542
540
506
529
544
511
506
559
574
412
120
