687
659
590
639
657
628
606
636
624
581
571
586
586
566
587
589
591
557
528
494
493
512
516
498
505
496
470
456
448
460
461
458
458
461
442
438
449
440
441
445
456
443
445
440
445
426
430
447
462
447
437
431
422
414
427
417
428
417
432
443
442
451
448
442
434
448
472
471
467
470
471
488
471
487
457
454
462
467
451
446
477
467
479
472
474
476
471
508
565
608
603
602
603
594
593
590
596
595
581
597
585
585
582
586
587
590
560
503
472
476
492
491
471
472
479
473
480
486
486
468
479
486
478
485
481
481
485
480
494
485
488
482
493
479
482
492
491
469
509
578
624
625
624
626
635
605
580
604
606
594
594
607
597
573
542
511
520
532
528
515
514
526
525
517
524
519
508
512
521
516
507
504
524
518
502
462
459
450
453
465
466
470
489
489
473
472
529
587
626
622
607
607
597
581
581
582
579
582
587
579
585
566
576
570
584
593
573
512
465
482
507
487
473
489
509
480
436
424
424
420
430
444
463
453
455
457
466
478
459
442
475
510
536
533
538
526
538
551
569
588
605
614
566
504
480
468
487
507
573
609
617
596
594
604
612
596
609
613
572
495
448
473
474
462
451
468
463
411
380
399
425
399
373
452
584
657
641
629
645
644
643
636
620
576
545
542
565
566
558
562
562
548
554
569
556
522
507
503
517
500
502
508
511
513
528
539
533
515
557
614
659
648
658
655
640
597
579
588
590
572
580
591
588
570
586
591
585
583
580
581
592
586
581
582
588
585
571
593
577
557
497
469
472
489
478
474
493
499
523
531
528
523
528
528
539
519
526
528
525
518
527
538
532
514
525
534
536
516
526
531
521
536
536
527
531
528
535
535
524
538
537
514
525
541
525
507
550
574
412
134
