609
582
513
543
567
549
535
566
570
551
547
560
560
555
553
568
569
549
573
609
643
625
620
626
634
595
537
491
495
521
518
483
521
594
614
590
589
595
598
597
598
605
609
587
508
467
474
477
478
486
495
454
402
356
377
409
372
358
415
514
561
565
538
551
556
564
573
565
563
563
566
586
568
573
566
567
572
577
577
562
549
561
576
568
585
593
597
595
599
601
596
591
582
596
583
599
610
569
503
448
466
470
446
492
589
647
622
612
622
632
629
615
635
611
617
622
636
626
620
629
630
627
628
632
604
548
527
551
544
542
527
544
561
552
552
523
526
515
520
516
512
509
523
501
521
520
512
509
522
501
497
497
493
509
492
497
493
479
485
484
490
477
481
496
490
482
457
454
467
456
457
468
463
465
463
455
436
431
433
437
435
426
423
435
444
455
457
433
448
453
444
442
465
484
506
489
496
505
514
498
502
502
511
504
502
506
494
487
498
517
495
496
502
507
494
501
491
480
505
501
496
501
486
499
496
494
494
500
494
477
476
464
476
469
467
459
464
460
458
464
458
459
458
452
460
485
473
467
460
445
445
455
458
456
452
434
424
425
401
419
432
420
408
467
574
627
614
600
620
598
507
458
503
575
601
587
594
595
590
576
579
605
544
462
432
431
432
433
440
455
423
387
369
375
362
364
371
369
361
369
384
359
360
424
531
603
591
582
574
599
627
634
628
590
570
574
586
582
573
558
527
488
488
507
515
517
521
531
529
508
520
528
521
521
526
541
534
537
527
521
525
526
548
526
521
530
535
515
509
537
525
508
525
554
529
503
540
569
416
141
