567
539
479
503
543
524
505
512
551
585
624
635
636
615
626
627
598
539
493
490
515
494
487
538
596
643
637
625
615
624
624
623
624
613
625
627
634
648
616
587
524
508
502
510
505
497
505
531
569
622
620
598
589
621
610
571
508
473
481
495
484
478
487
473
462
439
435
482
579
621
616
617
612
618
621
626
580
489
456
443
469
469
459
456
449
488
570
611
612
588
606
611
603
591
610
609
602
599
609
606
610
589
600
606
581
547
525
526
536
535
525
536
574
571
568
564
568
560
557
574
599
612
621
619
596
552
546
574
588
580
577
579
593
590
566
528
511
506
501
511
511
509
506
533
594
631
637
616
623
630
612
618
625
619
622
617
624
624
615
607
607
608
593
596
603
611
593
600
597
616
619
580
509
484
488
492
499
493
518
544
535
537
541
526
526
527
560
596
573
535
493
432
447
457
461
434
445
487
588
623
619
609
596
611
604
607
627
634
630
634
621
635
610
626
637
610
551
535
548
559
538
534
545
554
540
520
519
523
515
506
519
528
517
490
490
504
474
450
452
456
452
451
448
458
451
463
503
541
521
498
542
595
639
634
628
618
627
632
587
513
463
471
485
498
474
483
486
478
478
490
483
482
491
497
481
472
496
478
469
508
605
648
643
627
625
641
627
626
642
630
611
629
638
629
619
624
640
610
522
477
487
499
502
494
492
509
507
489
506
528
533
521
527
532
525
532
556
590
594
579
578
581
567
584
591
581
552
484
439
451
471
453
425
433
481
569
628
621
607
604
606
615
619
603
603
544
517
524
544
526
530
527
535
531
534
536
518
521
530
531
519
518
537
536
514
509
541
539
519
526
550
519
490
563
571
410
131
