675
651
581
614
650
619
598
599
584
572
584
594
583
579
555
526
505
499
506
491
455
448
474
456
451
448
443
436
427
448
443
433
424
421
410
414
429
433
426
429
432
443
445
449
459
479
484
480
464
449
444
464
460
444
464
473
476
452
501
569
606
612
599
602
588
602
589
593
600
591
591
596
603
580
587
587
595
590
608
591
596
595
587
586
591
602
573
566
576
595
590
575
586
587
545
505
477
471
484
490
484
479
480
503
596
630
628
604
621
617
611
613
627
615
596
589
595
599
596
596
597
600
601
601
578
542
505
510
527
530
496
467
439
455
451
450
453
453
450
461
466
477
488
504
472
473
510
589
623
624
616
609
619
617
603
587
572
572
573
578
587
590
571
513
475
489
496
501
497
495
494
491
493
491
490
498
500
471
433
422
413
422
425
444
459
464
458
464
444
478
523
549
547
529
540
544
532
531
586
591
578
578
621
571
500
480
489
493
487
486
479
467
506
573
627
566
493
454
460
471
452
463
474
480
452
414
397
397
401
396
406
416
385
382
443
578
662
656
641
612
588
551
551
568
567
530
527
522
509
497
509
512
513
526
529
530
526
552
632
665
628
593
578
582
589
571
582
582
583
582
595
589
586
590
588
598
585
585
588
568
583
586
583
577
590
591
567
492
476
485
485
482
473
494
502
523
529
529
509
528
540
541
534
531
528
536
534
532
518
523
528
523
522
528
536
527
527
532
538
508
516
531
541
518
528
547
524
488
555
574
409
120
