525
499
453
480
498
486
481
506
487
488
492
500
485
481
499
482
414
383
397
391
390
394
390
406
439
529
587
570
551
567
579
562
533
541
549
537
540
543
527
539
558
563
562
572
570
565
552
563
586
591
587
590
595
592
581
604
598
566
506
470
479
495
479
467
488
503
465
397
355
366
378
366
360
383
378
372
364
371
359
359
369
382
373
363
366
373
366
361
366
354
357
379
378
356
395
431
475
446
447
446
455
444
462
453
440
457
469
453
440
482
562
611
599
576
597
621
627
632
636
642
644
639
628
633
631
635
646
644
622
637
639
620
553
535
521
538
535
527
541
542
514
470
439
443
458
457
446
454
457
439
446
455
447
411
381
406
424
401
402
396
401
397
402
405
398
379
456
602
694
660
652
651
678
673
635
591
560
557
571
574
565
563
563
549
528
535
541
545
543
530
555
589
632
641
588
503
468
455
476
475
471
466
484
461
460
523
622
690
669
645
654
680
639
565
538
544
548
538
562
540
466
412
429
429
425
451
516
562
534
535
538
540
535
529
541
554
548
580
577
566
561
565
582
613
626
639
626
624
620
623
605
571
560
562
569
553
562
554
559
551
543
559
560
552
550
564
543
530
514
530
522
515
502
499
511
498
512
511
540
555
551
552
541
559
557
551
570
563
571
545
565
576
584
572
584
585
588
598
587
595
597
582
594
578
570
552
543
554
541
536
557
577
578
607
604
553
506
453
437
470
478
430
380
393
381
375
358
424
551
632
637
580
598
620
610
609
607
616
611
616
621
610
615
597
563
501
462
460
452
451
457
455
446
462
521
539
530
521
520
552
529
518
535
524
510
516
541
526
521
522
539
531
523
531
537
516
528
536
529
515
517
531
525
511
536
527
515
515
551
527
510
528
548
522
500
550
572
409
130
