550
518
505
574
594
585
579
561
487
413
431
471
438
424
442
457
440
426
451
462
454
436
460
443
427
449
467
447
434
489
578
610
609
602
618
607
614
607
589
550
531
542
545
538
533
542
537
524
537
548
533
545
555
569
585
596
594
588
602
590
583
572
580
587
575
571
587
568
575
602
632
648
649
650
638
561
539
547
553
518
503
507
516
505
502
518
491
453
442
449
444
446
442
440
447
454
463
461
451
462
476
447
452
507
613
657
675
660
608
491
415
431
456
451
429
434
474
521
565
571
556
554
564
592
606
612
628
616
616
615
622
628
585
549
519
519
541
533
509
514
550
632
676
667
655
652
673
649
597
583
594
582
573
592
582
581
557
554
556
566
548
558
557
551
545
551
559
555
552
556
552
557
558
543
563
602
633
626
621
629
634
609
626
630
618
546
531
538
548
535
530
549
539
498
484
492
495
474
483
482
467
465
461
469
461
462
473
456
464
449
472
477
470
469
503
556
595
585
569
580
597
581
570
600
619
636
624
635
621
616
616
634
631
610
564
538
530
544
540
559
529
508
497
508
505
510
517
503
494
484
465
486
484
493
488
480
472
465
453
463
464
467
470
458
463
472
477
474
464
437
440
442
446
437
447
441
440
444
452
439
433
443
445
438
407
393
416
398
402
396
408
404
390
390
395
378
388
396
389
385
399
380
375
397
390
377
368
430
485
525
518
509
504
515
542
584
648
632
620
620
622
624
605
624
625
632
614
627
640
597
556
530
518
531
537
515
484
464
463
476
481
477
476
475
491
515
540
541
520
524
528
524
526
520
527
526
523
525
535
519
527
531
524
521
536
524
518
513
539
525
515
521
545
519
508
551
573
404
134
