642
642
573
611
624
601
592
619
620
594
595
615
600
587
603
618
584
532
529
533
527
520
517
526
517
522
527
531
526
534
530
532
520
508
491
495
493
498
475
469
460
461
463
448
467
474
458
432
404
400
408
418
415
409
415
425
406
388
395
391
381
373
395
470
499
486
481
501
561
596
583
571
568
588
576
566
573
587
576
567
591
612
605
624
616
618
588
532
497
513
504
500
497
493
505
474
460
454
480
492
499
495
488
495
484
489
501
491
490
504
502
502
495
492
494
484
464
446
451
477
481
469
488
497
484
466
508
602
662
647
628
627
651
650
630
635
647
642
629
647
644
641
638
658
650
621
557
529
526
537
525
531
534
522
505
469
497
508
478
417
401
413
411
406
406
417
420
408
394
395
378
391
405
378
370
454
594
674
662
626
639
654
653
648
651
636
653
656
651
634
648
658
640
643
648
652
636
611
595
564
519
490
495
493
495
480
482
487
484
487
492
499
497
502
457
408
376
384
402
389
392
421
449
433
416
412
467
566
625
622
618
615
626
612
618
593
552
517
514
544
526
520
524
535
513
526
568
583
562
559
571
577
539
512
537
535
533
571
655
694
677
680
683
687
683
664
628
602
590
613
623
604
619
610
595
602
602
618
602
576
545
500
524
525
529
495
473
451
441
447
444
447
436
457
476
476
472
487
498
467
467
523
598
628
631
629
607
549
500
514
516
507
510
517
514
531
575
640
647
609
624
635
594
524
497
498
472
463
458
460
463
456
455
458
461
447
460
472
504
528
534
524
540
523
531
537
532
518
517
536
523
529
528
541
526
520
530
541
528
530
528
534
517
531
535
531
514
532
539
520
517
537
514
493
547
578
408
130
