606
576
525
540
591
568
563
580
581
563
589
613
609
582
598
607
586
564
584
586
562
506
483
488
494
489
489
474
457
453
456
459
474
469
484
476
467
468
472
482
464
458
467
461
463
472
462
468
465
471
473
451
426
408
418
407
396
417
405
356
343
350
365
356
348
367
422
468
464
449
449
462
430
440
477
580
637
633
621
617
625
608
605
593
594
595
573
541
508
517
497
472
440
427
445
453
448
447
455
456
452
458
475
461
452
447
470
457
460
475
459
464
464
431
426
423
442
445
425
423
426
419
422
421
412
417
411
411
399
397
400
406
393
382
406
417
388
378
460
560
618
613
605
587
531
502
498
513
504
502
522
540
550
540
537
533
539
584
597
601
601
581
524
480
487
510
493
480
515
580
610
590
605
616
573
505
461
482
498
493
495
489
456
431
437
455
456
471
489
488
473
468
487
486
474
448
454
452
452
456
445
450
447
419
397
393
411
407
401
423
419
416
408
413
413
399
396
407
419
396
395
418
455
476
476
471
464
472
491
551
591
590
569
583
588
569
580
612
634
616
622
631
634
598
555
513
532
547
538
525
524
541
508
464
456
467
470
453
452
471
446
397
451
568
632
613
594
617
627
577
531
492
502
515
509
516
547
570
577
566
561
557
558
568
567
558
543
525
538
527
518
517
535
527
516
517
533
530
528
526
537
529
524
529
543
523
521
522
522
525
519
527
533
519
542
535
530
511
524
526
519
518
537
535
512
531
539
525
521
528
540
522
535
546
511
505
557
579
413
127
