658
626
575
613
636
591
589
621
602
537
516
526
528
520
524
540
524
525
542
534
506
521
538
520
494
491
500
484
480
490
478
465
452
462
475
468
451
467
453
427
412
411
418
416
422
412
412
415
424
398
363
400
410
390
384
417
464
496
486
479
485
489
488
504
558
581
575
559
580
578
567
580
607
620
620
615
609
614
612
591
538
497
491
519
509
479
476
467
465
468
474
471
454
457
465
466
471
461
471
475
485
506
498
490
500
496
493
487
487
506
493
495
503
500
482
463
452
454
442
462
455
476
498
503
477
469
523
604
652
638
630
634
649
617
554
515
526
539
530
528
538
528
503
477
486
495
495
473
426
394
401
416
424
404
400
415
403
369
388
410
395
377
453
592
666
658
639
658
638
603
574
579
586
591
599
594
584
578
593
567
515
478
487
499
459
420
385
401
395
389
383
409
431
438
408
429
442
428
420
482
558
627
617
600
609
626
615
606
607
640
628
588
551
518
514
518
518
520
539
525
524
532
537
572
571
567
560
535
547
527
521
564
630
689
695
669
676
690
700
660
627
597
597
618
600
540
504
523
531
516
523
522
535
508
469
437
436
455
444
442
456
460
441
451
463
487
487
479
483
482
472
512
601
643
621
600
618
632
605
616
630
604
537
490
521
513
522
518
516
528
512
527
588
637
626
579
524
504
508
500
473
459
462
475
457
447
440
456
451
450
446
453
452
447
455
467
503
540
537
529
520
536
522
523
516
526
529
522
533
539
521
530
526
541
520
527
532
537
518
535
538
541
517
522
539
526
511
519
526
507
524
539
527
498
548
583
416
126
