617
585
544
604
650
631
602
628
619
612
630
641
594
519
497
519
530
510
522
529
492
418
391
403
404
400
380
414
408
403
415
439
402
392
469
615
702
697
665
675
669
672
680
664
618
593
585
611
599
594
586
589
580
583
579
586
557
510
466
471
495
495
464
408
390
387
408
397
389
391
424
471
490
480
482
487
482
510
544
562
567
543
566
574
564
543
538
531
528
527
537
533
527
556
579
609
595
586
582
561
568
583
635
665
668
634
658
662
628
549
531
528
535
534
523
551
527
483
448
448
468
465
451
468
511
514
500
500
528
572
604
603
593
597
608
607
567
513
472
484
499
494
484
487
486
475
480
483
482
477
486
493
492
494
502
516
488
494
510
548
559
563
554
566
570
549
530
506
521
520
510
510
519
519
518
516
502
520
554
608
651
638
616
617
630
624
619
630
652
609
563
532
530
552
556
546
558
539
517
500
505
501
509
498
511
511
503
512
500
455
437
439
440
432
427
436
440
433
442
432
431
437
453
444
439
440
447
433
434
456
452
445
450
455
428
425
491
649
727
695
668
686
705
690
685
697
691
677
697
707
666
614
600
574
520
485
498
506
497
489
510
490
468
445
465
466
461
452
461
462
462
461
458
446
436
401
368
342
360
363
345
357
362
356
344
391
424
432
432
435
414
397
466
582
633
623
615
630
594
531
486
511
525
507
507
511
504
468
461
478
468
455
469
472
493
484
488
494
478
471
505
522
519
524
527
530
527
529
529
529
522
531
518
527
510
528
524
522
537
528
528
521
520
531
514
524
542
536
507
526
539
519
494
559
567
406
123
