611
589
536
567
591
565
559
574
577
556
571
592
566
557
571
576
561
567
577
569
554
568
569
566
550
571
568
562
560
574
583
601
609
609
595
599
608
570
501
480
474
490
485
474
476
467
474
465
455
450
483
539
572
576
560
567
583
611
627
630
625
631
636
631
635
641
621
557
516
527
535
537
522
537
527
519
515
542
541
511
471
452
455
461
460
456
483
489
496
499
492
517
582
619
606
611
620
618
616
615
610
623
616
611
611
598
622
623
597
568
560
564
565
555
561
566
560
544
556
546
559
549
562
547
555
568
596
593
599
596
599
607
607
623
569
517
470
486
500
487
495
503
482
440
413
418
435
423
422
425
424
422
425
422
424
422
420
427
426
422
426
422
423
424
422
434
425
430
480
498
479
461
494
541
578
581
564
561
566
564
580
553
498
469
477
494
481
482
481
497
478
469
478
477
461
468
483
475
465
490
539
543
557
553
563
543
554
553
555
571
561
538
544
542
548
557
550
557
559
553
556
550
551
556
549
557
555
549
540
561
581
606
610
607
588
597
611
570
514
470
496
512
494
485
531
568
587
588
583
556
481
429
428
456
471
479
482
507
561
578
581
574
571
573
579
570
578
567
566
551
554
553
542
554
544
550
552
550
545
548
546
552
558
545
545
571
589
581
582
582
588
587
575
584
590
588
589
591
591
581
579
600
578
588
575
588
592
584
582
595
584
589
594
598
562
525
487
486
490
483
490
483
491
477
472
471
482
481
455
475
488
546
565
565
535
553
576
593
592
587
604
603
579
524
493
485
496
493
490
489
477
486
481
492
524
557
591
581
576
592
576
574
584
587
594
573
585
584
546
463
412
431
454
479
472
481
477
482
501
561
588
573
555
580
592
548
466
447
456
464
465
460
471
459
470
463
468
478
472
473
481
472
456
493
555
591
584
577
574
581
575
563
545
519
526
529
536
538
535
551
539
527
525
541
530
526
521
544
522
522
529
537
522
527
548
535
510
526
546
522
497
548
568
405
131
