689
668
599
618
662
646
600
575
543
527
539
542
535
514
538
520
484
468
488
492
460
428
432
416
419
435
418
434
446
465
455
445
462
480
449
448
479
537
568
553
563
564
569
560
571
606
612
616
604
585
542
497
487
504
516
493
491
503
506
497
491
475
480
471
492
482
474
470
501
565
610
594
583
593
611
597
591
575
559
566
561
581
574
568
572
571
553
546
559
551
555
553
576
596
615
603
621
611
615
617
614
578
517
478
487
494
478
473
489
490
492
493
497
491
516
488
479
514
564
573
520
452
472
482
481
489
526
519
521
504
514
524
514
516
531
565
608
613
560
506
475
483
490
489
472
478
486
473
459
467
473
474
462
476
479
490
522
536
536
536
542
549
520
525
572
637
665
657
646
656
664
663
627
566
549
540
548
546
566
582
603
600
585
617
615
595
607
602
616
590
586
619
612
589
590
607
620
568
518
477
480
498
494
478
473
513
582
609
597
604
603
584
533
504
514
522
516
509
493
462
436
445
455
428
411
404
393
408
401
409
398
403
436
448
441
432
449
453
433
441
457
446
453
449
433
407
385
390
394
397
381
388
396
385
376
393
397
381
396
395
370
367
450
597
671
657
596
569
599
604
559
509
462
462
478
477
479
463
446
407
409
421
420
406
387
464
571
615
606
584
587
600
592
596
577
542
528
539
524
523
515
535
531
531
521
528
528
527
526
524
532
527
536
519
521
538
529
518
528
531
531
528
540
526
513
511
539
521
498
554
582
414
129
