611
592
532
555
587
561
556
621
644
612
601
625
642
634
621
620
621
615
596
559
518
505
525
536
499
429
388
398
388
403
396
398
395
400
414
402
417
421
430
400
396
484
620
702
702
673
675
695
684
641
613
608
583
609
600
599
604
610
599
594
600
597
612
586
589
581
586
587
587
591
588
578
585
591
592
576
583
595
595
561
505
476
485
494
492
470
485
489
491
481
484
494
476
425
375
413
479
498
490
477
486
476
488
508
561
573
570
560
561
563
572
553
541
537
530
534
537
531
526
535
550
587
586
602
570
584
587
593
588
577
566
561
578
580
570
573
584
562
569
597
646
660
652
646
661
621
556
528
524
527
539
533
542
508
476
458
445
466
468
455
461
474
509
512
514
519
499
497
532
576
604
602
587
606
589
594
594
607
600
599
619
577
517
474
490
485
510
503
502
508
500
508
493
497
523
546
564
543
521
513
496
519
512
517
501
549
596
657
630
616
627
643
633
611
570
547
536
559
547
555
558
555
553
554
523
495
499
522
497
444
436
433
438
445
447
446
433
450
450
432
419
493
634
718
702
677
686
702
688
683
706
660
607
588
587
606
600
576
532
495
502
503
504
466
451
460
456
442
450
458
456
446
435
423
414
433
427
416
433
418
403
368
341
351
359
346
360
370
348
349
375
412
440
434
428
421
431
449
419
424
476
569
639
634
612
619
633
645
593
525
503
512
516
504
465
456
468
476
469
471
480
458
466
481
487
494
479
486
492
472
474
489
515
522
539
532
515
526
535
529
530
528
525
523
526
530
531
523
535
542
537
524
523
532
522
532
547
535
527
536
522
530
523
528
532
522
531
530
517
519
527
534
518
508
535
529
513
523
550
529
500
544
577
409
129
