526
520
462
496
522
467
408
398
388
403
394
400
389
391
409
396
397
395
425
398
387
448
517
578
575
551
569
586
571
559
542
532
539
543
548
540
531
535
549
537
569
561
576
559
566
572
563
558
566
564
564
573
590
598
584
586
602
600
561
515
475
480
490
493
480
470
483
486
442
404
361
368
374
379
370
354
389
444
448
449
461
445
447
443
449
457
462
432
481
562
612
596
575
587
593
584
599
598
614
637
644
615
558
523
514
544
533
518
524
527
524
536
514
469
429
446
464
447
450
448
462
431
434
422
391
381
408
412
396
382
457
597
675
683
647
649
669
667
629
594
566
558
566
570
570
557
538
537
542
529
526
550
599
625
623
615
615
614
622
629
596
505
464
465
490
484
453
472
492
478
472
491
488
461
460
520
619
668
664
647
655
655
673
657
636
593
536
536
553
548
535
529
554
567
509
451
437
435
443
437
437
440
445
433
437
434
422
460
509
553
540
527
541
557
563
560
565
563
557
549
554
574
617
632
634
624
622
636
630
609
571
554
546
552
556
562
561
556
523
505
509
522
523
519
513
508
512
502
500
499
504
502
509
503
522
551
550
567
560
564
558
548
566
569
562
559
557
576
594
588
587
572
579
578
565
550
543
545
540
554
561
537
543
560
584
605
608
597
596
586
602
601
558
496
438
449
461
461
451
455
471
467
434
417
364
351
446
558
628
616
593
613
613
594
605
618
620
604
618
621
600
553
542
538
536
535
529
532
526
539
547
508
476
455
453
456
449
444
449
483
510
531
530
522
516
534
519
528
520
534
527
518
527
523
525
540
532
518
531
534
521
525
528
539
524
521
525
516
530
521
521
527
508
543
532
520
521
531
534
511
535
546
527
491
539
562
403
137
