577
540
491
529
543
515
485
544
606
629
628
642
624
611
606
620
626
588
536
512
492
513
519
500
495
530
596
625
630
625
635
634
600
530
498
506
508
518
497
495
517
503
511
512
515
502
487
530
583
611
623
603
589
604
617
590
507
462
474
484
483
479
485
474
456
446
454
442
437
449
452
434
436
486
574
626
618
605
600
612
617
605
602
622
619
578
502
452
445
462
465
451
452
502
563
614
625
591
600
607
594
594
606
590
594
601
601
578
549
518
536
533
534
522
526
530
557
571
571
563
566
563
575
566
563
576
590
607
604
600
625
613
596
551
544
543
544
541
553
587
590
572
583
588
570
523
514
507
496
509
517
507
502
520
594
628
622
609
632
620
611
618
615
624
624
627
624
622
621
630
620
617
618
624
602
600
596
597
595
597
595
594
615
600
581
505
482
482
489
495
494
521
534
521
529
523
518
524
538
564
578
583
546
474
427
438
472
444
433
490
584
627
617
607
603
601
605
605
619
618
620
617
618
621
617
624
637
626
616
621
621
621
622
609
618
627
605
569
547
534
555
540
531
536
542
538
530
524
524
509
492
488
490
489
489
494
489
477
455
447
454
463
448
458
446
452
475
461
439
451
465
502
519
521
507
516
522
511
507
538
590
617
633
617
608
624
623
609
611
625
617
606
630
629
593
516
462
473
501
494
485
491
494
485
474
489
481
483
483
476
478
496
485
476
513
605
655
633
609
626
629
622
629
645
611
530
480
480
504
488
494
504
499
484
505
531
528
520
532
530
527
523
532
532
510
532
568
577
575
570
585
568
575
580
598
544
490
444
433
458
465
446
437
473
573
622
590
528
517
528
532
531
528
525
518
519
534
538
534
527
529
533
542
530
531
526
525
523
537
527
523
527
522
527
527
523
536
530
514
528
548
538
521
531
534
526
526
555
522
508
554
579
413
141
