548
524
476
510
512
460
428
444
458
430
436
454
460
444
449
457
426
410
406
395
397
399
407
412
401
404
403
400
393
408
411
391
407
409
394
391
404
398
387
394
407
410
401
403
406
401
399
417
395
375
448
544
600
595
593
596
601
588
584
600
614
623
641
611
549
523
532
539
520
548
642
686
657
641
664
664
656
640
668
676
645
590
553
554
568
570
568
563
573
570
565
571
606
612
622
610
628
617
599
552
532
526
535
568
615
649
651
636
631
658
652
601
551
510
539
542
544
528
532
525
530
536
515
479
471
474
476
474
475
479
496
502
497
495
524
543
573
565
567
544
563
566
565
551
544
558
540
541
566
588
601
620
609
603
614
612
577
522
475
481
495
495
474
474
491
484
481
497
506
513
525
515
515
543
587
603
602
586
603
615
599
595
599
603
603
610
607
602
610
596
603
604
611
580
500
453
472
467
433
414
446
435
417
429
448
426
419
463
552
594
595
569
558
528
535
552
528
541
546
549
553
560
559
564
567
569
581
544
486
451
435
456
453
438
434
501
578
619
612
609
609
613
612
614
618
608
602
612
621
628
626
627
623
612
635
589
512
459
462
494
479
461
463
458
448
441
477
440
426
510
644
711
684
678
703
663
616
593
597
594
601
595
581
543
508
516
533
514
503
512
512
498
467
450
448
444
461
449
463
450
442
452
450
449
441
447
453
456
454
455
483
476
470
479
474
475
471
478
484
482
450
438
458
447
455
443
447
438
414
381
396
397
406
387
397
394
416
445
472
458
446
451
466
443
442
492
555
595
573
559
532
517
524
528
526
518
534
535
527
538
526
534
524
522
536
528
517
518
541
511
525
549
538
506
551
583
420
126
