561
550
484
470
465
455
434
452
466
460
454
465
457
439
466
460
451
423
426
442
428
419
439
437
412
380
360
365
369
361
364
368
379
410
413
376
373
463
611
686
688
661
669
695
677
674
676
689
686
640
590
563
574
573
564
586
598
611
604
620
636
592
510
470
476
498
487
480
481
478
502
489
470
404
360
366
390
368
363
368
416
490
557
562
541
533
531
526
518
515
522
517
529
567
599
612
614
608
618
624
629
600
573
570
564
587
579
573
573
578
568
559
558
572
553
560
559
566
566
563
566
571
554
559
570
572
577
554
589
625
643
633
626
629
630
640
614
558
527
541
540
529
526
530
535
494
495
507
498
501
493
501
492
487
509
567
575
573
568
567
566
586
614
624
624
623
628
623
632
642
618
566
576
620
647
637
634
635
628
579
535
545
557
555
520
529
515
508
519
512
492
482
474
492
482
484
486
499
501
489
480
492
483
472
462
439
447
445
445
442
446
448
445
428
415
417
434
412
397
463
572
634
614
598
614
586
528
491
515
526
517
516
519
503
512
518
494
442
416
426
432
427
420
425
432
426
438
436
448
452
442
441
448
436
442
445
454
417
378
356
360
357
356
409
530
591
579
542
562
580
566
554
587
622
625
632
636
636
622
605
595
591
601
602
593
580
600
602
575
535
512
521
516
522
512
524
521
525
526
520
523
512
520
512
516
532
533
523
512
545
534
520
519
526
534
534
523
521
524
520
534
528
529
519
528
542
522
533
533
529
531
523
528
522
516
537
541
521
515
545
528
490
554
566
406
129
