649
612
570
592
625
587
514
512
522
508
503
531
573
585
583
579
570
566
566
585
577
546
529
543
539
544
529
538
544
535
533
558
585
618
629
613
605
619
614
590
530
501
493
519
529
520
510
501
541
601
626
613
625
621
602
509
456
464
476
478
450
436
422
412
427
422
415
423
426
426
427
435
418
410
465
584
644
631
612
634
639
620
614
632
620
611
619
640
588
505
473
471
484
495
492
479
436
425
431
418
414
469
567
625
639
607
611
621
613
598
592
590
583
581
599
604
573
530
532
504
516
540
619
662
629
564
544
560
546
541
552
549
522
503
510
512
522
504
494
488
485
478
490
497
477
482
479
483
463
462
462
460
460
454
455
468
480
469
476
472
475
500
519
525
506
509
528
575
592
597
600
586
605
594
596
586
603
607
576
534
521
513
517
532
518
495
464
439
455
458
443
448
459
451
441
441
418
419
437
436
423
416
476
585
622
605
610
610
617
624
631
586
493
423
449
467
437
414
484
571
603
594
580
587
592
584
586
597
604
626
647
648
623
634
654
648
609
594
578
579
560
584
578
546
489
450
446
464
457
426
406
371
363
388
379
363
360
434
560
619
623
591
609
613
596
602
619
608
604
604
615
615
605
607
605
598
603
615
601
599
600
610
607
590
546
526
513
526
538
521
494
497
499
489
490
507
491
481
500
496
486
490
521
529
526
531
538
534
524
527
527
537
523
536
531
529
508
530
531
521
524
538
523
524
535
539
520
507
538
532
515
523
552
524
501
547
577
401
133
