659
620
573
587
624
600
566
548
517
507
508
526
518
524
521
526
506
531
555
569
581
572
583
592
560
583
582
573
542
536
539
549
537
533
527
571
603
621
619
613
605
634
621
593
534
492
496
515
514
509
507
502
537
588
628
630
616
616
616
602
596
616
623
598
608
618
613
613
609
614
617
595
600
624
627
577
511
458
473
481
485
460
460
453
411
400
465
598
644
642
617
627
624
623
626
615
613
627
646
595
511
451
489
508
481
463
478
494
473
424
421
438
424
419
473
570
638
638
607
606
618
620
606
597
603
589
584
595
597
569
531
521
519
511
524
522
513
517
541
597
648
667
629
563
546
540
557
552
544
539
537
518
518
518
496
480
478
481
477
467
461
457
469
469
452
459
462
458
473
471
468
472
472
473
480
501
511
504
504
521
508
496
525
565
611
603
594
593
594
592
608
600
607
605
596
601
600
596
592
605
607
576
546
522
516
531
526
512
517
528
506
468
447
455
457
450
440
454
450
432
419
417
433
427
420
427
433
421
424
434
428
419
436
445
429
410
484
572
625
624
593
600
623
628
583
462
416
436
449
435
471
554
614
593
569
598
640
637
631
637
642
648
643
651
635
628
641
651
638
632
639
642
635
641
646
624
602
583
578
573
567
582
557
489
432
457
465
450
450
458
449
398
361
388
393
363
347
421
554
623
622
605
615
609
614
606
617
588
557
518
535
524
511
513
525
528
536
523
509
493
484
497
481
498
493
490
497
508
515
537
533
527
514
543
538
538
534
544
519
532
531
529
534
534
532
531
533
525
536
524
528
527
537
529
522
517
539
527
526
523
524
533
529
528
522
517
536
522
505
519
560
535
501
553
565
405
117
