607
589
542
556
583
560
553
584
579
567
558
575
595
592
600
600
605
606
605
608
599
605
586
584
584
580
568
580
584
562
522
479
494
499
490
486
495
488
448
442
458
463
462
469
479
478
462
473
481
469
477
482
466
462
460
466
457
460
463
462
429
407
411
416
427
410
423
415
408
404
413
412
422
416
411
414
397
363
347
344
355
344
344
347
364
437
471
460
434
494
572
637
614
606
614
637
615
608
610
612
617
611
631
621
612
602
594
591
596
600
596
600
576
541
508
497
522
513
496
451
448
447
452
453
464
451
475
465
453
430
430
426
442
440
426
413
426
426
434
422
421
413
414
407
395
399
404
403
401
398
428
557
647
624
594
613
640
589
515
493
503
505
494
502
503
511
481
513
527
550
553
544
535
535
540
541
532
557
585
620
607
587
589
592
574
597
609
567
506
480
484
499
494
488
490
483
519
560
609
602
602
577
529
491
476
498
491
493
491
480
486
497
496
479
453
440
448
450
440
440
441
454
474
480
487
476
478
490
486
480
479
481
481
477
487
479
479
459
469
446
452
461
467
437
414
404
404
409
411
397
401
414
411
413
405
390
396
409
407
413
426
452
468
486
482
477
476
461
467
471
473
464
469
462
471
468
466
473
475
482
462
457
496
572
597
594
576
590
585
583
591
616
632
636
625
634
630
620
616
636
628
621
632
608
565
523
528
531
547
526
537
532
537
507
481
442
451
456
422
388
394
412
431
396
392
465
563
620
618
598
605
624
632
591
536
505
495
497
525
552
560
564
569
564
571
571
569
573
565
575
568
564
529
520
528
530
526
527
530
526
520
537
525
521
529
529
520
525
532
538
529
527
531
542
519
525
521
522
513
531
528
524
529
532
513
497
549
573
409
120
