561
524
485
507
533
518
498
503
518
533
542
613
600
545
464
425
434
437
440
425
441
455
465
463
464
450
454
448
439
455
460
447
447
440
487
583
628
618
591
620
626
599
561
553
546
546
547
535
534
551
578
593
594
587
586
595
592
580
572
578
566
568
576
581
564
556
590
641
667
648
650
646
648
657
652
621
566
546
546
545
546
542
545
544
557
546
511
501
500
505
517
505
513
487
451
434
446
443
441
443
450
442
447
463
473
451
449
446
467
454
470
476
447
441
508
623
663
662
662
654
639
656
673
603
486
405
421
454
437
427
452
452
422
438
452
441
422
473
541
575
551
562
577
547
552
571
598
625
622
619
625
590
537
514
509
517
521
523
529
521
521
530
516
527
531
518
518
571
641
667
667
639
659
679
645
592
572
578
594
579
585
583
593
581
588
572
563
552
554
545
554
555
553
550
565
566
566
544
554
558
555
548
564
558
555
555
561
609
634
628
608
622
619
616
587
574
531
538
537
525
529
545
551
530
496
483
489
487
478
485
486
478
470
473
484
480
478
449
455
456
458
463
486
490
486
466
484
481
481
460
496
568
591
576
568
595
633
629
636
639
631
627
629
630
615
571
534
545
562
545
537
550
553
547
536
518
496
496
499
499
501
507
498
490
471
491
483
475
474
471
465
450
457
461
454
470
461
470
456
439
436
449
443
444
448
443
430
408
414
393
399
416
407
402
388
398
402
400
412
418
401
414
402
380
378
391
405
385
372
415
485
528
509
503
520
526
509
504
537
590
642
624
612
625
622
634
633
604
561
519
544
550
513
525
539
524
482
477
475
477
466
479
519
536
526
527
536
530
522
540
527
520
527
537
529
524
518
533
523
521
531
527
523
525
535
541
524
525
541
529
529
531
534
527
528
542
513
528
537
540
525
510
543
528
505
566
580
419
135
