641
617
567
589
600
531
499
530
542
517
513
531
537
576
605
613
612
613
609
613
601
599
600
574
591
602
591
587
601
613
579
524
513
505
505
500
515
515
498
461
443
454
446
438
438
451
461
453
441
448
440
452
444
441
448
464
465
468
479
473
458
461
478
467
454
433
443
449
436
442
437
427
415
406
412
419
392
400
426
458
483
485
474
468
477
482
472
474
518
601
666
656
634
637
652
645
636
639
646
608
551
523
528
538
525
519
534
541
515
478
459
472
468
461
465
474
479
467
471
473
467
494
546
574
558
564
550
573
562
561
561
568
552
562
553
549
548
565
598
616
604
596
617
601
606
607
609
576
526
493
499
504
491
498
515
470
376
348
363
363
364
354
361
356
354
394
401
395
394
414
398
379
444
617
691
677
649
680
688
671
660
676
687
640
604
583
578
589
584
584
583
580
579
581
565
562
571
572
569
542
529
563
596
624
631
614
597
567
529
518
537
534
527
534
524
527
529
548
554
555
541
556
560
550
524
517
521
522
513
517
519
516
535
545
584
572
561
573
565
570
573
595
595
588
607
605
567
483
434
442
463
469
482
478
492
495
486
469
496
541
573
571
568
559
571
567
556
538
536
536
531
539
547
532
520
564
599
621
617
611
597
603
607
583
553
524
522
527
540
524
527
521
508
488
478
486
488
486
491
491
482
471
458
472
459
466
471
468
463
444
430
430
438
450
445
431
428
443
434
421
401
402
397
409
409
401
399
411
414
401
391
438
487
531
529
516
526
527
526
524
515
535
530
521
530
530
531
515
531
533
521
508
528
528
524
527
541
541
515
520
554
517
497
536
571
413
132
