658
624
559
586
630
610
557
534
528
523
522
531
546
588
608
621
596
610
604
597
592
606
599
596
586
561
541
513
502
520
514
518
504
517
515
523
495
458
438
451
464
454
441
449
460
445
462
476
467
467
470
474
466
456
448
457
445
419
418
402
416
416
408
394
407
426
466
480
474
483
494
468
456
518
596
652
641
636
649
651
616
554
524
527
533
526
524
534
530
536
517
486
477
462
469
477
467
467
472
466
465
479
463
477
480
472
482
465
463
485
545
574
554
560
556
559
550
567
591
612
604
613
625
613
589
606
612
610
602
624
616
604
598
608
606
611
604
606
604
606
618
619
618
597
619
612
600
598
613
606
606
624
618
607
609
613
616
576
530
492
492
505
504
486
488
524
512
468
387
352
353
354
359
353
358
361
388
398
415
398
409
394
391
397
400
400
385
393
399
383
374
468
605
681
679
660
663
692
679
636
593
573
578
587
587
580
573
582
588
574
565
562
559
562
555
561
559
564
549
539
542
551
535
545
558
594
642
616
612
598
612
616
597
538
518
523
538
528
529
529
527
529
530
540
555
547
533
546
551
549
548
543
524
514
523
522
517
505
522
518
509
520
511
530
522
507
533
551
574
584
563
575
558
574
569
574
572
564
562
568
573
564
559
563
582
582
596
596
581
580
582
593
556
483
437
449
449
458
440
450
485
487
489
490
504
492
481
480
510
547
572
574
553
562
573
554
564
578
566
560
548
538
532
555
597
629
628
603
612
633
622
600
600
596
592
596
603
600
576
538
518
514
509
511
526
524
536
526
528
520
527
523
522
489
478
486
479
488
480
487
486
487
479
473
476
471
455
469
468
468
463
465
457
444
428
430
437
431
415
405
413
407
401
404
413
394
379
436
498
541
541
535
515
530
535
535
525
531
534
532
522
528
521
510
525
538
519
525
524
543
522
531
541
526
513
534
528
523
525
538
542
515
537
546
525
499
547
570
403
125
