519
508
461
476
522
566
615
638
582
490
456
484
481
464
460
490
477
451
428
432
403
395
467
552
613
589
572
581
608
602
597
573
537
517
509
513
521
527
518
500
441
410
415
434
418
409
435
431
413
364
329
379
445
494
482
457
460
498
564
593
598
586
588
601
592
559
503
463
471
489
477
476
486
483
475
480
482
477
461
502
566
596
595
594
591
587
562
548
546
548
556
564
550
549
561
595
622
605
613
627
623
607
626
629
573
482
431
442
447
429
439
439
439
435
445
442
427
432
424
428
425
441
438
429
428
439
444
430
429
428
443
417
433
442
416
409
486
576
627
613
596
611
632
627
628
617
634
628
586
525
503
493
504
493
510
501
514
505
501
490
488
479
491
484
480
480
492
487
487
514
557
577
575
567
567
573
578
562
521
510
513
513
507
496
516
510
506
508
518
485
446
425
426
438
418
437
446
417
372
360
365
366
355
357
371
367
379
388
385
368
380
392
382
360
420
536
610
600
572
589
582
584
579
593
594
569
602
596
572
533
518
522
518
516
527
508
500
536
592
609
599
609
617
616
592
622
607
584
574
584
598
586
585
595
560
509
477
475
491
492
487
491
498
502
492
476
501
559
586
582
583
574
584
583
586
627
635
625
629
632
633
620
631
642
590
511
470
478
487
463
497
578
620
605
592
608
609
605
596
590
600
596
597
607
578
562
540
537
544
550
550
549
551
554
554
554
557
569
559
571
540
488
461
463
469
484
474
468
483
519
533
536
519
521
536
541
526
524
528
535
525
530
532
539
527
528
528
520
536
542
540
523
525
542
516
514
533
525
526
515
524
532
534
520
532
531
514
530
532
522
529
539
534
527
534
531
520
525
543
540
507
517
537
530
495
553
572
411
131
