602
597
542
558
574
578
609
629
644
607
601
623
620
621
609
557
501
528
542
513
514
517
505
430
386
392
412
395
385
415
407
395
403
436
416
396
414
431
424
411
421
423
403
381
475
615
692
697
669
677
690
681
678
684
687
691
682
686
671
671
675
683
692
679
671
672
619
595
593
619
605
599
603
597
586
581
593
592
578
590
580
580
592
610
568
508
474
489
493
470
477
497
465
417
387
382
394
396
390
399
394
400
397
386
390
419
469
491
504
492
491
496
499
473
478
505
554
565
569
559
554
566
572
565
569
559
570
573
569
560
544
538
537
542
531
528
526
552
582
592
593
593
593
592
580
571
571
579
571
568
568
586
576
573
587
638
654
643
649
650
648
637
654
658
616
560
522
528
533
539
528
519
472
453
455
469
460
459
469
461
451
458
478
506
522
527
501
491
538
583
580
517
478
476
497
496
489
518
503
490
501
505
495
504
534
566
571
558
556
562
564
555
523
521
505
508
518
512
501
529
608
646
621
573
549
529
536
548
554
557
537
512
500
505
499
503
495
511
492
443
426
435
444
452
445
450
439
435
452
460
434
437
508
639
708
704
682
687
699
688
662
695
701
666
609
589
588
600
588
590
610
582
529
496
508
500
495
499
507
505
474
445
459
472
464
450
431
435
414
421
429
418
416
414
367
345
344
372
359
342
375
415
423
420
437
444
420
398
475
570
642
635
625
623
621
622
633
604
537
493
503
512
508
504
514
525
503
478
466
463
475
482
477
491
488
486
487
492
472
488
526
549
534
531
539
529
531
528
535
518
530
536
539
530
514
537
540
517
525
549
537
510
526
543
529
517
532
534
502
523
551
529
492
543
568
416
133
