685
670
587
552
544
523
518
546
535
529
539
550
493
471
481
495
470
486
486
480
430
416
441
431
429
421
422
429
457
471
453
448
490
544
564
568
559
583
579
568
542
569
572
601
615
610
619
616
619
606
616
620
589
528
502
513
512
506
501
499
510
502
488
472
465
515
564
612
596
581
575
588
556
572
568
569
562
574
566
568
549
561
567
567
550
546
573
588
616
608
617
606
619
623
587
521
474
479
503
492
486
496
514
489
483
515
569
595
588
582
587
587
586
578
594
591
594
591
579
568
596
584
565
498
477
484
493
475
476
480
511
519
523
513
516
516
507
512
535
582
608
606
587
602
608
580
497
473
481
485
475
478
499
477
473
465
458
456
460
464
461
454
484
530
543
530
536
538
532
508
560
636
665
653
658
649
654
651
652
623
575
543
547
555
560
550
550
550
561
592
615
612
608
591
593
622
610
573
511
469
467
483
502
563
616
622
596
589
610
599
559
525
517
478
451
437
440
434
438
437
458
452
447
449
441
443
434
428
405
401
401
407
402
394
402
404
404
410
413
432
430
449
441
445
434
449
435
434
454
453
448
444
449
447
433
448
450
445
448
448
451
434
403
385
386
387
389
396
379
386
388
387
368
382
396
360
362
443
589
671
664
639
657
668
663
635
610
588
585
603
587
584
592
592
562
503
461
457
482
467
458
467
483
477
461
431
409
404
408
423
428
404
403
466
543
622
608
584
605
618
605
595
621
613
575
579
594
586
585
608
613
561
524
521
532
523
520
518
529
523
532
534
525
526
527
544
530
527
523
521
521
536
525
519
527
541
522
517
536
540
531
521
542
532
499
525
551
522
491
548
568
408
142
