504
459
430
453
461
447
438
453
444
414
420
434
422
420
446
442
403
393
411
414
389
394
421
405
375
442
555
611
598
591
600
616
596
595
599
591
557
521
524
542
537
525
525
553
596
597
610
605
578
542
525
519
535
518
524
535
521
503
485
473
472
465
452
459
467
453
458
458
458
441
424
445
444
442
430
492
566
618
601
591
599
614
612
564
502
477
478
496
494
489
495
478
489
500
484
472
532
632
707
695
674
696
709
668
604
594
585
586
585
599
601
585
594
601
602
578
608
615
566
488
456
465
457
466
472
467
451
443
422
421
413
438
429
427
464
557
596
587
572
583
601
583
597
608
581
538
506
523
527
512
511
523
515
526
525
524
513
531
553
586
574
570
572
578
573
577
591
598
627
627
588
531
485
498
499
510
494
487
497
522
643
697
703
649
589
579
572
576
581
575
569
555
523
485
480
494
498
481
483
521
544
581
562
556
558
555
573
582
569
572
571
576
575
581
590
585
571
580
607
556
521
495
495
491
471
532
638
718
684
665
682
704
651
568
550
555
560
544
552
540
494
465
481
489
483
479
489
481
472
484
491
470
455
532
621
699
688
671
684
685
684
685
693
676
654
624
566
489
428
441
463
458
440
468
468
431
392
371
357
352
407
503
572
563
545
547
543
550
547
556
575
577
578
591
587
574
575
563
584
593
602
599
585
585
593
585
530
525
530
546
526
501
475
445
447
479
510
541
540
525
521
534
531
522
532
529
528
523
526
525
527
522
518
535
520
527
542
532
521
527
530
525
527
539
530
533
523
535
534
527
541
532
516
526
535
522
529
525
536
518
523
534
531
517
528
549
518
504
551
580
399
126
