552
526
460
466
452
432
452
439
407
384
391
402
391
389
415
406
367
427
552
611
589
586
600
603
576
602
624
632
614
641
638
596
544
527
521
516
556
631
672
660
651
660
667
656
628
576
573
584
563
525
514
545
544
518
537
626
651
639
628
643
643
621
641
658
617
555
500
523
527
529
523
530
509
485
465
485
481
479
483
466
484
492
505
509
499
494
487
490
511
554
575
560
570
563
569
566
557
557
553
543
555
554
544
556
553
560
592
618
615
574
518
492
488
496
480
477
488
518
528
519
514
516
535
585
616
614
573
495
460
471
474
477
483
476
470
458
446
432
419
436
445
426
425
469
551
606
597
574
588
598
578
568
546
535
528
540
549
535
530
547
560
565
568
585
564
553
573
582
535
476
433
455
457
453
449
438
495
567
617
615
594
611
618
607
604
604
636
625
616
622
614
598
622
634
589
505
468
468
488
470
475
481
477
454
446
458
454
444
455
456
449
466
464
437
438
503
645
705
715
683
691
698
704
664
625
599
591
601
597
599
601
573
545
492
465
453
451
456
450
449
455
459
454
446
452
456
434
443
470
484
479
470
460
455
439
446
455
443
453
456
452
445
399
404
383
395
390
399
398
397
390
410
449
464
464
449
457
495
550
582
588
577
577
563
543
510
514
528
541
539
527
527
539
510
531
525
518
514
528
548
520
515
525
533
509
526
543
521
503
550
580
414
136
