494
469
422
438
435
411
411
431
424
404
413
447
465
482
491
488
477
487
514
525
544
563
515
443
400
455
543
589
575
559
575
587
624
658
647
631
632
657
635
625
598
580
576
585
598
590
552
514
491
468
410
384
384
408
409
385
392
391
397
381
383
416
447
485
478
480
475
490
474
462
502
566
602
598
573
557
556
553
550
556
572
609
628
627
625
628
620
618
624
630
596
510
475
481
496
497
487
501
493
468
459
470
462
456
438
444
447
437
437
439
438
453
453
449
440
456
455
425
390
382
389
402
387
397
386
387
385
400
456
482
459
470
463
465
461
470
461
460
461
502
511
501
520
561
598
582
582
577
583
576
584
584
579
591
588
575
582
584
568
572
579
573
557
503
453
472
472
470
471
471
473
458
487
558
609
597
586
595
614
610
570
506
452
453
479
484
455
461
527
620
657
672
657
628
613
574
595
584
583
598
598
572
532
510
506
519
519
511
510
512
515
497
477
449
455
468
453
455
467
456
459
452
450
468
457
473
469
486
481
482
474
475
488
472
473
481
489
477
481
483
479
464
419
415
412
415
407
422
406
406
391
384
382
402
405
374
363
450
586
673
659
637
647
645
605
576
592
603
616
563
533
513
509
517
522
515
515
520
517
516
515
458
457
449
459
453
445
459
488
484
464
470
482
486
475
482
492
499
526
543
536
517
518
540
513
519
527
553
527
528
532
527
523
521
536
525
525
531
523
523
514
539
507
517
518
547
524
528
542
549
518
525
555
534
500
548
577
425
132
