692
654
588
619
645
630
605
603
580
571
584
596
575
580
597
572
532
493
519
505
500
499
514
497
460
441
468
463
444
459
460
465
459
456
463
463
465
463
455
464
453
458
443
435
443
448
444
444
448
420
418
419
421
424
425
444
455
452
436
439
441
433
436
442
441
473
479
484
474
478
475
465
451
466
452
440
455
460
459
441
451
472
483
474
479
495
461
469
507
585
621
602
594
597
599
606
597
603
599
594
592
588
593
596
591
585
594
588
580
577
587
589
579
594
597
566
498
474
493
478
472
468
477
470
468
492
487
478
476
494
478
472
517
591
636
618
612
613
619
615
622
610
596
599
602
597
590
593
589
584
604
603
585
533
516
514
509
515
519
511
466
459
451
471
461
446
453
452
472
478
490
480
480
489
482
475
522
587
623
624
604
600
626
619
601
591
589
577
590
588
597
578
583
600
573
579
587
594
566
523
486
501
485
476
491
497
483
435
425
416
428
414
427
410
429
456
468
450
456
478
516
535
535
542
552
546
537
534
528
539
533
532
536
543
543
551
534
556
577
608
589
590
583
597
604
606
573
508
470
478
491
472
470
488
494
490
481
482
484
476
489
497
470
481
511
567
598
613
603
595
594
608
618
565
497
452
451
462
434
385
377
461
587
649
659
632
649
628
584
540
558
563
562
552
560
561
548
549
554
567
554
543
544
566
566
543
523
502
510
514
533
526
512
531
538
542
519
552
632
657
653
647
651
637
648
654
660
626
589
565
583
584
580
581
586
579
576
583
592
593
588
597
594
591
581
584
592
592
585
573
582
587
580
588
581
596
550
507
480
476
492
482
473
483
495
530
536
520
532
534
534
531
520
529
528
523
531
536
525
540
519
526
530
528
534
521
533
534
535
525
524
525
523
522
533
537
519
529
559
513
498
547
573
412
121
