656
617
558
586
614
597
553
547
532
517
517
528
522
516
524
537
530
503
527
534
513
514
541
568
570
579
578
576
565
570
592
571
548
541
533
528
542
547
535
536
550
536
531
555
609
594
533
481
508
521
496
493
533
590
620
614
592
605
614
612
607
604
624
626
571
517
478
466
474
476
466
456
455
485
475
437
407
461
582
652
644
611
616
642
642
630
601
639
625
589
512
472
474
474
482
479
463
453
405
423
441
428
413
421
430
412
403
471
571
631
622
612
614
613
594
595
590
598
589
575
549
517
516
532
529
509
505
551
626
642
636
640
655
643
661
645
647
623
573
551
536
552
558
552
554
556
546
548
510
499
512
521
522
516
519
505
497
483
498
475
490
485
486
477
462
463
464
453
460
474
471
469
464
479
465
471
475
503
507
513
505
502
507
522
511
494
532
576
602
587
591
590
601
598
598
605
601
604
591
594
600
608
577
529
501
525
521
512
526
534
518
467
451
460
458
455
445
444
434
432
425
425
430
432
420
416
445
431
435
444
451
436
418
463
565
635
611
588
628
611
594
614
626
579
470
414
443
454
436
439
461
432
429
475
555
593
589
577
586
580
601
637
655
648
638
649
639
636
622
581
572
564
578
579
567
543
496
430
397
386
377
382
385
377
383
381
383
380
377
381
377
356
429
553
629
615
591
609
614
614
607
610
606
600
610
615
591
588
614
595
543
528
531
535
513
492
500
482
498
488
479
484
510
517
532
531
538
526
528
526
524
513
526
532
530
525
530
524
520
521
532
528
532
531
529
530
522
538
538
517
517
532
529
522
534
534
525
502
545
574
410
132
