486
467
428
423
430
411
403
433
472
486
488
485
493
504
530
548
552
533
542
546
549
545
532
551
558
528
458
417
432
421
438
430
414
414
464
531
595
584
572
581
581
566
586
629
651
622
640
633
650
632
596
590
594
585
578
602
585
564
500
476
473
503
479
458
495
454
416
383
396
399
386
387
390
397
385
393
394
384
379
381
391
380
395
390
389
406
459
475
465
460
477
471
462
495
563
611
602
584
603
606
585
555
544
563
560
573
555
552
556
608
622
617
617
613
627
616
628
632
614
624
642
604
533
485
505
515
470
452
453
464
460
461
445
442
432
444
437
438
435
438
449
440
446
428
444
444
448
452
434
442
441
439
441
443
424
433
442
441
429
444
436
428
449
437
434
433
443
441
440
383
385
398
388
388
382
373
381
394
389
389
382
391
386
395
397
387
387
383
399
449
473
467
470
469
468
464
463
460
455
481
500
506
517
514
512
493
528
565
591
589
576
592
585
588
595
580
578
580
577
586
590
580
593
583
581
586
578
575
579
571
569
578
579
582
585
556
497
447
498
578
626
623
592
593
597
600
617
565
505
464
477
468
456
465
477
471
449
521
634
681
682
649
629
614
583
570
595
590
576
578
593
599
569
524
501
503
509
514
510
508
516
515
497
461
455
450
465
464
460
461
456
465
460
459
461
466
464
469
478
475
477
467
476
481
470
478
478
476
464
486
492
456
425
408
406
414
403
420
419
407
400
401
370
358
446
584
676
674
647
652
672
648
641
641
614
572
579
597
593
578
601
607
559
512
511
516
509
513
512
501
477
444
457
448
458
454
451
462
478
481
490
477
477
492
487
464
485
525
534
520
520
526
528
525
526
519
530
529
517
528
527
542
517
521
525
536
526
521
527
528
515
519
537
524
514
517
545
511
499
545
568
421
135
