645
617
568
594
612
580
575
606
582
522
507
522
528
515
562
578
583
566
591
575
542
536
541
543
543
548
546
533
537
554
547
535
563
609
623
600
602
628
620
610
612
639
610
619
625
616
608
615
611
608
601
624
623
581
542
510
497
490
541
593
626
615
607
608
609
623
622
592
515
469
470
464
465
461
438
413
424
440
423
397
474
587
651
625
611
627
642
615
617
619
622
622
616
623
630
575
521
479
482
501
483
425
415
431
430
418
423
433
416
396
461
573
631
625
608
613
623
622
605
613
599
587
578
596
615
576
540
513
529
518
514
550
612
650
638
627
643
642
643
653
641
580
541
532
568
551
540
551
553
538
513
516
518
516
511
524
513
493
504
474
482
480
493
495
474
474
445
468
470
464
458
478
477
462
464
481
464
476
476
476
473
464
470
469
472
483
515
515
510
531
565
602
600
590
591
602
603
593
592
580
600
592
600
592
601
581
595
597
591
592
595
593
602
597
603
612
578
552
525
518
516
532
512
509
474
441
461
457
448
426
432
420
420
424
437
434
421
435
426
430
426
440
429
426
441
435
431
433
449
442
427
434
483
576
614
629
604
608
630
629
583
481
430
426
442
444
439
449
446
431
468
555
602
588
581
593
581
575
589
637
651
647
637
665
640
595
575
579
571
575
586
590
541
482
459
453
464
463
447
464
457
432
390
375
371
383
392
366
354
440
553
623
612
602
606
610
598
604
602
606
613
601
615
618
617
586
548
515
520
526
522
515
498
489
494
514
535
534
526
527
529
525
530
534
523
525
530
518
528
522
519
519
515
533
525
526
525
532
531
521
528
534
520
523
529
532
523
525
530
527
529
529
531
513
517
536
521
489
548
569
410
133
