520
489
460
494
491
469
503
578
624
594
594
609
623
606
576
506
440
453
486
484
474
465
486
474
450
484
476
428
398
432
436
409
395
460
552
608
596
586
587
612
597
575
539
528
518
508
518
520
517
522
518
496
450
409
415
431
423
421
426
371
333
343
363
362
337
349
367
351
338
377
447
475
461
469
466
468
461
468
487
465
458
499
567
586
589
572
560
519
466
466
492
479
459
478
489
482
466
490
486
480
479
477
480
477
473
494
470
476
493
559
609
594
573
588
580
595
578
602
580
566
543
550
565
554
543
550
579
607
615
623
631
564
486
431
435
449
450
436
440
443
442
443
449
440
435
446
439
437
440
443
442
440
445
441
448
446
429
411
468
572
624
634
609
615
629
606
606
619
624
615
613
615
592
524
480
499
507
496
482
487
509
503
499
504
502
509
499
503
502
506
498
479
487
504
503
499
489
494
506
497
494
481
478
492
487
481
476
502
565
596
574
568
586
557
517
490
505
520
509
519
515
516
492
457
432
428
447
445
438
432
438
432
451
440
436
435
433
449
431
430
433
436
435
444
413
380
346
358
374
376
364
359
356
358
365
390
385
374
359
386
374
361
426
535
606
583
556
587
597
575
584
582
587
573
581
594
575
530
498
520
513
515
529
521
504
529
581
609
614
606
615
603
584
583
589
595
578
589
593
573
498
467
485
483
479
478
488
492
491
491
488
485
486
492
498
491
492
487
517
567
582
593
578
573
587
577
567
595
610
625
624
634
613
626
618
622
616
627
615
618
621
592
508
464
470
493
483
475
507
586
607
599
592
595
604
599
597
596
598
586
593
596
595
591
594
598
583
549
544
549
545
557
558
565
560
555
558
563
537
487
468
475
489
468
468
479
513
529
528
519
518
526
528
526
531
528
522
520
522
536
532
518
528
532
512
534
531
531
522
529
522
524
530
524
518
515
527
536
521
525
533
540
523
514
542
526
510
517
543
524
505
544
582
410
125
