528
502
450
486
506
482
460
478
524
567
613
620
592
600
614
611
591
603
602
607
609
605
605
588
595
603
577
494
461
477
477
456
466
487
453
413
413
422
408
418
418
407
376
439
554
607
602
589
589
601
579
580
576
549
503
509
533
517
513
522
498
448
406
429
435
419
419
437
425
353
329
386
443
480
479
455
460
476
476
469
463
498
568
596
597
591
584
577
592
606
566
506
462
474
485
481
475
475
489
477
470
494
483
472
477
490
470
467
494
566
584
593
587
590
597
558
544
549
552
537
567
606
625
604
618
621
632
580
489
435
450
454
430
432
446
437
435
445
453
452
452
425
448
459
444
410
473
570
628
625
609
620
586
521
475
496
512
487
486
494
497
490
479
512
568
586
584
565
571
573
589
558
532
510
511
507
511
509
490
455
428
433
442
429
453
441
417
384
364
369
375
370
364
355
362
379
384
373
387
389
368
375
432
535
613
597
564
582
588
582
577
588
597
572
571
593
599
560
536
523
507
510
531
569
612
611
605
606
615
605
606
602
595
595
574
577
588
581
586
601
567
505
474
486
492
483
480
487
493
490
502
508
485
472
516
568
576
582
565
585
628
624
627
634
592
505
461
471
501
482
472
478
505
476
461
514
585
609
613
601
605
600
601
582
592
597
596
596
589
591
609
572
557
529
541
550
543
560
550
555
559
561
556
555
554
570
546
498
461
460
475
488
476
477
468
471
484
519
530
536
513
525
522
522
526
532
533
522
521
517
516
513
531
528
531
520
529
534
521
516
538
538
515
521
532
527
503
551
572
411
124
