649
631
582
591
619
614
600
576
495
431
439
465
469
433
451
475
433
385
410
421
391
378
481
611
680
673
653
669
661
667
677
645
589
550
550
563
558
546
548
561
556
541
552
551
549
546
535
561
583
585
597
603
597
588
608
604
558
487
457
454
460
464
451
457
451
415
424
478
565
628
637
584
525
477
478
493
492
470
486
487
478
426
399
391
414
415
395
402
409
399
392
417
496
524
517
512
516
515
504
535
576
613
627
575
529
496
505
510
519
508
510
514
490
461
444
462
465
456
443
423
425
431
436
421
402
401
405
391
386
411
414
399
391
422
465
487
469
471
470
472
471
484
523
546
540
543
542
538
536
537
528
510
521
520
516
519
532
517
507
537
582
601
608
603
600
597
600
610
606
601
577
605
590
593
559
554
554
552
563
560
547
570
560
556
523
497
504
509
503
504
501
543
585
633
632
610
605
639
631
587
504
472
455
477
473
474
481
476
468
464
494
578
610
616
602
596
617
610
606
605
594
599
585
607
609
601
598
611
596
587
612
608
580
531
520
518
526
521
539
543
568
548
545
548
563
554
551
548
564
594
596
594
603
602
594
607
612
567
512
453
467
472
471
481
466
478
465
474
471
474
477
485
472
472
506
570
608
607
588
600
619
593
594
600
593
586
596
599
612
570
515
491
491
495
491
489
505
503
487
501
517
516
505
508
537
515
501
553
624
653
656
652
656
662
657
660
646
611
573
590
583
555
529
550
557
547
541
554
547
492
474
483
486
485
484
490
491
492
484
489
524
526
530
533
537
516
534
542
533
529
521
525
525
520
530
522
521
528
517
517
532
527
531
521
532
531
531
528
526
523
541
529
534
521
522
530
538
530
532
544
532
516
533
553
521
515
547
576
416
120
