560
547
492
521
527
512
488
533
611
625
606
615
621
620
615
605
609
599
618
629
629
593
540
497
497
501
507
508
499
491
533
600
639
618
624
624
604
538
492
497
510
498
497
497
499
535
580
611
618
581
591
610
604
565
510
477
469
487
481
475
491
471
445
440
456
459
449
450
449
431
466
577
636
618
594
612
625
580
503
442
444
493
571
611
605
593
594
607
591
599
596
600
587
585
603
592
592
596
571
541
517
535
555
570
557
557
573
599
622
612
609
607
605
605
601
617
593
556
530
553
544
547
521
542
556
556
531
509
509
510
510
509
501
533
596
625
627
616
616
624
617
606
607
615
574
523
485
476
490
491
490
498
528
518
534
520
536
527
523
522
531
524
518
540
572
579
574
575
583
579
574
581
587
571
576
584
584
544
481
447
433
460
458
434
435
490
564
617
627
606
610
618
619
609
617
617
614
628
626
639
634
604
566
536
526
560
552
543
538
530
512
514
523
521
508
501
529
531
520
524
516
501
480
494
504
495
475
460
455
434
446
461
497
508
525
520
510
509
545
590
627
624
610
616
630
636
598
500
478
477
486
478
478
490
483
474
493
499
478
485
499
482
461
506
595
649
641
624
645
641
623
631
638
625
625
627
647
604
529
484
488
490
502
484
502
519
533
521
523
529
519
510
519
573
585
568
572
578
588
540
474
426
433
496
576
630
610
611
604
624
612
614
597
542
519
527
533
528
512
527
527
517
517
536
524
525
538
539
526
519
533
523
528
530
541
504
525
542
523
498
549
566
413
131
