649
623
584
612
603
481
421
448
474
450
437
466
467
417
414
421
409
402
407
418
385
371
467
604
681
670
656
667
636
586
555
558
566
574
559
565
545
543
546
554
543
546
543
535
547
546
553
576
603
606
562
509
456
453
479
457
455
458
487
466
451
450
450
424
417
470
569
621
618
615
616
612
619
606
561
512
484
467
477
494
484
456
417
391
384
399
415
397
382
427
490
516
516
505
498
500
506
534
583
611
607
597
615
614
614
579
525
499
508
517
502
504
512
520
502
472
447
445
452
447
461
449
451
450
460
439
439
433
443
434
414
430
411
403
394
390
401
394
408
399
409
397
391
412
464
477
478
467
461
485
521
554
547
540
540
535
527
532
517
516
532
539
526
508
507
538
583
615
601
595
599
594
592
599
596
596
595
598
584
588
593
581
579
549
554
563
558
546
565
557
514
485
537
601
629
622
620
620
579
504
453
452
485
479
469
467
511
575
605
600
589
594
604
598
604
598
592
589
598
601
600
603
595
597
588
611
587
570
550
510
515
527
527
522
527
547
554
551
556
568
539
536
575
604
595
607
595
592
587
606
612
573
496
458
457
479
480
477
466
457
492
573
609
606
588
584
589
598
582
525
486
500
489
506
488
493
496
498
498
512
513
510
519
531
508
498
546
622
663
651
649
663
637
595
580
592
599
584
587
594
597
586
556
539
546
553
549
547
547
559
553
541
545
541
560
558
549
534
492
477
486
486
487
483
479
484
481
490
489
485
490
518
537
537
506
517
544
530
520
519
521
530
520
535
535
525
532
537
525
529
530
535
521
521
531
532
513
531
547
521
522
542
528
519
526
543
526
501
556
575
413
125
