689
658
599
642
669
600
541
540
537
537
535
543
536
515
512
504
470
478
496
476
437
426
433
429
422
419
436
427
419
429
419
424
425
428
419
423
419
428
428
425
421
434
437
463
465
456
440
464
465
450
457
462
466
455
457
478
529
566
569
554
561
556
565
561
564
556
555
548
564
584
589
624
615
592
526
496
503
509
496
489
476
474
476
492
465
470
500
568
605
598
592
593
595
594
575
575
572
560
564
566
559
552
556
547
541
550
553
565
555
546
559
608
638
604
599
611
626
601
620
624
575
521
480
483
493
480
483
499
489
486
510
564
600
588
577
580
576
588
590
556
507
470
471
489
477
471
479
493
510
509
519
520
512
503
547
577
593
608
592
602
599
597
609
591
595
602
606
570
513
470
486
491
471
458
463
474
468
449
470
466
469
449
484
515
535
531
521
531
539
531
517
555
625
656
652
648
656
666
657
632
583
535
547
574
586
601
595
602
594
604
607
583
507
467
474
484
471
495
571
611
609
587
604
617
588
540
517
520
522
502
521
529
504
464
433
435
442
407
403
398
417
412
390
396
416
424
442
443
441
443
447
443
443
444
439
434
393
377
394
389
384
392
402
365
362
452
588
671
660
623
605
598
593
591
591
591
577
601
596
560
499
449
468
478
471
460
481
486
452
409
456
549
610
600
596
604
623
601
600
599
595
593
582
598
599
581
580
590
590
588
592
587
577
537
526
520
520
531
540
520
528
518
527
528
521
532
534
524
529
539
532
516
521
522
528
525
528
532
526
525
523
527
525
530
526
528
518
528
537
520
519
536
533
517
520
550
526
505
548
576
409
126
