560
532
471
537
579
579
567
586
585
581
588
607
549
462
422
432
435
438
450
445
439
442
455
443
443
445
459
448
440
460
449
448
488
578
628
611
601
606
621
617
591
546
539
522
550
543
522
540
541
535
533
539
533
544
534
543
544
528
533
529
535
532
537
545
534
541
527
544
528
534
543
524
535
544
546
537
531
547
537
530
547
580
595
586
580
594
586
597
591
599
579
577
571
564
561
585
627
645
653
649
651
651
643
651
657
659
660
651
645
645
651
639
642
658
671
617
566
538
549
537
509
489
496
523
491
449
434
449
456
447
463
468
474
449
463
518
598
668
675
635
631
670
680
612
493
421
430
441
435
442
436
436
450
515
573
570
551
574
571
559
558
575
604
627
613
617
615
592
553
526
516
559
640
657
662
665
672
658
604
574
587
598
564
554
552
557
559
565
551
555
550
565
552
545
564
606
618
629
613
619
617
628
606
554
536
529
527
521
534
550
531
499
481
485
491
486
490
498
467
455
465
466
459
472
488
485
476
486
469
468
498
565
598
594
569
591
629
634
623
618
633
646
615
564
537
530
541
546
534
547
538
502
506
500
498
497
498
501
492
484
483
477
491
469
490
468
463
463
474
462
470
474
463
457
452
427
436
444
453
439
438
423
436
403
410
417
405
387
386
398
385
376
402
476
529
521
513
510
519
525
542
591
627
627
618
623
633
627
612
566
542
521
525
541
546
522
498
474
461
473
491
483
480
490
522
527
515
530
525
526
529
524
534
541
529
537
527
519
532
530
520
520
530
529
514
526
527
528
513
526
529
515
523
541
535
516
524
552
535
492
534
571
409
129
