649
628
574
590
625
604
588
590
549
520
518
529
517
511
523
546
583
611
615
608
605
605
623
609
599
605
600
581
586
596
594
593
586
602
584
532
507
513
518
485
451
458
448
439
458
449
465
451
459
468
469
466
457
461
464
453
464
447
439
427
443
433
447
450
440
441
445
434
412
409
405
417
414
409
427
430
454
491
490
474
470
475
479
465
493
483
472
457
521
608
654
654
644
618
555
513
526
547
538
524
527
540
526
530
551
542
522
527
527
510
476
465
463
466
470
471
473
470
482
487
471
474
491
468
465
503
553
572
556
563
566
562
546
549
563
601
608
611
606
590
605
610
575
535
505
482
498
493
502
497
513
498
459
387
363
360
375
364
363
354
370
369
355
355
381
399
398
396
410
414
383
377
452
597
698
675
647
657
672
666
630
599
585
577
583
562
560
564
563
559
562
569
554
551
551
555
548
536
538
543
538
552
598
625
623
612
613
592
550
516
511
536
523
514
538
529
516
522
530
526
523
525
521
523
545
546
561
546
548
551
548
551
555
545
546
552
550
522
509
517
518
515
510
525
519
521
514
529
504
505
536
552
563
564
559
564
559
560
574
570
571
562
582
569
595
598
583
574
605
605
558
485
446
446
449
448
450
461
446
447
476
502
503
474
495
500
479
472
496
545
558
563
570
557
547
524
539
542
544
526
530
563
603
632
626
624
620
615
609
589
609
611
593
598
617
581
548
519
528
538
539
526
523
540
520
494
467
478
485
487
494
490
464
466
463
466
469
473
472
465
461
468
476
454
470
481
456
443
437
432
439
428
423
432
432
432
427
403
398
394
414
395
404
401
387
436
497
552
538
517
528
544
523
516
525
531
519
521
536
523
518
526
534
515
525
542
531
525
521
540
536
519
534
545
521
520
532
528
518
531
544
524
499
549
576
417
120
