606
580
523
549
566
550
535
554
568
548
553
558
557
554
561
563
566
605
648
635
609
621
651
647
600
530
504
504
521
511
515
523
515
504
520
576
608
608
601
600
604
598
602
604
604
607
606
599
609
604
620
582
515
475
476
504
485
468
490
487
453
397
363
354
385
382
359
352
399
493
567
557
530
534
559
554
544
560
572
571
559
583
601
592
588
607
606
569
492
438
466
473
483
449
439
501
576
631
637
626
624
628
631
629
599
556
536
538
542
536
547
543
540
518
505
503
528
517
521
509
516
516
520
498
491
480
492
481
490
495
491
474
481
495
492
485
472
460
460
469
459
465
462
468
463
468
462
431
423
422
434
442
453
454
449
458
455
463
449
443
456
476
503
491
491
491
507
497
501
488
489
500
504
508
510
500
502
512
515
512
499
504
512
505
497
505
502
508
505
496
500
495
508
502
497
496
485
497
485
490
484
501
505
490
485
496
501
498
494
495
487
497
488
466
473
467
466
474
461
474
466
458
452
450
472
461
463
458
468
476
459
477
473
479
465
465
444
454
459
444
443
450
442
440
415
407
415
426
386
387
462
569
647
618
589
621
626
577
505
469
483
496
475
465
512
566
590
604
591
582
595
580
595
573
593
597
552
479
418
431
448
435
432
437
450
428
434
448
425
379
344
422
540
598
580
568
584
597
573
600
629
636
645
628
631
637
647
662
625
589
575
578
579
570
577
577
565
513
482
492
490
499
489
500
524
521
527
530
524
528
532
531
523
534
513
521
536
523
529
523
525
529
541
514
526
537
525
534
528
531
525
508
530
545
527
518
536
536
522
524
547
519
492
547
574
412
132
