640
607
560
591
613
595
577
602
581
528
517
517
524
515
510
524
532
569
607
603
591
610
611
599
597
593
594
579
578
590
591
577
566
549
507
498
517
532
491
457
462
444
438
453
455
471
455
482
466
439
436
437
442
424
428
416
398
410
397
405
400
438
465
468
476
474
483
470
512
605
645
652
633
632
649
649
660
616
560
516
521
540
515
479
467
471
466
482
469
471
473
478
468
455
495
538
571
566
548
559
589
619
617
599
596
607
616
569
523
476
491
511
516
507
499
511
503
493
492
503
510
472
405
341
349
369
357
360
356
373
389
391
390
404
404
398
381
470
605
686
692
667
644
609
575
564
571
565
563
561
581
556
562
564
561
552
534
547
544
539
530
546
538
537
539
556
536
535
558
593
612
617
604
616
608
560
519
513
539
536
521
520
530
538
553
561
551
532
551
554
541
516
511
528
554
572
595
587
588
605
589
557
485
446
443
461
455
432
443
457
476
489
489
484
496
485
486
487
477
466
508
536
573
565
563
566
574
577
565
584
560
536
529
546
550
523
530
543
596
624
626
627
623
612
629
627
617
603
609
598
602
608
611
585
536
510
530
541
529
532
537
518
505
486
474
486
484
483
467
465
469
478
466
460
463
466
453
465
461
442
439
438
441
425
445
430
411
400
415
408
393
430
505
538
530
521
529
529
525
520
521
523
521
536
534
517
519
537
527
528
536
533
512
517
551
530
507
546
570
420
119
