641
623
574
586
615
604
597
595
554
502
520
533
528
517
528
540
506
511
526
531
531
524
528
523
515
521
529
510
520
538
567
585
566
579
577
574
581
584
560
542
534
546
554
537
527
547
591
625
633
582
539
488
502
505
498
508
511
500
494
529
586
611
617
617
613
616
623
616
586
494
451
466
478
475
452
463
473
482
480
466
464
489
453
436
410
420
434
415
419
434
422
400
469
581
646
638
614
626
633
623
617
641
628
617
618
626
614
619
626
582
509
462
480
494
473
470
502
493
475
473
490
481
462
478
484
419
397
468
580
624
622
615
618
618
623
621
616
602
603
593
591
594
591
592
603
595
584
546
516
514
519
521
522
531
522
508
546
619
645
657
647
630
579
543
549
561
542
527
527
515
508
513
515
530
501
516
518
499
487
487
488
472
476
484
478
478
496
492
482
483
490
489
476
491
486
473
461
450
455
461
455
465
456
453
465
469
464
478
478
460
463
470
473
467
488
501
519
515
504
517
515
508
520
573
604
596
587
585
605
600
589
590
605
601
605
596
601
591
583
602
604
594
594
598
602
592
606
604
611
603
607
603
600
604
595
585
603
603
594
542
518
526
528
530
519
528
526
495
459
457
458
454
445
456
463
450
442
414
429
448
425
426
422
425
424
430
433
431
435
435
431
426
431
432
419
469
572
639
633
592
630
646
583
468
431
437
455
435
441
451
438
434
477
560
599
593
591
582
592
583
579
594
627
659
648
627
600
576
587
584
577
589
572
594
573
570
575
577
565
570
581
591
549
481
464
457
472
454
445
468
443
391
370
375
403
353
354
446
569
632
613
585
612
614
610
604
619
610
603
615
628
596
544
522
532
530
535
522
531
529
522
527
527
494
495
484
496
491
493
497
510
510
539
546
536
518
533
521
522
524
532
524
533
531
528
517
520
531
543
530
525
532
523
527
540
527
516
522
541
541
535
533
545
508
492
545
569
396
116
