487
474
434
458
483
440
419
421
429
415
417
430
423
408
410
408
390
395
412
421
389
381
440
558
610
602
600
608
599
564
513
534
547
535
521
532
553
589
607
619
614
586
550
528
530
528
545
534
539
526
505
479
481
494
487
465
455
456
467
451
447
446
447
427
483
561
620
603
584
612
612
603
591
601
616
586
529
468
468
536
637
708
704
661
615
601
587
593
605
598
580
589
593
585
580
595
598
570
505
450
464
477
467
470
464
475
471
430
420
457
551
615
612
569
528
517
517
514
519
520
517
528
575
571
576
572
582
557
566
567
580
596
605
630
609
586
630
629
574
513
492
507
491
493
499
499
481
535
644
697
683
677
682
693
646
601
569
565
587
573
577
568
568
578
562
513
484
499
491
488
481
484
486
508
541
580
559
557
565
555
553
553
563
564
553
570
564
559
550
559
565
573
571
566
574
579
570
570
568
557
558
572
585
581
573
598
592
563
524
502
483
496
496
493
487
490
538
635
700
687
663
675
697
685
677
690
700
683
677
694
698
678
685
692
659
577
534
555
563
532
541
561
546
484
466
481
475
468
525
615
698
693
665
672
685
688
662
616
590
584
598
586
599
607
560
486
459
435
399
358
355
387
371
365
359
381
363
357
383
376
357
367
377
366
367
360
371
364
373
389
375
351
408
502
558
554
539
553
573
579
572
576
581
580
570
582
603
585
592
593
590
572
536
539
526
537
523
526
535
520
540
525
544
531
526
532
524
477
455
448
474
466
453
460
473
518
538
535
535
526
523
519
523
525
539
541
518
514
525
528
525
527
529
528
526
537
531
511
522
521
536
521
541
539
522
527
539
531
519
526
545
522
498
559
572
405
128
