675
633
610
627
596
518
466
510
521
478
491
529
506
464
456
464
476
445
448
451
440
438
454
454
440
427
422
417
419
426
434
415
423
422
433
440
443
447
435
432
440
444
464
488
471
467
483
474
472
479
475
474
489
475
478
475
471
474
474
480
474
468
477
471
468
481
475
469
478
481
474
475
472
472
450
443
453
453
460
455
464
456
445
471
507
560
604
612
587
589
606
597
592
590
593
591
588
576
588
588
592
593
586
594
581
567
492
465
472
491
481
476
467
482
487
475
480
476
488
476
478
511
585
643
633
597
594
589
596
589
602
601
590
603
596
602
593
587
597
573
541
507
504
511
504
503
467
448
438
466
452
453
460
455
455
446
467
489
484
488
488
485
468
508
592
626
617
593
615
623
603
583
580
579
582
584
578
582
594
551
509
485
496
497
487
487
507
472
433
408
418
434
426
415
429
443
463
464
448
454
476
452
448
479
523
555
538
545
549
542
537
539
588
608
594
591
596
567
511
481
475
492
495
472
481
518
568
614
617
600
599
601
610
603
601
607
607
605
595
616
620
572
497
448
465
479
470
466
458
450
402
400
388
403
422
394
377
455
586
667
631
563
543
568
561
547
548
572
553
550
569
566
545
514
502
497
511
510
514
504
512
517
526
524
535
534
528
529
524
521
554
619
665
671
641
651
652
662
641
601
566
583
576
599
583
577
588
584
583
579
605
583
569
574
592
568
576
591
593
549
504
476
474
485
490
498
514
529
533
531
531
527
528
521
542
526
536
517
524
530
527
513
531
536
523
512
533
526
520
528
531
531
510
523
531
524
526
545
529
513
523
557
516
492
540
582
406
130
