592
571
528
546
575
562
542
563
572
556
555
563
566
538
559
585
619
626
634
625
611
644
646
608
537
509
502
513
509
496
508
526
566
613
603
586
603
613
605
590
608
611
595
595
618
597
586
605
625
575
504
473
472
488
477
475
478
470
481
497
503
442
401
361
369
377
389
354
354
410
514
561
550
532
545
556
544
558
571
575
569
564
569
570
576
553
572
585
591
599
597
603
600
591
607
612
553
505
451
473
461
455
493
588
632
636
613
617
637
630
610
629
622
627
624
621
624
627
622
633
621
625
621
623
628
623
617
631
636
604
563
531
541
546
533
538
538
551
538
547
539
525
510
517
512
519
511
513
513
493
488
484
500
493
483
504
489
491
486
488
492
479
497
490
485
498
474
473
457
470
468
449
468
463
439
425
425
428
423
425
437
449
443
449
450
444
443
455
486
509
490
486
495
492
510
496
494
498
508
515
516
497
495
506
503
487
499
497
492
488
496
494
499
497
495
497
498
493
501
497
486
494
496
501
486
482
462
462
466
464
457
472
463
474
456
443
459
456
464
466
460
466
458
449
446
467
490
475
474
471
475
479
472
478
468
453
441
442
459
444
421
420
413
414
412
421
405
406
456
576
632
615
597
608
629
622
579
523
486
471
492
493
476
476
497
482
477
485
521
556
595
603
591
591
605
609
611
555
482
419
421
457
447
435
417
410
372
358
372
381
361
356
434
534
601
598
577
588
590
568
597
626
652
646
626
647
645
633
585
580
582
578
572
577
583
584
564
509
485
489
512
492
480
501
505
492
495
539
537
524
525
522
527
529
518
529
516
522
531
521
509
530
524
520
520
529
536
529
526
531
527
524
524
535
535
531
540
540
539
527
527
521
513
528
534
524
514
543
533
523
524
547
520
496
544
577
416
125
