647
620
575
585
611
591
593
585
554
508
496
543
529
507
522
543
516
520
533
515
522
524
527
541
578
611
620
590
607
611
608
588
594
603
595
587
593
574
524
495
509
513
509
509
515
523
497
462
442
464
474
465
455
474
469
472
461
451
436
434
443
422
404
411
420
418
409
406
410
414
418
414
409
414
425
409
408
418
411
403
421
469
483
474
483
494
465
465
533
605
653
632
652
644
642
630
641
625
542
521
534
533
521
529
533
520
471
452
475
468
466
473
475
467
467
466
492
537
565
552
545
545
560
552
544
563
598
612
593
609
606
601
609
623
607
576
531
495
447
395
352
347
362
368
356
357
382
387
398
397
402
418
385
383
473
598
676
680
661
649
629
583
570
590
584
572
584
593
591
576
573
568
567
564
556
557
553
566
563
554
547
544
540
547
543
541
559
583
629
631
586
550
531
537
535
526
547
561
551
560
549
543
543
524
517
513
524
517
519
520
509
509
535
551
571
572
569
572
563
571
567
576
601
599
584
594
599
595
592
598
608
558
480
431
443
467
456
447
456
475
482
490
495
483
485
485
485
477
484
511
552
577
562
565
564
574
575
560
541
526
529
532
541
546
537
537
539
536
531
538
558
596
633
637
614
619
629
627
623
636
621
610
599
596
608
609
577
548
523
530
532
534
530
520
501
479
492
495
490
492
468
473
457
455
457
470
466
463
438
429
441
436
447
432
427
428
436
439
432
433
428
445
419
418
389
401
406
403
396
402
406
400
390
425
500
543
531
525
519
523
521
523
531
523
522
534
534
531
532
522
523
530
532
522
537
522
523
532
520
533
527
513
528
540
545
515
521
537
518
496
555
566
410
124
