663
626
572
600
626
595
604
627
593
533
508
538
541
518
526
529
528
531
528
525
503
491
491
493
490
489
488
469
457
439
421
400
415
416
405
411
413
398
386
377
392
401
395
377
414
465
489
492
484
483
485
508
561
576
587
581
569
579
560
584
602
619
614
610
610
613
609
591
523
484
502
515
514
500
506
501
507
463
458
472
493
505
512
506
490
483
489
498
498
498
499
499
502
498
495
488
501
483
454
451
452
465
449
445
452
462
475
479
495
486
479
501
483
470
511
597
656
649
627
637
646
617
568
528
520
514
478
479
489
497
492
472
436
410
384
401
404
369
365
456
592
673
664
633
645
661
661
631
611
581
572
579
592
595
581
596
593
572
519
494
467
492
501
477
427
380
393
414
405
383
388
404
413
436
443
425
434
440
421
410
465
585
626
608
602
621
608
540
525
524
528
520
524
550
559
562
572
571
575
553
576
576
570
527
526
533
526
521
566
657
703
699
680
676
691
697
659
628
598
603
612
605
605
614
585
534
511
532
532
533
524
533
533
539
524
520
466
436
445
453
445
440
452
455
466
477
499
471
465
482
488
455
504
599
647
597
531
516
509
512
503
512
516
528
585
632
633
611
618
634
587
529
498
497
486
496
501
497
500
490
463
464
455
464
453
450
464
462
445
450
457
455
444
450
462
451
451
465
521
536
532
518
518
529
525
522
525
537
519
528
536
529
519
525
525
534
526
535
526
522
519
532
528
515
524
538
532
510
544
524
516
523
551
527
507
550
571
415
132
