509
504
466
465
491
503
576
636
638
608
592
629
625
548
465
433
431
426
434
420
427
431
452
506
529
527
521
547
558
554
553
544
543
559
617
649
639
631
632
646
628
638
648
651
633
596
579
589
592
595
599
559
487
464
470
469
465
470
476
457
426
392
399
447
531
583
565
561
563
583
564
563
565
566
542
537
542
539
536
546
545
545
555
551
545
536
529
541
565
572
567
563
557
556
564
579
592
586
582
581
575
574
575
541
533
534
569
541
541
566
574
556
502
492
501
498
497
507
513
504
499
521
562
614
599
596
601
590
587
605
589
556
534
541
547
547
546
545
567
572
565
577
574
583
555
528
501
513
518
515
505
528
542
543
537
551
541
526
525
568
621
656
655
657
649
676
676
628
552
513
507
530
516
518
528
521
544
573
598
600
583
593
603
596
606
596
595
583
589
594
583
582
597
572
536
510
515
521
513
512
511
529
510
502
540
603
633
622
557
509
519
547
607
641
653
636
619
640
656
606
512
479
502
496
494
498
493
476
476
467
476
466
475
482
466
458
511
596
646
650
620
625
653
632
593
524
502
488
502
506
489
501
497
506
547
568
566
529
514
518
523
509
509
510
513
529
569
592
593
580
597
597
584
597
582
592
590
597
584
602
578
572
573
559
565
564
552
557
566
567
565
578
563
566
559
575
560
544
529
536
526
524
535
535
514
560
632
675
656
671
681
655
596
571
573
580
580
560
581
529
518
520
525
523
515
536
538
520
522
527
531
527
523
532
522
511
534
540
515
524
537
534
530
531
537
513
510
534
545
529
521
561
527
504
550
571
419
131
