684
649
591
628
655
626
605
619
605
559
558
589
600
558
525
509
497
479
503
483
461
447
460
458
462
462
453
464
441
443
444
439
445
451
448
429
431
430
427
429
423
426
440
444
441
441
444
440
442
440
457
465
463
471
473
477
461
481
474
472
454
462
456
449
460
463
465
464
458
459
464
474
479
465
470
480
480
471
479
485
466
463
498
575
615
609
589
605
609
598
593
586
597
599
583
598
602
579
585
585
596
578
584
590
603
551
513
467
475
488
483
473
485
486
483
489
483
483
490
473
492
486
487
480
484
489
484
475
480
498
476
476
518
585
632
630
609
628
625
622
607
613
605
592
594
600
598
599
574
540
521
515
530
510
512
518
528
495
458
448
460
451
450
458
449
448
458
447
453
468
477
486
486
489
484
489
490
496
475
468
517
574
622
612
604
616
612
595
573
581
591
578
581
599
563
512
486
486
509
488
479
429
416
421
417
403
434
446
455
457
453
448
458
460
456
459
464
472
508
551
536
521
544
547
527
543
596
619
567
507
477
480
486
488
484
468
480
486
480
467
505
577
613
610
598
621
615
568
498
451
457
461
427
386
369
439
596
668
645
631
641
623
568
545
556
569
557
552
561
560
559
559
552
554
552
556
528
502
512
519
507
514
532
548
522
519
541
533
523
521
556
607
656
649
635
605
580
580
592
590
573
577
581
582
577
596
582
585
586
579
592
576
597
598
594
587
606
595
596
594
590
587
587
596
585
579
574
582
576
579
585
579
596
557
508
487
465
474
478
484
463
483
491
504
535
527
532
536
527
527
514
512
525
524
520
531
532
528
525
529
531
530
519
552
523
506
528
537
518
521
522
529
518
528
555
518
479
546
574
421
132
