703
640
512
518
556
529
504
535
556
524
483
502
493
472
481
486
491
460
440
419
408
425
433
409
418
433
457
456
461
465
465
460
481
538
576
574
553
559
579
553
563
578
608
607
605
617
598
527
490
504
529
497
497
513
499
480
467
479
473
469
496
574
612
600
582
593
602
596
596
593
600
601
588
581
570
572
570
561
564
554
557
550
551
556
564
562
548
556
595
622
611
604
618
620
580
508
474
486
493
484
479
492
488
479
494
501
489
476
512
566
595
589
576
582
591
579
567
586
584
563
498
467
477
476
473
489
493
477
479
478
501
506
531
526
570
600
615
565
506
484
493
484
473
472
490
496
483
462
479
456
466
481
518
528
534
534
546
537
528
538
531
529
544
536
539
542
529
530
523
557
613
668
664
644
644
661
667
625
572
537
542
554
561
550
566
585
607
593
585
606
627
571
491
465
469
475
497
486
477
519
582
610
603
587
604
612
581
539
510
515
525
526
502
478
430
438
440
438
445
446
438
410
404
391
410
411
405
394
390
418
435
443
439
440
429
431
437
430
444
438
433
441
448
442
445
446
443
438
440
445
440
443
448
447
444
450
433
396
387
377
393
381
375
387
385
381
391
396
363
347
447
585
674
668
639
631
614
591
581
584
597
599
556
500
464
460
482
469
423
383
461
576
610
600
614
608
603
605
606
595
587
591
595
589
579
585
570
536
516
528
525
516
524
519
530
514
527
540
528
521
512
533
538
534
525
524
520
537
536
519
518
539
530
522
526
531
517
515
534
522
507
523
545
531
490
544
580
404
135
