559
526
480
499
525
505
477
460
445
441
449
451
443
439
443
430
394
386
415
417
391
373
451
545
595
609
594
604
640
634
602
548
526
526
535
529
531
528
536
531
564
631
677
670
646
651
673
660
656
668
671
644
597
564
562
570
578
598
616
612
607
621
614
619
624
620
614
602
617
626
636
601
573
508
535
540
532
528
533
563
611
649
644
625
630
643
633
632
631
646
656
602
545
516
524
541
532
527
539
517
487
467
477
471
476
467
475
467
472
473
469
470
488
477
487
490
496
502
499
493
490
504
500
490
488
504
501
492
494
486
496
498
504
495
488
494
497
502
493
492
500
501
489
506
508
491
486
504
510
506
489
514
541
575
581
562
552
556
543
549
551
565
538
541
561
594
606
599
607
608
609
603
600
616
574
514
481
492
503
494
486
499
510
509
509
513
501
504
538
570
607
616
587
606
610
615
576
503
460
458
486
476
467
467
483
437
431
432
456
411
418
476
555
599
579
572
596
597
582
544
530
535
539
534
540
527
528
543
541
547
530
542
556
571
566
567
562
573
576
566
536
488
437
433
463
448
444
430
480
576
623
606
613
615
628
610
631
630
591
513
462
466
492
475
452
442
459
464
439
438
516
634
713
701
678
686
706
695
651
617
607
595
602
616
601
605
576
533
499
511
520
518
509
511
536
495
470
441
453
469
451
454
450
453
456
446
454
451
450
444
447
453
453
445
475
480
482
475
470
481
465
471
480
486
462
451
448
454
445
439
456
456
449
455
462
431
406
390
395
390
387
409
446
468
471
452
454
462
468
439
439
502
553
580
589
577
572
578
589
578
554
537
531
522
530
526
522
528
538
526
518
516
528
528
519
522
536
532
533
526
537
530
520
533
547
517
523
539
530
516
530
531
525
510
550
568
408
139
