613
577
530
561
586
566
567
578
576
560
569
596
605
594
598
600
603
593
581
580
577
581
586
578
580
573
523
484
490
488
498
505
488
469
454
455
450
458
448
454
448
450
448
450
452
450
457
456
461
455
458
457
455
452
474
479
481
475
483
471
472
471
461
458
469
464
452
450
467
487
448
427
418
413
422
417
418
376
344
340
360
348
351
380
436
465
474
441
438
485
583
624
611
611
618
613
603
576
595
602
605
575
543
516
504
518
512
497
504
519
498
460
435
454
455
453
465
466
448
448
472
459
457
460
465
456
451
468
460
458
440
436
441
435
422
432
439
421
440
431
436
434
424
420
411
412
395
398
405
389
383
394
397
395
398
402
402
392
407
405
399
394
400
395
392
401
410
410
403
394
420
401
400
388
413
408
397
407
406
391
400
411
391
379
446
579
640
588
506
487
498
497
500
499
508
507
496
508
502
499
534
540
544
531
541
540
540
555
539
539
533
537
542
529
545
542
535
544
552
581
600
610
610
593
595
595
571
510
486
492
505
493
529
584
620
593
593
598
600
582
591
617
601
581
608
612
574
521
486
494
500
491
500
492
478
447
434
436
444
456
442
451
454
479
483
476
477
481
479
485
480
486
474
485
478
487
485
455
452
451
454
452
454
456
464
437
422
406
406
403
420
407
399
414
451
475
467
472
476
475
471
480
471
464
473
486
558
592
585
576
594
612
639
628
620
620
626
626
629
625
632
620
622
623
615
624
624
621
628
634
632
616
626
627
629
623
620
640
630
621
620
631
625
608
622
634
622
616
630
642
600
552
526
527
530
525
533
531
539
520
475
447
452
464
468
442
422
414
382
395
459
571
638
610
600
611
624
621
584
529
500
504
520
510
518
558
571
559
554
569
557
531
528
539
535
523
523
531
537
527
534
530
527
523
530
528
514
516
530
532
514
521
528
526
516
533
527
520
540
532
535
530
538
528
529
513
515
526
530
542
546
527
514
540
536
519
534
542
517
487
555
576
412
124
