619
594
533
546
592
550
551
573
581
543
541
581
621
623
633
631
611
617
640
633
602
544
519
521
520
524
507
500
535
541
493
433
386
386
398
405
398
401
403
418
407
417
420
426
413
420
437
390
389
471
622
707
692
670
693
691
686
666
663
623
584
595
601
602
595
595
603
595
592
602
599
583
580
588
575
585
590
576
585
583
570
513
460
482
486
482
474
495
497
456
415
402
391
399
398
395
399
383
392
398
411
389
405
408
394
405
403
391
384
395
407
383
413
473
497
494
486
476
481
495
550
578
552
545
561
569
556
551
548
542
531
525
541
537
526
546
567
601
584
583
599
587
577
594
593
574
566
573
578
570
580
566
582
621
650
662
646
639
646
653
622
572
524
521
539
535
514
489
458
451
462
474
458
457
477
501
520
499
490
505
512
509
508
500
541
586
598
609
596
568
513
474
476
497
489
486
489
482
491
500
500
507
492
505
491
512
543
571
562
556
551
574
563
550
572
557
531
499
512
525
500
510
536
599
636
631
626
624
642
632
635
635
645
636
626
632
635
600
567
530
540
555
545
508
500
508
500
513
506
519
504
508
517
514
486
454
416
440
446
433
423
441
447
442
442
450
447
437
441
451
436
433
508
635
710
703
683
684
703
688
658
618
595
579
588
595
595
614
585
511
488
498
519
483
480
462
461
457
459
459
462
460
451
431
430
437
437
405
375
352
348
353
361
360
363
359
360
360
358
354
349
352
353
349
345
368
416
441
414
420
438
422
405
467
581
640
629
608
631
593
539
502
521
526
490
505
519
521
520
508
511
500
478
462
457
473
473
464
462
474
476
481
487
484
488
474
476
473
478
471
488
524
528
531
531
527
520
525
540
531
528
519
529
517
526
535
529
527
544
538
523
520
536
531
508
522
555
525
501
547
565
406
122
