558
529
479
507
537
511
496
549
598
619
603
612
624
609
593
610
628
592
518
506
516
510
506
495
511
498
499
530
597
645
637
619
617
641
646
596
549
490
487
540
578
601
607
601
599
605
616
571
515
469
487
493
475
473
476
485
474
478
475
462
436
436
449
453
445
449
495
552
635
635
600
585
617
623
561
499
469
452
455
483
559
611
610
587
598
600
608
588
601
606
594
595
601
609
600
597
598
602
587
597
597
596
589
607
605
577
538
523
526
523
524
522
535
531
529
534
536
514
535
553
573
570
553
568
605
611
604
599
603
602
605
596
601
613
612
598
608
602
604
611
601
607
602
618
621
589
550
540
550
527
540
555
571
575
591
582
570
514
503
498
517
498
509
510
495
534
583
628
621
610
615
625
613
618
624
614
620
617
621
619
625
634
615
610
600
611
585
601
611
566
510
480
485
493
482
486
512
535
533
526
530
542
577
583
575
580
580
589
549
492
440
445
503
566
604
619
605
601
610
611
612
616
637
620
604
639
632
603
557
540
541
555
551
550
541
522
519
520
528
522
518
526
506
495
484
491
497
489
498
493
492
487
459
448
450
460
457
440
439
485
506
511
544
599
625
617
619
623
597
515
464
464
486
494
474
484
488
482
481
489
490
476
493
500
476
467
521
610
644
624
638
658
598
521
483
508
502
497
495
495
501
499
499
516
519
519
526
525
512
530
530
551
588
607
560
469
430
446
459
436
478
574
625
615
592
606
608
618
608
602
550
525
513
526
527
520
530
526
528
537
533
529
518
529
532
527
527
533
537
537
529
519
528
537
527
530
540
530
517
531
547
529
508
558
569
424
130
