608
591
554
614
652
627
608
643
602
541
501
515
529
516
510
534
527
479
413
398
388
393
403
394
396
383
414
431
406
388
477
605
688
695
654
659
698
695
650
624
590
599
607
606
607
573
575
594
592
551
507
470
486
488
494
478
494
505
469
421
392
391
403
399
395
399
417
463
494
487
471
507
553
571
552
560
572
558
534
518
529
541
522
526
532
571
578
590
574
584
600
602
598
579
574
566
572
571
579
565
573
563
573
570
571
589
635
653
652
655
650
646
658
656
622
556
525
524
543
531
530
528
541
545
514
484
461
468
454
470
475
504
518
504
514
506
505
510
533
574
608
600
594
582
618
617
572
506
483
491
497
485
498
483
507
497
477
486
486
479
488
498
497
488
490
504
497
489
505
540
563
562
555
560
563
547
543
560
537
498
508
529
511
492
538
605
642
624
619
628
628
629
633
604
569
542
549
555
557
551
543
511
506
506
513
500
500
503
495
453
435
439
441
440
442
445
432
425
440
447
438
433
442
432
427
441
446
435
436
445
462
438
426
496
644
720
697
666
693
678
624
582
589
609
598
589
603
607
565
523
499
513
512
499
501
501
463
451
454
464
462
466
459
450
428
413
416
427
426
416
433
432
398
372
333
353
376
408
424
435
412
408
469
575
653
641
596
528
507
498
514
529
499
467
455
456
465
470
462
462
456
468
475
484
477
477
463
494
510
538
536
520
525
541
537
521
525
541
523
527
526
518
525
520
529
533
523
539
540
523
521
538
528
522
522
543
518
493
550
572
411
124
