548
530
470
460
460
433
435
457
442
433
403
399
391
395
417
409
373
433
555
623
589
580
573
593
582
595
613
627
644
630
636
637
625
632
627
636
638
645
612
559
529
524
544
537
526
532
572
619
668
676
650
653
676
668
622
576
560
565
576
573
571
557
567
582
572
555
586
603
610
610
624
612
617
613
610
614
605
622
611
607
606
614
609
608
617
630
593
556
527
531
526
524
527
539
515
567
642
629
551
512
528
544
529
517
536
532
508
527
544
526
523
536
526
490
462
465
470
465
474
479
471
493
481
491
513
550
575
573
554
556
548
539
535
555
551
545
570
596
621
596
601
607
596
600
624
587
515
483
496
491
484
487
504
523
522
521
518
513
516
507
512
541
592
620
604
607
600
606
612
611
583
501
458
468
471
442
422
439
424
426
471
563
610
588
574
583
594
568
581
597
581
535
524
542
529
532
541
552
550
572
578
565
561
570
575
525
477
441
439
458
452
464
446
451
498
568
625
620
604
607
618
609
602
610
613
613
615
615
617
624
619
585
515
464
468
488
481
465
466
473
457
432
448
472
435
427
502
653
702
696
679
692
663
622
604
602
595
595
605
591
530
495
520
523
504
506
516
515
460
439
457
464
461
453
455
456
449
456
446
441
459
449
456
448
448
459
451
455
437
458
441
441
448
452
445
456
466
471
472
484
477
486
478
474
476
463
450
441
448
449
448
448
452
431
408
384
396
400
391
383
396
441
483
467
455
455
460
455
451
478
550
591
590
568
590
577
562
532
518
528
531
528
535
541
536
534
543
527
523
527
523
524
525
522
528
524
541
536
522
534
528
520
516
509
540
521
522
527
535
520
530
528
527
522
532
538
525
524
529
541
513
523
546
533
500
555
569
415
133
