658
631
568
595
622
584
590
610
596
535
514
527
517
505
528
530
518
522
566
589
571
571
580
584
562
587
575
588
580
572
559
524
544
542
541
541
537
545
543
547
539
551
549
535
532
560
594
621
615
604
609
622
612
621
615
616
610
625
608
534
483
502
522
505
488
528
598
624
615
611
613
618
604
620
613
626
629
595
513
446
471
476
477
465
462
484
464
433
409
430
443
416
407
468
588
649
641
621
627
643
620
614
622
625
619
624
624
618
620
642
595
518
464
490
502
464
473
490
483
452
446
411
417
428
433
411
406
469
572
624
620
602
618
620
594
592
597
567
519
507
516
522
526
530
517
514
550
612
651
649
636
649
631
649
642
629
575
528
552
556
542
533
521
517
488
490
497
492
490
484
494
491
479
464
461
466
462
452
458
459
467
467
476
460
475
475
468
464
477
508
514
500
495
514
523
506
514
511
506
526
567
615
603
599
590
595
589
589
598
604
599
601
610
611
585
539
514
509
532
513
513
521
524
506
510
532
536
507
468
443
444
449
453
448
449
433
424
428
425
432
431
424
424
430
430
425
437
450
439
428
430
429
431
410
481
571
624
611
600
611
604
600
623
630
585
488
427
435
457
451
432
427
481
547
609
599
582
594
602
581
575
586
582
597
593
593
590
579
588
590
574
582
626
651
661
631
632
654
655
634
593
560
577
575
582
582
577
565
484
437
453
467
463
444
459
465
421
384
376
381
365
380
389
371
361
438
552
622
619
599
597
615
603
605
610
608
601
600
623
620
592
600
607
609
606
608
608
603
613
615
612
594
601
604
617
614
604
607
602
607
605
597
601
600
606
619
608
608
616
603
605
547
519
522
534
527
517
515
544
524
511
493
488
485
493
496
498
495
488
486
484
489
522
530
525
535
528
524
532
525
528
521
521
533
523
521
530
531
532
530
533
515
522
535
534
522
526
530
517
522
525
527
533
520
545
538
523
516
543
531
534
530
525
521
519
541
528
539
545
532
521
528
540
530
510
535
530
526
491
540
581
405
128
