523
500
448
476
507
474
453
480
489
458
472
501
481
456
481
490
470
464
494
482
459
504
595
627
608
597
637
625
599
630
642
576
455
419
419
436
426
437
428
425
446
505
531
521
523
529
532
508
529
554
563
549
541
554
551
551
551
552
550
562
567
552
548
553
557
549
543
578
613
636
637
628
627
634
634
623
611
609
589
568
511
471
453
469
475
468
456
421
395
395
414
413
400
395
419
406
396
386
444
532
580
577
567
554
577
573
552
563
564
557
567
558
566
562
547
546
535
530
540
542
541
538
548
557
569
565
564
566
555
560
559
550
577
581
585
566
588
581
560
558
548
541
552
545
542
551
545
540
532
542
552
557
540
548
561
572
570
561
555
572
575
570
566
577
575
572
568
563
558
565
575
545
511
486
492
517
503
483
524
578
597
598
607
599
602
597
596
586
550
545
540
560
547
546
540
555
563
572
563
568
582
556
525
516
512
523
509
513
517
521
514
541
536
537
538
534
537
542
545
549
541
571
633
684
672
635
661
686
637
551
513
528
547
571
605
601
584
590
606
594
599
585
591
594
582
538
493
498
512
518
514
501
541
599
625
623
621
598
619
617
603
544
521
513
540
530
513
551
610
641
656
646
628
637
668
616
518
486
502
500
488
481
500
494
493
479
471
467
470
479
459
464
510
597
633
638
637
626
616
644
653
609
515
490
477
497
495
557
578
584
568
584
575
535
512
509
519
503
526
575
603
589
592
601
596
587
585
592
566
548
570
580
556
560
574
558
537
522
534
552
541
534
539
519
523
568
633
676
676
662
649
601
570
577
596
585
576
582
591
566
530
528
538
532
535
532
537
519
524
524
521
534
529
531
530
520
528
519
526
530
530
525
521
540
536
512
536
554
525
505
555
574
425
125
