533
512
462
500
517
501
461
424
381
384
398
407
390
385
400
393
378
404
413
413
383
408
397
386
439
529
580
570
548
564
578
566
571
569
559
549
536
546
547
532
540
544
538
534
533
531
539
538
551
565
565
569
563
575
577
596
589
575
587
586
605
561
516
472
487
508
454
392
348
356
376
362
359
392
444
473
455
445
482
555
608
599
582
581
584
584
589
602
617
641
635
638
643
629
639
650
642
606
558
522
518
536
546
512
472
444
467
447
442
437
427
398
377
456
601
687
682
650
666
665
656
651
663
634
579
565
575
572
564
560
567
540
531
539
537
527
552
606
623
618
605
631
628
601
607
622
611
597
616
619
612
614
633
613
593
620
622
569
512
477
466
454
517
605
678
663
649
680
646
563
531
560
548
539
551
558
526
448
425
430
448
436
440
435
433
448
507
553
539
525
553
546
532
541
561
568
563
554
577
568
556
582
612
636
642
626
627
618
619
603
576
550
560
563
562
561
557
560
562
551
543
552
557
545
524
513
511
508
526
502
511
509
503
503
517
555
548
560
552
561
555
565
559
570
572
563
568
573
591
587
585
568
588
584
584
583
582
577
583
580
596
583
587
587
586
586
597
589
584
583
591
591
578
561
580
586
582
579
595
572
582
585
584
577
579
593
577
545
546
536
562
549
536
543
547
545
543
549
548
544
557
586
596
603
602
609
558
499
437
466
481
432
385
369
392
361
359
427
564
640
613
589
606
614
607
610
606
614
619
614
612
616
614
627
603
553
518
524
539
533
533
532
534
525
526
529
522
534
543
510
486
446
454
464
452
451
462
504
540
527
539
521
520
525
531
538
527
538
531
526
527
531
534
536
525
540
532
528
524
527
541
538
520
522
523
519
527
523
520
524
534
529
533
536
540
526
517
528
536
538
524
539
546
518
525
547
522
505
547
583
417
128
