572
539
508
534
542
516
545
589
627
614
601
620
616
612
596
553
536
532
538
535
519
539
573
591
585
578
598
581
574
571
579
586
560
507
473
487
492
495
501
491
482
489
489
480
475
477
493
471
427
409
423
429
428
430
433
425
414
422
429
424
417
437
477
492
487
490
495
486
472
481
488
484
471
483
499
531
551
564
542
552
551
543
557
550
539
503
504
521
514
498
505
521
511
490
527
591
619
621
615
625
637
612
604
634
646
599
490
443
443
455
458
442
480
549
585
583
574
587
585
568
588
607
621
631
626
627
626
575
563
574
590
584
579
578
591
579
584
582
561
556
562
557
556
563
549
521
505
522
507
505
542
589
618
614
605
616
619
590
543
531
529
523
520
512
542
513
460
410
427
432
430
424
425
431
421
415
433
431
417
435
453
439
408
479
574
616
621
606
571
508
463
473
481
462
466
492
501
491
474
503
493
469
516
613
659
636
623
650
648
616
550
541
525
537
540
538
514
484
464
457
474
477
462
470
476
456
437
427
432
421
428
426
428
443
439
439
452
438
454
469
482
465
477
481
484
458
455
450
460
454
462
456
451
456
454
438
436
435
448
435
416
481
563
620
623
597
596
610
610
606
602
602
620
587
526
466
471
487
492
481
468
417
401
383
395
395
388
411
443
460
433
439
465
440
434
476
579
635
626
622
642
615
540
500
517
539
517
515
520
510
496
487
498
493
492
481
508
541
551
538
522
534
535
537
526
519
535
532
529
536
527
530
510
526
532
521
523
539
522
519
530
527
522
520
540
535
519
511
534
530
509
523
530
521
514
532
535
522
531
549
532
497
544
566
419
121
