558
535
486
517
540
524
520
526
487
424
443
468
455
439
462
462
453
456
489
472
431
446
432
433
424
440
457
430
430
443
430
436
436
420
380
354
357
414
414
397
416
421
389
373
457
615
708
705
643
596
568
560
566
571
577
572
580
577
567
573
565
570
571
581
571
589
568
564
568
586
607
616
629
627
623
609
626
637
592
503
487
499
462
406
350
360
397
387
354
370
419
510
552
549
530
541
536
522
511
512
530
554
545
545
528
544
540
542
526
550
598
632
621
630
602
569
554
565
567
575
557
562
573
571
578
577
562
563
562
568
566
563
545
560
571
562
558
570
554
567
575
553
557
572
592
617
642
634
637
631
633
631
626
626
608
560
510
529
539
530
531
544
528
502
500
505
497
495
518
558
584
580
575
568
578
582
578
566
580
611
625
624
625
630
634
618
585
562
567
578
573
571
579
576
559
556
588
631
642
646
632
642
634
636
640
617
573
539
551
556
542
538
558
553
524
507
516
515
511
507
526
513
510
520
495
470
483
493
498
466
458
454
451
454
462
459
431
433
428
420
430
429
437
414
405
485
566
626
636
616
611
616
624
591
549
505
504
521
511
498
508
531
497
437
412
430
419
425
421
426
438
436
428
420
427
431
450
437
454
441
454
420
384
340
353
385
359
350
367
377
350
334
415
526
588
569
559
563
577
571
572
625
631
625
619
633
633
632
621
604
601
600
598
596
593
597
604
585
535
511
516
523
514
514
519
519
535
542
533
531
527
533
529
527
532
524
519
529
521
535
529
526
530
525
523
527
535
531
523
539
539
535
520
531
529
523
533
532
535
523
522
535
527
531
538
536
524
537
540
528
484
548
568
416
127
