545
527
486
522
588
590
579
593
604
588
544
464
430
425
439
434
431
418
436
445
452
455
449
449
432
441
485
572
624
611
599
614
627
589
551
535
577
602
591
588
590
590
570
580
569
568
572
570
570
587
633
661
644
644
648
647
642
653
620
585
546
534
551
552
548
548
547
550
538
512
509
490
506
518
510
494
507
516
508
500
511
503
455
434
448
450
434
441
480
463
446
463
472
459
441
507
616
666
647
652
650
663
656
659
636
656
677
614
481
411
452
541
574
540
550
558
565
561
560
559
562
561
563
560
560
554
566
552
570
612
620
617
622
617
625
616
625
600
544
512
523
539
516
507
555
623
671
669
634
609
580
577
587
591
585
589
579
551
549
559
565
553
559
570
554
548
555
567
556
546
543
557
550
535
570
604
622
617
612
626
625
631
616
600
547
538
538
538
548
545
532
504
484
481
489
484
480
486
464
444
460
467
464
458
456
459
458
472
484
481
477
477
484
484
470
496
575
591
588
573
582
585
579
574
608
628
638
638
643
638
601
568
534
536
551
548
544
553
545
516
488
498
508
490
497
489
480
475
477
487
463
448
462
469
470
459
473
476
462
443
438
449
446
426
416
391
397
415
405
389
387
399
390
368
410
500
512
515
533
601
631
640
617
620
630
628
605
549
527
532
537
544
532
536
525
494
469
482
482
480
497
529
548
534
519
535
534
530
520
524
529
530
520
520
534
532
527
519
529
523
524
520
518
522
521
533
528
530
519
539
524
521
528
535
520
515
543
547
514
514
558
521
496
543
575
414
131
