685
669
603
614
660
648
580
568
527
519
535
535
541
527
525
507
480
480
490
482
475
494
510
473
478
484
463
443
419
441
419
426
435
431
429
431
433
418
430
453
469
464
465
466
466
458
455
487
538
565
574
562
563
581
606
615
617
619
607
603
612
615
584
533
498
507
515
515
507
502
505
491
483
491
477
472
501
562
616
602
586
559
569
565
563
574
570
565
561
569
548
556
571
617
610
609
613
611
615
609
618
614
607
607
613
616
608
625
618
575
516
481
495
500
490
504
497
497
485
504
502
498
508
561
590
574
588
598
557
490
474
469
485
482
485
474
488
501
513
507
503
510
529
516
502
533
583
598
577
580
605
623
585
512
481
477
500
486
481
495
489
487
483
487
476
467
459
466
473
457
467
469
461
470
464
467
461
463
451
466
466
476
466
463
471
471
465
454
489
519
540
531
522
539
541
522
551
621
663
664
633
649
658
664
637
572
545
542
554
554
537
539
548
563
576
597
627
585
582
618
619
560
506
484
484
490
492
493
477
469
526
568
588
535
499
519
519
512
510
521
522
511
501
461
433
427
452
443
441
412
395
400
408
413
408
397
404
401
389
409
434
436
441
442
438
434
445
446
450
432
447
444
434
406
393
377
397
380
393
377
395
395
397
384
381
385
375
379
451
601
673
655
624
661
657
654
648
646
649
653
650
658
661
652
660
657
656
646
632
611
580
589
591
599
592
579
506
466
475
483
472
449
482
492
456
425
413
411
409
410
430
412
398
449
552
613
595
593
591
601
591
586
588
586
582
591
586
566
526
525
526
526
535
512
516
534
529
526
520
534
528
538
528
528
540
522
532
534
526
515
523
534
524
532
549
535
522
520
548
521
500
540
582
422
125
