501
463
430
450
472
428
411
429
454
422
407
447
434
396
398
403
396
376
437
555
612
603
592
595
612
589
548
521
530
538
546
536
532
555
592
589
566
519
516
546
538
516
485
475
492
475
462
457
453
458
451
456
465
460
457
453
450
444
441
440
464
442
446
463
442
427
468
558
623
606
586
620
619
600
584
601
572
508
473
495
486
490
505
495
476
485
489
471
469
529
651
705
703
664
686
701
680
694
674
607
584
592
601
596
588
600
594
598
603
563
492
450
461
476
457
457
470
442
420
430
449
421
397
471
561
614
611
596
599
588
591
600
576
531
517
522
523
531
516
519
518
529
576
607
620
599
612
632
619
584
523
495
487
508
497
482
489
539
641
702
699
674
670
692
689
646
600
565
572
587
590
546
509
488
498
504
483
505
551
571
568
560
561
563
568
572
572
571
569
580
571
565
571
577
583
587
593
596
584
578
593
595
561
515
480
476
492
502
479
470
523
641
697
684
686
685
687
683
684
660
586
540
546
560
560
545
554
513
465
466
496
472
447
516
636
698
687
683
686
668
683
694
662
610
599
612
599
583
590
611
559
485
446
455
465
471
437
376
360
368
366
372
408
510
559
552
535
539
562
541
538
540
557
565
572
573
571
577
581
577
577
567
591
582
593
592
596
587
594
604
598
596
600
592
550
508
526
550
515
467
460
465
452
464
478
461
451
481
509
527
535
519
530
521
523
531
537
521
535
529
524
524
530
531
527
518
532
533
516
513
529
524
539
530
514
531
530
533
526
512
538
526
515
529
534
530
509
530
550
528
494
539
573
409
140
