682
661
597
639
663
631
612
635
634
617
636
658
631
633
645
612
551
509
529
551
532
535
536
503
473
483
478
475
475
499
479
437
414
432
432
426
422
428
420
416
432
446
467
449
458
465
469
455
451
485
546
572
574
546
558
580
565
548
566
571
582
567
557
579
582
613
610
610
604
629
614
597
529
502
495
473
485
468
475
480
479
472
484
485
469
466
492
571
613
584
565
566
572
569
567
563
569
559
566
564
561
544
556
557
557
562
559
565
579
614
625
601
600
621
641
586
512
472
488
499
490
486
482
484
492
494
492
500
501
500
477
524
562
583
586
591
602
569
512
469
476
494
492
473
496
508
518
506
517
532
510
515
541
583
586
523
472
475
491
493
479
484
469
455
451
456
480
472
459
464
464
525
542
536
534
525
526
553
621
651
661
635
651
647
648
658
660
632
567
529
552
558
551
548
558
553
554
573
577
603
592
597
601
590
620
609
573
515
475
477
486
482
477
478
506
573
605
603
594
588
577
535
504
516
531
496
453
447
450
442
447
448
446
425
395
404
405
404
393
409
394
405
406
439
435
437
432
444
442
442
446
443
441
444
453
448
424
407
384
373
385
411
383
381
396
405
384
355
450
581
673
656
633
639
668
668
627
596
591
581
585
591
605
591
572
500
461
466
471
463
424
416
410
422
422
409
397
440
564
621
616
592
602
601
599
589
594
592
579
598
603
581
533
523
523
533
533
519
527
529
527
536
520
530
532
533
518
533
532
524
527
533
535
520
532
535
521
512
543
536
516
530
549
524
497
535
580
402
126
