501
481
432
454
467
462
439
434
413
433
432
424
403
404
401
398
406
413
399
368
437
565
623
616
602
605
608
609
599
582
556
527
537
541
528
529
534
525
545
586
613
612
583
604
623
574
548
529
535
533
543
535
534
520
515
503
481
474
492
488
480
491
493
479
460
454
453
454
455
458
461
437
443
449
453
451
447
431
470
573
635
590
495
475
496
488
466
482
495
488
476
488
493
470
483
493
483
474
499
496
466
479
545
626
633
598
577
557
493
460
460
476
487
466
450
443
428
425
429
423
430
424
426
465
553
611
595
591
593
611
575
533
519
528
517
510
534
563
578
569
570
578
570
577
569
587
606
622
615
622
628
587
533
477
491
503
494
491
489
491
504
483
472
548
644
705
692
660
678
683
685
689
659
609
562
564
587
583
569
567
593
551
509
496
485
497
506
485
496
512
551
577
566
565
559
561
566
557
562
562
566
569
570
567
565
573
567
576
568
570
588
583
570
585
579
588
568
521
481
475
492
505
484
483
531
636
687
698
689
679
678
678
686
644
593
538
542
562
558
552
564
551
553
557
542
513
466
475
493
484
461
460
528
632
686
688
669
656
675
681
656
611
592
577
594
594
603
584
609
595
568
490
435
436
463
441
386
362
369
370
358
380
384
363
350
401
498
561
552
536
555
556
556
565
595
579
575
574
582
579
563
574
599
597
589
600
598
585
592
603
580
535
514
525
533
525
529
525
524
528
526
536
526
529
541
525
518
528
531
497
479
462
467
462
469
470
466
456
471
474
456
465
475
510
537
527
521
535
529
535
524
522
522
525
530
520
526
524
534
523
529
528
528
531
528
512
525
529
521
528
528
530
519
529
536
527
540
526
519
513
519
526
542
528
522
535
534
520
514
531
537
517
529
538
522
517
557
536
520
515
540
522
511
554
577
406
134
