563
534
474
496
529
510
520
558
608
602
537
493
435
431
437
444
440
430
461
460
451
433
453
457
441
434
489
561
613
629
601
592
628
620
605
617
620
619
596
548
525
535
537
536
545
580
597
597
586
582
594
585
585
597
598
580
581
583
599
582
579
578
563
565
581
581
564
579
586
569
561
575
570
569
566
590
632
655
649
646
642
640
640
657
646
652
650
654
635
581
536
535
547
545
543
548
558
539
514
501
509
507
515
506
501
500
517
510
493
506
511
497
456
451
443
452
446
450
442
441
441
459
462
427
510
622
677
658
652
647
651
663
666
621
500
413
422
467
431
411
455
548
565
551
553
555
554
569
609
623
615
603
622
622
622
612
586
540
523
518
522
513
515
552
632
675
669
648
665
672
657
594
584
574
590
581
584
588
592
568
566
552
549
560
560
558
551
560
542
557
552
568
556
566
558
559
550
566
563
551
567
576
602
621
630
617
609
627
621
627
605
569
528
525
535
550
522
501
488
483
485
467
459
451
469
477
471
460
471
472
490
484
485
466
467
507
572
584
584
570
579
580
582
576
597
638
635
638
623
631
640
644
622
571
551
547
552
551
543
543
531
516
501
507
491
500
507
508
500
504
497
502
506
503
507
499
496
511
492
488
478
483
479
482
480
490
483
471
489
479
483
465
466
463
469
461
455
472
456
455
452
455
431
449
453
450
446
430
424
403
403
401
411
406
408
409
397
379
378
399
401
380
385
414
487
537
533
497
504
554
590
620
635
620
625
622
623
631
596
557
522
523
551
528
521
525
538
513
492
474
470
489
519
528
534
538
523
524
517
525
525
526
528
540
523
516
530
526
525
529
534
525
518
531
521
525
527
529
525
531
526
537
530
520
531
534
502
519
548
524
507
545
574
417
133
