641
625
576
590
562
515
496
526
534
499
539
602
607
600
594
602
595
587
588
585
584
597
568
514
501
516
501
510
511
498
471
442
437
465
454
446
457
457
452
453
467
469
445
441
440
410
414
424
422
405
398
432
461
454
508
594
665
638
636
636
661
641
604
569
531
525
537
535
520
533
541
535
504
477
466
473
466
477
470
459
479
483
483
452
496
548
566
557
548
558
565
570
600
622
605
613
588
524
466
512
529
466
387
351
361
356
359
364
354
348
380
406
389
373
461
594
685
679
665
660
622
565
572
587
589
572
582
586
571
561
566
568
541
541
557
549
538
541
534
541
538
529
561
556
593
614
628
607
611
611
622
593
546
519
535
530
524
523
526
529
530
520
532
552
554
547
555
561
544
555
551
527
506
508
517
512
506
515
518
529
545
561
568
562
568
578
569
554
562
583
577
588
598
578
582
581
596
587
584
607
591
546
480
435
439
455
441
443
447
451
454
482
482
470
482
484
491
485
486
482
498
554
579
564
567
560
566
540
535
539
540
536
539
540
528
555
610
628
625
610
615
622
619
628
632
613
592
601
602
590
595
608
584
546
527
533
520
533
531
526
497
462
480
498
489
479
492
489
465
465
479
479
458
464
465
454
465
470
469
467
467
467
468
464
473
468
447
443
438
431
434
438
436
414
408
403
398
404
413
406
385
430
499
540
520
517
529
538
522
519
521
533
527
524
529
519
523
530
541
513
520
540
540
515
532
531
519
523
532
526
523
532
538
532
524
527
535
521
524
538
526
513
529
563
530
499
537
576
419
119
