525
501
472
490
489
479
473
478
419
374
389
407
387
386
403
404
402
382
400
409
389
398
404
393
389
392
387
375
394
407
408
383
387
400
425
405
399
402
405
391
390
441
519
575
582
551
548
579
570
565
565
551
529
523
550
546
528
533
549
571
563
570
578
555
568
579
595
594
593
599
568
522
476
483
494
448
404
353
356
369
362
368
366
378
359
364
386
444
459
442
438
490
562
598
596
586
581
602
594
583
586
611
612
628
647
638
631
635
643
638
597
560
524
511
533
539
513
452
445
454
440
429
420
395
385
397
433
400
377
476
606
685
669
652
667
681
667
677
670
643
575
556
574
571
574
568
556
562
559
555
534
533
543
534
541
524
563
600
615
617
604
601
629
618
587
512
473
480
478
475
479
476
480
522
609
665
663
650
659
661
644
659
654
638
573
541
535
555
548
544
542
561
553
517
456
436
441
444
441
430
426
436
463
518
555
540
521
531
543
526
531
550
560
556
561
566
572
552
556
573
565
559
575
583
556
555
570
607
623
630
629
602
573
557
555
566
567
561
540
529
518
513
516
514
509
516
515
506
498
502
495
506
510
503
511
554
555
556
550
555
560
559
564
570
559
552
568
554
551
560
571
595
585
582
584
578
563
547
552
545
548
548
545
538
554
597
601
599
578
613
598
580
586
605
568
496
457
455
479
471
457
450
462
447
405
382
371
387
367
370
377
390
367
368
440
544
626
612
595
605
617
606
610
609
617
605
611
597
562
523
533
545
539
511
465
460
449
453
465
464
449
451
478
510
530
531
526
527
538
530
527
519
528
521
523
527
536
523
528
521
528
532
517
528
534
534
519
519
533
531
526
536
538
517
531
552
534
515
535
546
531
527
540
529
506
536
548
525
497
548
585
410
126
