542
516
472
501
510
458
422
443
470
429
381
382
451
548
612
616
594
588
597
605
620
626
631
620
626
637
643
611
626
633
639
642
631
631
605
543
518
544
529
541
548
542
531
504
564
631
662
662
651
646
653
665
659
639
593
575
554
580
563
563
564
569
601
623
618
600
613
605
602
617
624
609
551
527
526
537
528
538
545
530
518
551
631
641
649
642
617
554
473
457
474
477
459
472
471
466
469
492
508
494
491
499
491
494
509
560
563
569
553
572
552
545
546
548
551
548
548
547
562
591
605
601
602
612
600
593
605
609
567
520
469
486
494
485
476
492
486
479
494
500
481
483
494
491
466
470
489
493
483
486
488
488
485
502
496
485
474
488
491
472
482
504
500
484
498
483
490
488
492
509
509
517
515
524
514
514
531
581
606
621
603
590
615
622
575
495
462
462
480
475
467
467
480
461
433
421
436
433
441
415
461
549
596
593
583
590
593
593
590
593
579
551
537
532
526
532
541
558
566
555
553
567
580
562
574
565
579
564
558
580
592
537
476
440
450
451
432
479
581
639
624
603
608
612
601
604
619
625
609
611
623
634
615
624
632
626
584
517
468
472
491
493
469
476
484
474
470
480
487
473
449
459
464
442
439
464
475
437
417
508
642
699
694
687
692
681
620
598
606
616
606
590
609
610
606
583
530
504
514
526
524
489
467
446
454
454
459
456
442
460
454
446
446
452
453
462
448
443
450
457
472
485
472
465
482
476
465
470
452
458
450
442
443
434
446
438
449
454
449
448
448
462
430
412
395
382
399
397
392
400
450
475
445
448
477
558
590
581
576
589
585
583
569
550
524
523
541
528
522
530
538
517
516
522
534
530
517
539
537
534
522
526
533
519
514
537
522
526
536
534
527
527
537
525
529
535
536
510
503
530
537
523
525
555
530
505
550
566
411
134
