645
626
574
594
604
593
568
541
529
521
526
537
514
521
539
535
507
534
597
619
609
602
605
614
609
595
604
586
581
589
591
574
584
597
597
559
526
517
495
477
453
441
443
448
437
458
451
466
471
475
471
463
463
468
469
462
462
470
460
450
447
435
439
440
438
436
436
404
408
410
418
403
406
412
418
402
401
419
463
475
468
460
474
479
483
486
475
462
512
583
658
640
638
635
647
667
608
553
533
522
535
538
529
537
513
477
468
470
478
474
468
475
476
464
473
468
457
477
482
478
468
488
536
560
553
562
559
564
553
564
559
588
591
625
612
610
597
608
628
595
501
378
346
362
365
348
364
388
405
402
381
403
394
395
394
390
393
378
409
417
381
373
461
611
695
690
668
668
661
654
663
674
658
588
567
591
589
580
583
591
589
587
583
587
585
569
572
563
555
569
563
564
548
576
556
553
543
556
542
534
547
536
536
547
589
619
610
612
615
616
602
607
606
622
617
611
625
599
549
515
529
525
543
532
529
533
527
548
559
554
546
555
556
556
560
550
553
548
548
541
562
553
525
516
510
526
516
512
522
523
509
508
527
541
562
568
572
574
565
575
580
587
583
597
604
556
480
430
439
468
443
429
465
491
485
477
509
551
572
568
557
561
571
560
529
533
531
543
527
529
549
603
625
623
612
622
635
622
621
621
616
596
608
611
597
598
600
611
587
544
521
529
521
534
536
522
497
473
480
490
484
493
488
476
468
465
467
457
458
461
474
458
428
434
443
442
437
436
438
429
424
429
416
391
382
435
497
533
537
526
522
542
527
527
539
531
518
529
535
529
532
528
536
523
525
518
530
533
529
525
534
527
529
529
527
521
536
533
526
532
540
524
518
534
543
513
520
545
527
495
544
563
419
120
