565
528
477
505
525
508
493
525
518
493
510
531
509
503
523
583
579
576
600
580
577
584
606
568
470
424
432
439
435
439
440
433
451
451
447
450
456
448
431
478
583
634
624
594
613
615
583
550
541
535
531
539
537
545
548
584
600
594
575
588
589
589
576
591
583
583
570
577
566
559
584
633
649
665
655
657
656
662
624
577
543
543
556
558
530
522
508
507
512
505
498
491
501
513
507
507
513
510
487
509
502
509
511
488
469
444
438
462
451
449
449
457
452
454
469
472
450
452
509
607
667
676
658
647
662
674
599
481
415
423
453
444
431
425
484
528
575
567
566
555
570
554
549
590
607
614
632
620
619
612
618
629
606
538
511
528
540
526
535
531
534
516
510
521
513
528
519
508
519
529
526
507
540
639
678
648
642
651
668
657
667
679
650
596
575
585
590
570
581
583
564
553
541
548
560
557
556
562
565
552
550
575
609
632
607
622
626
610
555
531
540
543
554
524
542
555
523
491
500
482
484
490
496
494
476
476
479
458
467
465
455
461
458
464
466
464
487
477
481
474
489
468
467
503
561
587
573
588
622
630
636
615
632
638
605
563
540
536
551
550
536
539
547
555
536
508
496
499
503
504
516
489
509
511
499
496
483
485
483
485
480
469
481
470
462
461
466
476
468
471
428
420
431
436
441
436
456
427
405
393
392
422
411
410
410
421
406
377
377
386
376
383
392
394
386
377
411
480
528
522
511
521
533
496
507
540
591
627
632
603
552
516
523
534
536
524
525
541
527
504
468
490
481
475
465
487
509
532
520
520
533
523
514
510
521
535
524
528
535
535
529
532
536
529
522
538
546
516
533
538
536
512
528
522
538
528
537
535
516
522
548
528
503
551
569
417
127
