641
611
564
588
618
594
582
595
603
593
599
594
603
605
588
541
523
521
527
527
512
538
596
619
605
601
601
597
607
600
599
604
601
598
598
599
604
595
587
593
593
567
513
499
517
507
522
513
521
509
500
513
525
489
464
442
451
463
451
452
441
451
458
469
464
476
477
463
437
431
442
443
440
440
452
431
441
449
425
405
402
414
399
406
434
472
479
479
477
490
467
449
519
611
645
633
624
647
642
649
643
615
556
532
535
531
478
456
467
483
455
457
473
476
450
487
494
486
462
486
548
559
553
568
569
559
544
576
600
607
613
606
606
601
613
608
599
605
609
616
607
616
615
584
516
501
498
494
486
504
511
492
502
507
456
387
344
363
378
353
355
371
349
332
442
617
694
670
658
681
646
600
564
587
596
575
574
582
580
569
580
596
592
579
580
561
560
558
559
558
566
538
543
532
532
552
533
540
562
591
624
614
616
626
611
616
612
602
549
519
523
536
544
545
555
565
552
556
557
561
552
555
562
540
538
511
517
516
503
525
560
576
573
568
561
576
579
564
586
594
581
589
575
598
596
602
584
591
593
589
597
599
557
476
436
458
493
488
473
490
503
489
483
499
495
493
511
550
565
565
553
565
561
559
564
548
524
526
552
606
633
628
615
624
624
615
618
611
597
594
594
593
603
606
579
550
517
528
541
533
528
538
529
485
489
484
475
485
488
490
485
473
463
462
465
463
466
468
469
467
462
462
451
451
435
431
435
430
441
428
416
411
404
411
412
399
399
403
400
401
407
406
394
396
402
400
389
397
410
402
389
440
505
544
529
519
529
525
522
521
532
530
531
529
521
526
534
524
524
539
521
520
530
541
525
526
519
537
525
521
531
525
522
534
541
536
502
515
554
516
497
544
576
421
134
