599
573
535
573
568
558
569
624
624
625
636
602
541
509
523
528
509
521
541
508
424
378
398
415
398
385
406
389
399
405
416
428
423
419
425
430
401
401
477
618
707
695
669
670
690
678
658
621
591
586
600
612
601
597
610
607
601
599
611
586
568
577
587
584
584
598
589
557
514
476
484
475
491
470
491
487
485
471
481
497
478
485
491
492
478
417
404
392
401
418
470
496
498
475
489
498
481
509
552
574
560
561
563
571
540
530
535
531
532
528
550
538
528
530
534
542
516
547
578
607
598
594
581
597
585
591
583
588
592
589
584
581
576
563
565
567
577
565
594
629
648
648
647
620
555
530
515
541
517
516
544
535
514
477
459
461
464
472
462
457
477
500
514
516
507
515
517
506
535
582
596
612
592
604
598
600
607
584
518
473
483
492
484
481
492
491
490
494
507
506
491
495
499
496
495
509
499
494
516
554
573
558
552
564
559
562
556
556
559
550
514
515
518
516
528
520
510
519
529
517
515
506
494
543
600
651
633
628
634
639
624
627
630
613
557
546
548
558
559
552
552
512
501
512
518
503
510
513
486
448
425
437
438
434
447
452
432
437
462
462
441
442
465
427
430
491
640
707
690
669
687
696
675
681
704
679
620
598
594
603
607
565
532
485
514
505
508
498
521
498
467
441
466
475
447
451
466
454
424
432
425
412
424
435
405
370
348
365
347
363
355
357
355
356
417
443
423
410
478
584
642
622
609
621
643
622
597
539
506
502
519
518
496
470
458
467
454
470
468
471
467
483
482
486
480
501
519
531
535
517
524
520
527
531
514
527
532
537
527
530
536
537
525
528
531
537
505
532
529
521
520
527
527
522
524
545
517
498
542
577
406
125
