691
663
584
618
665
642
599
562
535
517
536
556
519
527
543
535
492
470
502
489
471
497
489
473
438
426
430
430
414
432
437
426
433
455
470
452
465
465
454
456
490
541
574
572
557
571
550
552
562
577
600
607
609
610
602
611
618
596
527
490
505
511
520
502
506
501
495
484
481
492
479
476
478
464
497
564
600
606
589
602
601
591
571
562
561
572
558
558
566
544
552
561
550
546
562
602
627
577
520
488
478
495
490
489
486
501
512
491
498
496
481
484
485
500
496
486
527
566
593
578
574
574
588
587
582
570
589
573
583
590
585
579
583
581
586
584
580
579
575
582
576
574
589
585
585
579
601
589
577
594
578
565
506
484
476
487
484
482
522
513
512
511
514
520
527
581
617
601
592
594
607
594
572
610
607
560
506
477
487
487
489
474
490
493
486
488
483
472
472
453
475
463
454
444
483
518
531
541
530
543
528
539
543
534
525
555
626
668
647
638
651
652
643
647
651
661
630
653
668
628
573
548
548
566
586
600
610
585
608
610
573
514
476
474
477
485
480
476
472
510
579
623
610
586
596
611
590
598
604
600
604
595
608
595
606
602
602
600
604
606
597
587
586
596
588
608
588
539
511
523
525
505
511
522
505
455
436
443
444
424
407
390
409
397
408
405
395
412
434
455
442
434
445
439
426
440
431
431
447
437
451
447
454
451
446
438
413
378
385
387
400
391
396
395
394
385
386
383
388
392
382
396
400
379
389
407
379
384
448
593
675
665
629
642
673
647
635
605
585
570
600
593
595
589
606
593
580
566
597
591
590
599
598
590
572
586
593
585
586
592
586
585
597
607
570
493
461
467
480
469
474
462
463
475
475
473
465
436
393
395
452
562
632
613
613
605
605
601
586
599
601
588
590
600
583
592
593
578
542
524
528
525
531
534
530
511
515
534
539
535
536
522
518
538
531
516
537
525
514
522
540
534
525
525
535
541
507
524
538
530
505
555
572
413
125
