544
510
443
430
436
413
385
402
418
415
391
390
451
543
607
606
603
626
645
613
545
527
529
527
524
523
520
550
622
678
668
636
649
677
664
623
595
567
561
565
567
565
564
570
570
549
564
586
605
604
601
611
606
611
602
604
609
596
552
524
519
523
553
610
652
649
610
549
526
526
529
518
525
533
521
494
460
470
483
471
475
484
490
494
500
503
493
499
511
546
576
561
568
564
554
547
557
541
569
599
598
612
613
602
607
611
591
599
617
621
574
510
478
483
497
499
478
473
488
525
521
518
517
513
512
512
505
510
540
576
609
604
594
610
623
570
512
462
478
470
467
474
472
462
474
461
439
416
417
442
427
410
456
549
604
600
583
594
585
592
587
586
580
579
582
575
540
521
548
552
542
569
566
559
557
579
570
537
475
441
438
447
494
569
629
611
600
596
625
609
612
625
627
609
606
626
630
593
506
464
475
466
467
477
482
479
459
450
442
445
466
472
448
433
504
642
717
700
670
696
683
629
583
593
598
591
605
613
607
596
597
605
602
591
607
600
609
603
598
593
600
579
537
506
502
510
517
499
504
491
446
435
460
467
451
455
450
451
447
456
451
459
451
449
461
466
470
485
471
471
474
450
437
441
449
460
439
406
398
391
400
389
385
403
441
465
455
443
455
451
453
443
482
551
593
587
577
586
581
565
578
584
580
571
574
585
565
516
526
536
527
531
527
518
517
535
515
509
536
531
524
516
537
522
523
529
532
532
518
529
532
531
520
525
538
527
525
551
524
501
548
572
403
129
