519
506
448
489
493
475
468
498
493
479
483
489
487
475
491
499
498
493
499
491
489
482
503
507
472
478
487
482
486
496
491
485
488
488
491
487
497
494
467
414
382
390
392
395
393
408
398
382
409
407
394
395
416
402
395
415
423
393
388
433
525
576
581
557
567
565
560
556
571
542
540
533
543
539
544
540
548
555
568
571
574
576
590
595
575
588
594
576
511
476
477
491
476
481
491
464
403
362
355
380
382
351
364
411
443
456
458
463
444
442
488
551
597
585
589
584
587
599
588
613
639
641
609
560
534
523
539
554
546
515
466
438
454
464
455
448
460
437
401
398
412
393
384
457
601
685
679
648
646
674
664
632
602
560
565
563
573
558
563
570
557
536
530
544
549
531
532
546
564
602
612
615
606
605
612
619
582
516
480
468
487
484
492
469
489
487
471
463
509
612
685
659
644
653
675
638
560
548
538
542
557
562
513
454
426
435
438
424
419
435
463
507
538
550
530
531
551
555
540
534
565
562
560
549
566
561
571
570
561
561
552
571
559
561
571
619
634
627
613
626
626
602
565
554
562
561
518
509
503
516
519
501
513
535
513
516
520
517
510
500
500
507
501
496
510
505
498
510
534
548
545
543
543
552
548
554
565
555
564
573
579
575
579
588
571
552
547
554
549
539
548
555
539
553
592
593
587
587
611
567
480
445
465
472
459
438
465
468
434
399
367
372
376
391
369
361
428
566
621
628
588
601
617
605
597
621
610
595
610
630
595
547
524
544
533
520
535
537
526
524
531
526
517
541
533
512
463
462
448
457
461
458
451
443
475
512
529
531
517
524
531
525
547
529
528
526
516
525
528
526
535
531
523
529
521
525
517
524
520
533
535
528
522
541
535
514
520
543
522
500
547
574
405
133
