556
522
481
513
544
519
506
521
555
593
602
550
476
424
432
440
445
432
437
462
460
442
433
479
565
623
612
601
597
610
549
525
542
550
532
537
587
605
592
590
597
591
581
584
585
577
563
589
570
564
574
624
651
644
641
647
633
582
552
533
556
543
547
545
545
560
544
510
517
515
507
505
505
511
495
457
445
438
442
449
453
450
451
463
463
461
457
462
472
444
452
501
595
675
672
611
489
421
427
446
456
432
434
446
460
529
574
567
545
563
568
559
552
595
632
614
607
609
623
615
607
611
622
608
610
636
617
617
635
610
543
510
537
529
514
520
523
533
515
516
548
622
668
669
666
663
666
663
657
657
652
610
572
581
579
583
588
595
582
572
551
563
555
551
555
557
559
559
558
551
550
555
560
556
561
551
549
554
559
559
550
547
558
562
556
555
552
558
561
554
580
615
623
635
617
620
621
636
599
563
538
535
534
500
477
481
491
486
481
491
495
466
455
463
467
467
481
474
476
485
480
473
504
558
602
578
587
577
587
584
587
588
575
583
624
643
629
627
640
635
627
634
649
621
564
541
540
547
533
548
547
525
511
502
506
507
499
501
494
498
498
499
482
474
481
487
489
485
474
482
456
458
463
470
465
466
461
456
465
469
474
462
451
438
441
439
442
439
449
462
424
408
403
400
389
365
389
403
380
374
415
498
519
528
515
514
508
533
593
627
626
606
622
639
630
592
556
534
521
527
544
534
522
541
544
512
491
477
477
473
485
485
481
488
516
528
531
512
535
528
525
520
531
521
523
530
534
524
520
529
539
529
526
537
530
517
527
534
521
517
536
535
506
522
542
516
498
547
576
405
134
