500
465
444
433
468
447
425
423
429
407
408
429
430
476
490
493
487
486
500
493
490
465
511
538
541
552
558
546
535
555
562
527
461
410
425
441
438
412
462
542
593
568
580
576
580
578
557
574
590
628
628
635
645
629
607
584
584
601
595
593
593
600
566
500
467
480
492
473
489
501
460
413
379
401
401
385
381
410
464
468
475
470
473
476
463
502
568
592
594
583
588
591
589
601
605
589
574
549
563
560
547
550
557
547
564
610
631
620
605
608
627
613
607
619
631
600
515
486
497
505
504
482
498
512
497
492
475
457
446
473
466
465
458
469
459
442
441
438
438
433
441
442
434
448
432
448
452
455
448
446
442
442
447
427
396
376
384
383
384
381
387
385
377
402
444
482
470
465
471
478
461
464
475
463
467
465
477
466
450
480
505
508
505
522
522
506
511
530
571
582
591
580
577
577
575
576
573
569
570
572
565
585
589
540
491
461
461
466
474
461
454
454
492
574
613
616
589
593
606
602
607
591
596
612
598
583
610
620
570
492
466
458
477
468
463
455
468
471
468
462
465
522
609
680
675
650
648
667
667
649
602
590
572
589
588
596
573
530
502
507
524
495
468
455
456
450
455
465
464
451
446
470
466
459
475
480
480
469
480
477
479
483
482
484
469
474
478
471
473
484
499
471
417
416
409
429
397
412
396
399
413
385
374
392
409
376
372
440
585
677
642
638
648
668
655
654
657
653
651
657
660
649
647
658
662
642
635
668
654
641
597
595
597
607
585
578
593
580
533
502
498
512
503
463
452
452
465
484
501
484
475
490
493
495
475
477
493
480
472
495
521
528
526
526
532
525
536
532
532
514
527
528
521
520
529
525
529
531
530
531
514
525
537
518
525
531
529
522
531
535
526
528
548
538
513
520
549
525
507
555
567
412
127
