681
664
587
589
603
585
569
589
594
586
547
520
498
478
471
460
447
451
452
456
451
447
436
437
435
451
440
423
416
422
430
424
427
421
423
442
441
447
448
441
452
443
448
437
442
443
435
443
445
434
448
442
465
483
483
463
466
476
482
466
464
456
445
453
450
453
465
468
463
438
460
477
488
462
469
481
478
474
512
572
621
596
596
600
609
590
589
595
599
592
602
599
593
578
598
598
564
505
475
470
477
478
465
472
486
488
470
492
493
473
472
521
592
643
628
605
626
622
628
616
621
614
607
581
589
588
601
572
543
503
507
532
525
520
497
482
445
444
454
457
453
482
493
486
476
483
492
484
472
506
581
621
618
614
620
627
614
596
580
582
582
586
578
586
588
563
514
493
481
494
505
477
427
428
422
425
415
415
419
420
441
443
468
450
453
454
453
441
475
519
553
539
530
537
543
526
545
569
575
591
613
576
518
480
484
497
490
486
494
467
481
483
480
478
482
483
470
484
496
490
480
511
575
624
601
593
607
619
599
598
613
577
490
444
464
484
476
454
457
461
459
472
472
460
456
471
470
467
459
473
449
410
380
391
419
385
389
391
405
391
374
464
580
663
665
627
636
661
660
619
585
556
546
562
569
568
549
525
506
509
504
517
509
523
528
534
527
530
528
527
513
553
621
655
661
638
659
660
655
628
589
578
592
582
582
584
581
581
584
587
590
590
587
583
582
572
578
573
590
601
553
512
465
464
477
477
483
483
483
496
508
540
536
521
523
530
528
530
536
521
522
514
530
536
528
527
542
534
517
525
534
527
524
541
525
528
526
532
536
526
531
539
521
529
524
516
515
523
538
524
507
528
533
514
522
546
525
512
555
579
421
132
