520
509
456
457
448
395
373
409
411
389
380
408
407
390
397
448
519
581
572
553
534
535
546
532
522
540
544
531
531
540
553
555
566
571
574
558
575
578
582
587
604
596
578
600
598
557
500
484
489
485
483
486
489
459
399
352
364
386
383
364
357
386
439
457
462
451
463
454
454
462
455
427
472
545
598
597
584
580
596
596
612
648
643
607
565
527
527
540
549
517
467
447
463
458
434
411
414
391
412
422
391
379
453
603
678
672
638
669
668
667
659
671
644
590
556
568
572
559
542
579
568
554
546
554
538
542
548
541
536
537
559
586
609
629
618
584
511
462
459
488
483
454
456
519
614
669
659
627
567
540
545
553
544
542
558
512
452
430
440
444
426
453
524
553
537
521
537
545
552
546
562
567
557
552
578
615
636
623
628
625
626
623
574
548
565
552
547
547
568
543
559
558
572
536
531
519
521
512
512
517
522
503
509
512
499
502
514
500
498
511
551
565
565
562
556
561
560
562
555
564
578
587
585
588
580
588
582
584
583
588
585
586
581
590
586
581
554
542
541
555
540
558
583
609
584
582
596
605
556
485
454
455
467
453
454
447
465
448
447
459
455
462
459
450
457
465
463
447
408
372
373
395
400
365
358
433
547
616
614
594
592
618
609
610
608
602
608
620
608
612
621
601
549
522
525
537
530
537
548
521
466
438
466
459
445
465
460
456
445
474
504
530
525
532
513
535
525
526
529
526
532
527
530
520
536
525
528
526
526
530
519
526
530
522
525
523
525
533
525
522
521
538
529
511
525
545
527
501
545
546
413
129
