649
629
590
600
572
525
521
544
524
520
536
538
512
477
480
492
484
474
505
495
481
468
458
453
453
456
460
454
460
466
458
417
412
414
420
406
401
391
387
388
392
389
377
377
383
392
369
388
414
458
494
505
492
483
493
484
475
482
502
473
475
514
557
582
585
579
576
584
589
610
586
522
488
510
505
505
511
511
472
464
468
461
470
463
469
472
466
467
486
498
486
505
511
501
501
496
500
493
503
499
482
496
510
494
449
446
460
450
448
458
466
473
480
489
502
482
477
523
598
653
656
634
619
645
647
612
549
521
518
546
536
548
528
542
546
525
504
497
491
488
493
488
501
467
429
413
424
418
389
412
422
402
390
448
586
675
656
634
648
668
645
638
613
577
575
575
597
594
560
517
481
495
488
498
498
472
422
389
400
404
389
392
423
446
427
410
461
589
625
609
602
617
620
611
621
598
560
512
512
535
515
509
518
540
547
573
579
573
561
561
589
562
528
521
530
528
521
540
535
523
521
568
651
697
689
688
689
694
687
687
657
638
596
590
615
623
594
601
609
627
585
536
522
520
501
463
434
432
465
444
443
450
459
452
446
447
452
450
435
458
443
427
455
476
483
469
486
493
476
459
526
595
637
628
615
622
641
635
604
542
498
514
519
555
592
631
627
604
608
623
619
576
520
489
483
497
499
490
490
497
507
486
455
460
465
471
459
470
458
452
444
440
451
456
469
516
536
534
519
520
528
526
528
521
535
538
527
528
529
532
531
524
531
534
533
519
537
535
528
513
537
539
517
527
546
525
491
548
581
419
133
