617
579
541
558
584
554
544
570
579
569
574
575
572
577
579
566
568
584
602
595
603
605
601
598
604
609
596
585
579
557
510
480
484
499
490
486
489
483
456
454
452
460
466
474
476
474
472
467
489
473
475
481
468
470
460
465
471
461
467
464
430
418
412
425
420
399
364
355
348
353
351
345
349
375
425
468
462
455
462
455
450
446
498
575
636
628
614
602
594
586
591
589
603
600
577
540
501
496
508
512
499
468
451
439
451
456
450
453
452
467
450
469
452
440
430
429
435
436
421
422
426
411
431
423
435
420
407
403
394
405
407
397
409
399
409
398
382
449
560
629
616
602
603
610
611
605
603
610
607
595
612
620
611
616
615
604
599
611
623
610
624
619
613
599
599
610
607
615
614
619
604
605
611
607
604
606
619
599
532
493
507
516
509
506
533
547
549
548
552
546
534
555
583
606
604
595
604
562
525
510
481
484
516
569
623
615
584
581
619
603
563
520
490
494
503
485
493
488
483
450
444
445
441
445
447
432
442
447
468
504
483
478
486
482
484
457
447
462
463
439
420
409
408
425
411
412
419
407
408
412
406
402
405
407
400
394
419
468
480
463
464
481
460
465
495
560
595
584
576
578
594
587
567
590
618
624
635
623
622
629
609
544
524
520
538
534
522
529
518
478
437
454
460
461
436
427
416
396
408
405
398
416
411
416
408
394
417
427
402
384
456
576
632
623
596
616
612
609
616
606
535
496
501
520
509
487
524
562
550
559
568
570
553
551
571
568
568
570
552
566
572
567
561
567
568
547
543
528
522
531
525
537
547
527
522
528
523
523
517
518
525
522
532
521
527
531
535
513
526
531
529
521
529
531
525
515
529
529
512
527
549
521
508
542
574
410
128
