677
651
598
634
649
626
600
601
591
563
573
590
556
510
495
505
508
504
497
486
461
445
459
468
451
449
461
450
443
441
439
433
440
441
421
414
429
430
426
412
426
437
443
441
448
440
435
447
470
479
477
476
483
476
469
474
482
483
472
469
454
457
447
461
461
458
459
477
489
480
465
507
576
619
596
595
591
600
581
579
601
602
578
593
582
578
580
590
597
559
513
476
481
485
480
471
490
492
475
466
507
583
631
623
604
615
627
616
608
630
617
600
599
598
605
591
600
573
533
504
510
519
506
512
525
496
465
436
449
461
454
450
449
450
454
478
487
473
475
519
578
621
612
615
623
624
612
622
623
609
598
620
614
603
593
579
562
523
480
490
491
493
489
485
488
496
482
447
418
408
420
425
415
417
437
451
459
458
456
455
460
454
451
461
514
558
551
521
543
549
583
593
606
612
563
510
493
480
479
502
569
612
624
601
602
603
602
601
611
574
496
453
461
475
477
454
468
469
462
452
427
393
385
408
416
383
366
449
589
659
664
622
635
650
647
632
640
659
633
634
640
643
631
635
639
641
624
579
566
553
548
550
557
548
521
508
504
513
526
537
536
521
558
620
659
653
654
647
651
650
655
645
595
573
580
586
577
587
586
593
600
600
596
588
591
592
583
585
574
588
585
575
586
581
561
509
469
467
491
522
535
533
536
536
525
528
528
525
520
527
525
533
515
526
529
528
525
534
534
514
535
547
524
528
530
528
508
529
551
528
492
540
566
412
138
