549
539
468
445
462
438
439
459
453
448
435
414
407
385
410
411
390
384
449
546
596
602
590
607
622
633
617
615
630
637
614
551
528
519
530
531
508
515
569
632
668
666
662
611
585
565
561
579
582
552
559
583
605
613
594
620
634
599
556
528
528
530
548
535
526
536
565
605
640
655
626
628
636
653
624
624
648
655
623
552
519
528
535
539
534
524
508
490
463
470
487
478
472
474
479
499
503
497
500
490
489
498
508
554
573
565
550
568
574
569
554
555
552
550
548
552
550
548
540
560
594
601
605
612
593
593
600
615
573
522
481
480
494
493
470
493
509
528
523
515
516
507
512
513
549
590
619
606
588
606
618
572
511
458
462
481
478
453
464
470
453
468
451
438
438
435
443
417
411
465
543
599
599
566
582
598
584
550
541
537
546
535
541
547
537
539
561
571
546
571
579
566
565
557
574
586
534
470
439
425
489
580
615
610
611
614
621
632
631
621
611
622
629
596
506
459
472
495
477
478
479
461
442
468
470
446
430
513
643
715
707
663
678
697
695
665
627
592
600
604
624
608
583
545
516
497
510
519
491
508
519
521
502
478
450
451
453
467
449
451
450
462
452
443
456
437
446
439
452
442
443
465
478
484
466
458
455
425
407
373
400
403
393
378
414
443
450
451
476
549
597
585
557
578
568
575
579
568
532
512
532
529
526
519
540
533
525
530
536
530
526
531
524
526
525
525
526
526
524
529
516
520
540
530
533
524
542
528
513
522
532
528
520
539
537
506
528
550
529
494
556
581
408
134
