611
588
535
562
594
571
562
594
619
594
560
532
496
467
499
489
484
481
472
470
457
464
473
467
452
455
477
460
457
465
471
459
439
493
549
584
576
562
577
557
558
575
618
638
630
645
636
635
635
637
603
556
517
527
534
542
522
540
517
479
445
453
466
489
492
501
488
497
508
499
482
523
583
626
620
601
603
623
613
600
576
558
561
569
571
564
547
564
548
554
556
546
565
579
603
604
594
606
602
616
575
522
481
489
502
488
504
481
504
497
487
442
412
421
426
427
424
416
419
431
429
426
423
418
434
426
427
436
466
487
488
487
476
493
489
487
492
502
538
588
586
560
564
577
588
549
504
467
478
485
483
483
481
488
479
455
472
469
470
463
489
530
562
556
536
547
551
542
563
589
602
595
583
607
599
592
598
589
592
585
607
589
586
599
592
580
513
495
495
496
497
504
492
485
512
556
591
576
590
591
557
484
425
436
453
453
432
449
452
475
484
523
550
568
577
572
576
576
567
568
564
571
568
576
574
573
551
555
544
556
541
551
560
565
585
603
585
582
594
594
564
507
480
482
488
486
474
470
465
470
470
471
467
460
474
469
474
467
463
470
470
470
472
477
477
467
457
489
526
559
566
545
556
555
549
556
585
596
594
597
588
603
595
602
573
518
477
489
523
547
582
589
578
561
593
587
549
472
426
426
436
436
437
440
446
479
491
485
475
510
566
588
570
567
581
577
558
576
576
547
489
450
460
462
466
455
469
471
466
466
466
462
494
551
585
576
574
571
579
581
572
571
581
589
573
553
521
527
523
531
520
533
534
540
517
533
530
539
528
526
533
529
519
528
529
539
527
531
534
527
526
537
528
527
527
538
520
531
531
539
525
542
526
515
533
529
534
525
536
543
520
524
538
534
511
523
537
532
524
531
542
529
525
532
529
510
517
543
525
505
545
573
410
136
