701
657
591
631
662
624
610
638
624
557
514
554
542
541
513
509
474
472
500
490
479
473
499
495
467
440
422
422
426
443
439
418
425
441
448
462
472
464
446
469
539
573
563
550
572
571
558
551
573
590
604
606
607
602
608
611
589
511
487
491
506
500
510
526
503
482
472
491
486
467
505
567
607
589
592
586
589
612
596
593
566
560
574
568
568
571
563
567
567
573
570
567
571
558
567
556
563
558
554
549
555
556
556
558
562
556
553
566
594
617
619
614
598
604
612
590
521
482
496
493
493
469
495
488
476
482
491
492
483
492
503
487
471
519
567
586
589
580
596
565
504
472
474
499
517
514
525
525
528
507
508
537
571
598
602
594
592
592
604
607
575
507
480
488
482
485
484
488
480
472
461
461
465
465
466
483
523
535
532
530
542
542
526
554
627
661
658
652
652
657
653
654
660
629
571
542
560
557
549
557
564
548
541
560
593
609
607
604
590
599
603
568
521
480
483
491
490
485
473
484
522
571
597
606
595
602
611
603
597
585
544
503
509
525
524
505
519
523
507
459
433
448
438
445
454
453
452
452
448
440
433
450
445
415
402
411
405
409
405
407
402
392
405
433
445
446
432
435
445
443
441
445
438
446
433
446
445
438
401
382
388
393
385
380
384
390
376
391
409
374
370
451
601
686
656
637
653
650
601
569
599
601
594
580
605
595
562
498
467
472
472
481
467
476
480
473
469
473
469
480
460
455
403
404
417
425
395
407
463
553
623
615
590
591
610
605
597
588
588
598
573
547
523
531
542
528
534
517
525
527
511
523
533
533
521
512
531
530
525
532
534
520
509
532
552
536
519
540
548
517
526
537
530
494
549
562
418
133
