479
468
433
436
453
425
408
423
434
419
424
432
415
412
424
431
418
407
413
392
380
441
564
624
594
580
605
612
582
542
532
532
531
525
529
529
521
552
596
621
611
607
603
611
605
614
592
550
538
524
537
525
521
545
528
497
497
484
489
480
460
452
458
452
457
463
452
437
457
448
441
442
457
443
427
479
576
634
621
583
603
619
587
512
473
482
497
497
479
493
500
475
470
526
647
712
687
683
675
694
691
695
669
624
578
578
617
597
585
602
600
580
589
610
574
479
440
456
486
464
463
474
459
428
434
433
438
423
436
425
429
465
551
622
612
585
594
614
598
583
539
510
503
538
572
573
575
575
573
578
581
612
613
620
603
606
613
616
620
611
613
595
620
623
595
523
478
498
508
496
472
535
639
692
683
675
679
695
661
593
553
575
576
573
565
582
588
554
505
492
485
482
494
498
488
493
507
544
559
568
563
549
572
563
570
575
578
580
579
570
601
580
554
526
482
480
503
511
475
481
534
642
696
704
689
673
693
694
691
660
580
533
541
586
545
490
480
496
467
448
519
632
683
684
674
686
683
689
676
673
611
579
595
603
590
576
619
584
490
413
378
368
367
360
386
384
357
410
516
570
557
534
548
546
575
570
587
571
574
571
577
577
584
575
571
573
597
597
589
589
602
588
547
521
525
521
523
529
544
519
467
458
460
460
466
459
474
475
445
467
521
544
534
525
525
522
524
525
528
511
522
544
520
511
530
527
518
524
533
515
511
533
540
518
506
540
525
510
519
547
520
508
541
570
419
132
