506
495
465
472
481
473
468
471
460
510
567
626
628
592
597
623
632
560
483
417
427
428
429
437
501
535
528
524
530
551
528
527
549
553
553
550
546
564
550
554
541
554
547
542
548
564
617
633
628
633
630
639
621
595
584
588
596
588
594
590
591
585
603
607
552
488
464
475
487
466
474
484
454
408
395
411
411
388
446
532
586
572
554
580
570
558
537
545
546
545
543
555
553
565
562
563
548
568
578
578
582
570
583
579
594
569
545
534
544
540
551
556
564
575
564
558
571
559
560
565
574
548
518
498
500
494
517
488
484
494
534
582
604
605
594
598
607
584
557
544
547
551
548
537
542
541
560
572
573
568
570
585
582
556
529
507
510
525
510
516
523
527
543
538
534
534
524
572
629
679
663
642
671
678
622
549
511
521
512
544
578
600
589
569
575
594
588
577
588
575
526
512
516
519
516
515
527
595
628
592
552
513
532
540
511
504
571
607
645
649
650
584
524
474
489
496
488
491
500
491
484
503
487
466
473
462
470
456
474
461
447
501
599
656
645
619
628
625
639
642
592
523
483
473
529
568
583
578
575
576
564
529
511
516
534
528
511
541
574
599
603
597
597
580
589
579
578
561
571
559
567
557
570
559
549
538
534
525
531
526
525
525
562
633
676
673
660
665
673
666
644
603
590
578
565
572
564
579
575
562
542
515
532
537
525
524
530
536
526
526
531
520
518
527
536
532
523
527
524
516
529
540
544
515
534
546
521
496
555
568
403
133
