581
544
507
522
576
607
618
629
614
609
615
602
542
528
535
557
536
529
535
544
569
573
573
562
577
580
581
605
554
510
485
498
488
492
479
489
485
445
409
425
439
423
417
426
416
419
433
480
492
484
484
489
487
463
482
501
479
478
499
529
549
557
549
545
559
547
531
518
499
508
505
509
502
500
539
589
642
637
612
620
639
588
498
444
458
457
447
442
465
450
445
481
545
585
582
578
572
570
573
560
584
582
573
565
576
574
563
574
583
571
567
590
617
629
632
623
628
629
619
628
621
628
623
618
642
627
632
621
628
622
632
625
618
578
568
577
573
576
576
569
567
561
580
585
585
586
592
578
584
586
567
561
562
576
562
563
559
574
548
525
513
514
515
514
517
510
499
540
591
630
624
612
615
605
617
578
541
517
520
538
530
508
533
547
497
457
425
437
429
440
430
425
436
440
439
419
445
443
424
407
468
570
636
614
587
603
613
611
628
582
514
452
461
482
463
458
480
486
470
478
489
510
473
467
522
611
644
629
639
630
641
651
626
638
634
637
631
618
639
653
616
555
521
526
537
538
532
526
536
532
536
529
546
553
520
479
463
477
470
473
464
476
462
425
426
432
438
430
422
429
433
429
438
433
454
478
483
484
468
457
457
457
449
460
440
459
459
449
431
428
435
435
424
462
566
625
616
593
613
631
582
504
481
492
468
420
390
395
405
404
393
397
416
434
453
450
437
438
458
455
445
429
479
581
668
641
610
640
649
613
541
510
525
518
509
517
515
512
504
488
488
488
481
487
494
501
531
544
528
537
537
551
535
548
550
522
520
522
533
531
535
537
529
526
525
521
528
528
539
531
525
520
530
528
526
529
528
521
533
542
531
527
532
527
511
518
538
536
517
515
540
524
489
544
583
407
128
