499
532
569
607
654
628
552
483
426
414
426
429
418
423
427
427
451
509
544
533
526
526
521
509
516
527
525
524
519
521
528
533
556
550
543
563
541
556
564
625
662
631
633
636
651
637
620
651
628
600
593
612
593
577
598
603
562
497
469
457
472
476
466
471
487
459
417
391
403
426
408
389
443
532
584
561
555
569
566
555
556
583
562
541
543
548
554
542
550
568
564
567
555
563
587
572
563
541
548
540
547
538
546
541
554
551
568
575
550
516
504
495
492
519
573
598
607
594
609
609
589
600
593
599
582
550
542
550
546
559
569
568
562
571
562
577
561
525
517
498
509
521
508
509
511
532
534
538
540
530
531
563
641
670
667
660
653
655
663
665
631
551
513
516
509
529
533
526
519
546
570
611
594
579
600
582
578
575
583
581
583
584
593
590
588
582
587
581
593
569
529
495
511
508
513
524
590
635
617
604
621
627
606
559
530
510
522
574
617
639
662
663
610
524
470
494
496
496
492
498
494
487
484
499
484
482
462
477
470
476
466
456
499
598
651
659
583
521
493
483
488
490
477
485
509
566
576
584
567
566
582
575
561
549
504
518
531
577
601
589
599
594
605
587
584
571
562
557
571
554
536
539
530
535
533
520
525
520
555
635
672
657
648
667
673
655
599
573
583
572
576
577
587
582
586
578
540
528
523
526
539
529
522
526
521
526
525
522
530
527
534
525
527
516
523
529
524
517
522
531
524
525
527
545
514
511
531
533
513
520
545
519
493
539
577
409
130
