588
553
503
527
550
532
542
608
623
610
609
621
623
593
610
626
602
544
535
540
534
528
543
537
536
536
570
578
573
572
583
579
559
509
473
461
430
427
418
432
421
430
430
430
431
437
465
493
485
490
490
501
483
470
495
543
554
547
547
544
535
542
549
556
527
518
504
497
504
496
514
490
492
536
597
618
618
620
614
605
632
644
575
496
440
438
466
450
453
447
449
478
546
596
576
568
577
585
575
572
582
591
613
621
630
620
615
612
638
618
584
560
575
575
580
584
588
591
587
563
569
561
556
562
561
564
561
552
546
537
506
507
516
500
503
544
607
613
604
609
608
614
612
601
591
542
508
526
546
519
499
536
547
489
451
423
417
429
427
429
434
425
432
444
423
422
470
564
618
617
589
586
619
615
569
502
462
470
481
484
478
479
485
480
470
473
488
484
469
498
504
465
475
505
585
641
632
629
632
634
630
616
628
626
629
621
631
627
633
625
636
629
639
638
632
627
633
634
646
597
556
515
521
535
532
529
541
524
486
466
464
469
469
474
478
480
472
466
475
463
431
428
430
425
418
433
428
427
427
431
445
448
435
441
436
436
435
455
441
441
468
475
479
472
467
468
445
444
459
453
438
443
468
458
437
441
441
413
412
473
569
626
617
606
606
612
617
622
587
522
472
479
498
485
475
480
489
478
504
471
425
377
384
407
392
394
394
395
382
416
430
450
454
437
439
492
577
652
656
592
541
497
508
520
512
516
516
512
500
524
507
494
498
474
489
488
490
486
484
492
493
491
493
508
511
547
532
529
534
532
526
545
533
527
513
524
531
514
523
534
530
520
516
539
521
532
544
519
518
534
524
525
512
535
532
527
517
529
529
519
527
531
526
523
533
538
518
514
548
516
494
546
561
404
138
