535
504
449
475
506
473
461
479
484
507
572
641
633
550
466
428
415
436
429
424
421
421
460
501
532
532
513
500
527
533
527
525
530
534
510
528
545
560
551
551
551
539
548
575
619
646
640
638
624
609
581
589
598
602
586
585
592
593
569
495
461
476
481
483
469
462
465
473
475
487
467
418
409
413
403
416
394
395
437
522
579
565
557
562
569
569
555
543
542
541
535
534
558
567
561
556
561
553
554
570
586
583
582
583
586
588
576
576
550
542
549
544
552
545
533
554
566
572
571
558
564
573
570
571
573
559
563
584
548
515
493
496
507
509
507
489
497
529
582
605
613
569
553
548
539
527
552
547
546
532
543
559
571
565
580
552
579
575
563
527
518
510
528
514
499
511
529
527
531
543
545
527
538
547
537
535
545
536
533
542
544
538
534
562
628
661
656
651
672
638
555
516
508
522
507
516
511
521
531
536
529
518
539
566
600
602
582
591
594
592
592
591
597
577
571
595
591
568
532
512
507
514
514
526
509
504
553
601
626
612
620
612
635
613
606
618
601
550
525
518
537
565
602
643
653
636
639
657
660
596
515
484
482
499
496
475
478
466
462
477
473
462
451
496
590
649
639
587
523
481
476
496
506
491
482
527
554
592
586
565
579
569
558
577
580
562
529
521
531
518
508
534
577
600
591
583
586
577
577
568
549
567
563
556
556
568
569
555
535
532
539
528
539
543
524
510
553
631
680
664
651
662
676
673
666
646
599
564
583
582
564
537
534
533
512
526
532
526
516
532
537
531
519
532
534
519
513
524
532
530
530
522
520
527
524
533
534
531
526
517
521
532
530
531
526
521
515
532
532
526
530
528
528
515
523
518
530
531
515
536
532
511
520
546
521
501
550
574
417
136
