580
569
507
518
567
588
599
636
604
605
623
630
589
539
526
541
535
535
537
547
529
534
542
531
528
528
535
532
531
538
569
592
596
564
523
473
476
493
498
482
486
476
434
416
420
427
418
415
440
481
475
479
497
531
545
554
540
546
551
547
534
509
500
513
505
481
532
592
628
617
635
648
585
488
433
449
472
458
442
435
491
538
576
584
571
568
580
580
576
591
574
569
592
615
634
627
626
630
642
605
571
569
582
576
577
558
574
575
582
591
589
586
559
559
558
560
532
522
515
519
539
589
620
622
598
614
608
605
611
614
630
596
537
518
510
526
524
522
528
533
522
512
519
528
518
523
526
518
523
533
541
511
447
417
426
446
430
421
424
438
419
429
423
441
429
433
448
423
412
477
562
613
608
589
597
603
602
598
591
611
627
582
497
462
470
481
480
476
487
481
466
484
476
483
472
481
486
482
485
482
496
490
473
495
491
487
477
502
502
489
472
515
592
648
625
613
634
631
641
626
620
635
630
637
617
622
626
629
640
627
623
636
634
600
552
520
527
534
538
537
507
481
458
469
486
473
457
440
429
431
430
426
425
431
426
430
434
434
444
448
442
444
453
444
438
454
476
477
480
467
466
471
476
474
467
475
478
470
458
450
453
451
446
456
463
446
427
424
434
429
416
471
566
621
616
625
610
611
616
617
565
503
474
478
488
483
491
494
475
414
389
396
408
395
388
412
406
393
383
418
438
443
437
440
439
439
435
481
580
639
630
616
630
643
628
625
633
653
623
532
503
511
513
519
505
504
493
485
479
495
485
490
512
530
526
523
539
542
540
537
530
525
533
539
532
528
520
535
530
537
531
531
520
519
529
534
524
530
542
512
531
538
534
518
531
544
516
503
555
574
418
126
