691
658
596
631
643
617
600
647
628
616
631
637
623
590
576
597
578
585
596
575
517
501
500
501
497
508
512
489
465
454
455
460
459
461
455
453
455
441
439
449
441
442
454
445
445
443
425
446
427
431
421
407
420
429
428
418
431
428
440
439
461
465
480
465
471
472
468
470
467
485
468
460
457
451
463
452
450
454
449
444
451
460
472
484
470
462
476
479
478
460
509
563
602
601
591
606
608
611
600
602
595
593
591
590
597
596
598
592
587
586
600
586
583
589
600
573
572
593
593
586
583
585
581
575
577
584
582
577
583
586
591
581
584
587
587
587
595
563
506
468
477
484
478
481
491
479
476
524
600
634
620
611
621
629
622
617
622
615
592
593
598
588
579
599
603
582
536
508
505
516
508
510
521
534
495
476
445
452
449
446
466
449
450
475
495
482
471
512
591
626
615
603
618
619
597
577
586
594
572
574
591
591
576
582
594
565
518
481
496
497
462
437
414
414
421
427
414
424
429
442
467
450
454
462
459
458
449
483
528
534
532
538
544
548
535
523
562
589
603
615
597
593
587
596
571
509
471
486
498
496
483
494
485
466
519
582
610
602
596
594
612
607
566
498
452
467
486
468
448
464
445
384
377
468
587
650
652
636
631
629
658
641
619
583
555
543
552
553
543
540
560
564
534
509
503
509
507
515
507
516
511
502
512
525
535
533
531
517
524
558
623
651
652
643
640
654
660
626
600
569
575
585
599
592
586
590
587
594
572
575
582
589
574
583
583
583
547
509
471
475
482
490
481
487
477
469
497
516
535
532
523
520
529
523
507
530
535
517
526
530
517
523
528
533
532
523
532
537
537
528
530
533
529
518
526
530
520
533
529
527
519
534
526
510
528
532
518
494
554
566
418
123
