524
495
464
488
486
465
497
579
635
631
612
608
617
618
565
476
408
408
443
436
405
425
450
434
418
429
464
499
532
527
521
519
523
527
521
529
549
563
546
551
554
559
558
551
560
554
552
560
560
547
550
549
551
539
547
550
540
542
579
626
640
637
632
635
639
635
635
625
600
585
590
594
600
591
575
590
610
560
490
456
483
473
419
404
416
404
388
442
526
592
580
557
573
578
555
555
572
557
534
551
545
533
525
543
546
544
546
560
576
555
560
566
561
556
553
564
571
565
566
574
585
576
581
583
579
557
546
544
549
539
545
546
566
558
569
568
553
524
493
485
515
504
493
535
581
600
609
596
605
588
557
540
535
537
548
555
571
563
570
571
569
573
573
558
533
506
504
519
522
520
511
519
528
535
539
539
541
545
522
559
634
654
657
652
662
637
555
503
527
536
520
530
576
596
596
582
592
602
593
577
594
590
586
571
537
513
508
527
521
519
518
520
522
522
527
508
526
586
627
630
622
631
634
630
603
549
527
512
517
547
532
510
569
620
635
642
646
627
638
652
611
538
469
473
495
476
457
465
476
453
442
504
604
654
656
643
606
526
480
488
505
496
488
491
500
498
492
498
485
476
526
564
575
573
565
580
583
570
582
572
569
534
502
516
538
565
605
593
588
603
601
583
553
564
556
560
560
562
562
547
542
527
534
546
534
530
506
555
628
674
664
652
672
684
669
660
667
686
633
586
565
565
575
537
515
521
536
542
522
536
529
531
534
516
520
525
523
534
522
516
527
530
533
518
528
520
526
520
526
529
526
526
534
521
517
524
539
518
526
530
531
516
520
541
524
493
549
573
417
133
