670
626
566
603
638
591
589
620
619
594
601
617
592
540
510
524
532
518
496
503
480
495
493
496
494
479
475
457
448
461
464
470
467
453
429
405
412
413
394
405
413
405
413
427
421
401
383
387
389
385
386
392
384
374
405
461
492
488
478
508
564
588
581
565
578
584
579
568
591
609
609
615
626
618
610
606
616
597
531
499
504
512
502
463
467
467
468
458
462
479
479
487
504
496
499
493
505
496
488
495
497
496
481
468
435
443
450
462
429
437
465
482
482
474
524
598
650
634
620
629
646
651
617
556
517
529
539
529
485
495
494
492
486
491
490
496
497
496
467
429
401
417
405
425
415
405
409
401
398
367
400
411
382
366
439
588
667
659
628
642
653
644
637
650
649
644
646
643
660
642
647
637
604
580
597
596
581
589
596
600
566
514
488
485
501
484
462
422
382
392
402
395
393
397
397
399
413
440
440
419
415
474
587
627
634
595
602
608
610
602
608
615
612
586
536
515
523
528
523
524
524
518
529
555
575
561
567
571
567
574
552
551
528
545
545
526
509
558
639
691
692
676
670
628
592
601
597
608
594
603
603
610
597
605
602
603
603
612
617
603
596
540
517
514
525
523
513
524
530
499
463
445
452
449
445
454
440
451
474
485
478
513
584
626
623
612
631
624
619
624
631
598
523
508
516
521
508
528
524
522
512
531
521
519
508
529
525
504
531
536
511
537
600
638
591
514
481
494
503
493
496
506
493
473
456
454
460
459
467
464
460
464
462
455
453
465
467
454
470
459
464
456
443
456
458
458
452
433
476
506
527
529
530
524
531
530
526
532
532
529
524
532
533
530
524
539
512
517
512
533
520
520
536
535
521
528
533
525
521
532
524
528
524
527
541
530
517
528
520
529
525
531
530
523
527
540
541
531
543
534
514
526
555
522
491
545
569
416
144
