566
544
495
521
535
524
517
512
483
439
453
476
453
442
447
462
448
456
468
459
451
465
467
441
423
441
429
433
440
446
416
381
353
367
366
355
363
360
357
380
401
402
402
421
407
391
472
617
711
697
666
667
699
680
635
599
564
561
581
575
572
598
645
620
609
619
635
581
503
479
483
482
493
494
475
400
357
375
377
368
362
377
386
355
365
379
363
365
406
507
553
548
550
547
559
542
545
546
517
511
527
523
517
531
547
544
522
548
599
627
630
620
616
614
610
620
614
587
559
575
581
566
567
570
570
561
563
553
566
570
564
579
565
569
564
562
560
569
566
557
575
555
569
571
573
570
548
578
623
639
623
628
638
607
555
522
536
530
529
525
542
527
519
521
567
575
578
559
579
610
627
633
629
626
638
639
637
625
590
560
573
577
570
560
574
577
571
562
583
615
642
637
626
617
640
635
627
567
545
536
552
560
545
548
546
542
541
543
549
557
545
555
547
544
542
552
546
552
554
539
529
505
514
517
512
509
523
523
501
500
496
483
482
489
498
474
455
445
446
444
443
418
408
419
431
420
400
475
568
629
604
612
626
595
522
496
523
527
510
502
513
494
446
401
413
432
412
420
423
429
417
428
435
433
417
430
435
433
431
431
445
440
444
446
425
374
354
365
377
353
360
374
355
334
411
522
583
574
558
591
625
626
621
627
639
633
616
604
596
594
594
598
594
602
597
592
604
594
603
594
602
599
592
598
597
572
529
514
514
518
515
514
518
524
531
531
515
527
534
531
528
532
530
528
528
533
532
534
527
532
522
524
526
520
519
532
530
517
516
533
533
525
519
528
523
513
526
545
512
507
530
539
510
529
538
513
495
554
567
414
127
