614
592
542
561
587
568
549
566
571
556
564
575
567
568
597
609
599
597
598
601
600
600
617
580
564
580
588
586
572
565
597
592
561
511
493
496
491
462
446
455
457
446
448
467
477
476
464
467
467
463
462
464
458
467
449
428
404
416
421
418
405
410
413
391
352
344
358
362
347
347
347
378
434
462
464
438
447
462
447
432
487
572
637
624
611
626
621
621
615
611
619
625
613
618
613
629
617
599
594
595
601
594
593
595
573
512
501
504
512
504
497
518
511
473
436
449
452
445
460
457
454
452
453
473
462
449
469
455
448
436
417
425
433
437
421
441
426
428
429
426
419
433
428
420
426
438
418
403
415
409
389
383
446
557
629
622
594
598
622
603
581
526
498
491
533
550
540
537
549
540
540
537
546
538
550
539
540
535
537
582
599
603
588
586
601
587
587
598
607
572
521
481
467
532
586
614
614
605
595
595
590
587
595
599
603
594
587
600
607
605
595
615
612
572
516
476
485
490
488
488
498
507
484
484
491
489
482
496
503
482
453
438
458
447
441
449
445
442
451
492
492
477
479
497
493
480
465
456
437
447
459
451
445
430
396
397
406
419
404
415
402
399
403
407
408
404
406
418
416
399
393
415
459
469
483
472
469
453
489
565
587
593
571
588
599
586
564
587
625
624
623
639
641
598
548
518
537
523
476
451
460
470
453
455
461
468
464
445
441
417
403
409
423
399
389
461
561
618
625
612
592
530
488
507
517
520
510
547
566
577
559
571
570
563
563
570
542
521
528
538
519
523
527
529
525
527
530
538
527
542
542
521
544
545
524
523
527
528
521
531
528
533
518
529
530
532
530
535
534
512
521
541
521
484
544
578
414
130
