537
499
467
484
501
479
499
589
631
619
562
520
465
461
484
485
460
463
481
473
428
397
417
415
420
415
417
414
410
419
411
404
454
549
608
598
575
591
606
577
525
510
523
503
506
511
541
487
444
409
436
439
430
423
432
423
429
434
415
359
339
356
366
352
349
358
341
348
372
444
488
465
463
479
473
461
505
556
601
607
551
498
472
478
484
476
471
472
475
475
479
484
469
473
512
569
585
583
576
565
569
549
544
541
559
558
557
552
563
588
614
632
609
608
617
627
566
491
439
440
456
455
445
434
445
445
446
442
442
429
438
424
435
443
418
421
471
568
627
629
610
606
615
627
579
526
491
491
504
496
495
495
502
504
472
499
491
471
469
506
478
478
502
565
583
579
561
568
576
579
586
572
577
578
570
564
514
495
493
517
510
501
502
512
515
480
456
435
444
438
440
435
434
420
380
347
363
384
376
369
380
390
375
366
433
547
594
585
577
582
590
588
570
581
591
574
569
588
590
595
567
582
585
587
567
536
516
510
508
509
522
509
508
542
587
619
612
588
607
615
606
615
621
610
586
584
593
571
508
478
482
486
482
484
484
484
478
488
505
493
494
503
484
486
508
565
584
580
564
591
589
582
584
599
613
622
627
631
583
523
471
464
488
499
467
473
495
582
610
616
583
598
610
603
598
588
601
608
608
604
609
608
599
602
608
604
601
613
604
588
599
598
592
587
595
584
589
598
586
595
586
598
558
551
540
536
538
541
539
535
546
557
559
562
557
543
561
556
568
553
559
559
534
494
468
483
484
474
469
473
473
470
481
474
465
474
488
484
482
481
466
473
459
482
475
476
481
470
464
465
487
517
523
539
526
526
518
528
525
520
533
521
533
523
522
517
533
527
523
536
533
531
530
520
523
526
524
523
530
525
539
529
530
532
516
524
528
542
521
520
541
537
512
523
547
518
504
548
577
417
125
