656
621
581
604
633
598
606
621
598
541
534
520
514
474
490
499
493
487
483
496
492
496
495
492
468
457
462
469
471
463
461
462
459
466
473
454
449
436
417
401
424
408
406
406
420
411
405
416
402
366
374
408
456
486
486
498
488
467
501
541
574
577
567
563
575
580
605
607
611
616
614
614
621
584
538
494
506
512
511
492
505
504
509
468
460
478
464
464
481
474
468
462
489
504
511
494
489
495
500
501
486
495
505
494
490
503
495
487
467
444
453
456
458
448
449
456
444
438
465
486
478
494
501
476
465
519
606
657
641
624
643
654
621
554
525
532
542
541
521
525
549
516
500
492
494
491
482
500
502
472
421
400
402
418
417
409
397
387
394
383
378
397
406
378
373
444
580
672
657
623
650
680
648
629
610
587
573
589
593
582
595
611
560
502
474
492
500
489
488
504
502
488
478
500
495
467
427
391
385
385
401
390
382
386
392
388
392
395
394
407
397
402
409
392
399
397
389
393
390
382
395
430
443
424
435
429
417
417
468
575
635
623
592
623
619
607
608
607
626
590
543
521
524
526
529
546
569
575
565
568
565
585
564
551
524
531
533
523
541
539
524
521
571
657
701
683
683
688
680
681
679
702
660
619
596
603
602
603
602
605
604
602
615
593
539
509
524
535
537
512
528
522
503
469
443
446
457
449
434
443
450
457
477
495
481
485
486
494
461
476
522
593
638
630
608
604
633
638
596
522
527
582
637
629
615
628
590
519
489
501
524
503
493
513
507
490
472
464
468
456
469
465
460
465
468
453
463
454
461
472
463
473
453
461
458
472
472
454
444
447
459
456
459
449
454
448
452
448
450
448
451
464
453
451
451
451
479
515
545
532
525
529
521
511
524
527
531
519
537
543
513
522
519
540
526
533
531
534
525
531
539
522
509
535
531
518
520
550
525
504
551
568
401
133
