523
513
460
469
525
589
625
632
622
624
612
615
620
626
622
617
628
623
575
469
405
424
440
425
413
420
461
505
533
541
532
525
525
534
543
551
558
555
540
546
574
627
633
639
629
645
645
604
583
598
600
583
581
600
594
561
509
463
471
480
480
473
473
473
455
428
414
406
406
413
407
415
396
397
439
535
576
566
555
564
565
566
558
564
571
562
553
547
534
535
527
545
530
539
538
534
549
563
563
564
555
569
577
554
562
575
579
583
581
588
572
577
590
575
552
530
546
548
533
541
556
544
547
541
553
540
545
544
544
552
544
551
536
549
577
574
571
571
559
561
575
566
543
521
496
492
509
494
496
502
500
523
579
611
603
589
591
589
614
585
565
537
527
549
551
554
531
542
562
558
578
565
568
558
528
520
506
519
519
506
521
526
523
518
565
630
656
660
666
629
559
509
510
521
530
518
521
532
533
511
520
546
575
601
609
588
592
598
588
596
583
587
594
591
589
602
585
582
593
596
586
579
587
586
584
587
593
567
527
505
529
528
510
489
535
609
636
627
624
616
624
631
618
597
564
528
521
542
530
515
528
564
601
648
650
649
629
638
649
610
516
477
492
499
483
487
490
480
477
492
483
460
453
498
598
645
627
636
632
633
636
642
610
516
469
485
501
491
487
500
518
486
493
496
496
490
505
503
484
486
507
566
588
584
570
566
587
583
568
535
514
517
520
514
513
519
530
515
534
572
602
597
584
600
588
592
581
572
573
564
563
554
555
563
570
560
530
521
531
534
517
520
571
631
674
665
658
668
642
591
578
573
581
591
576
571
559
527
525
534
532
523
524
547
528
522
537
531
523
521
520
533
521
530
533
519
528
530
532
521
531
537
512
520
518
514
519
526
535
535
516
519
549
524
492
555
574
410
128
