563
527
489
511
529
517
495
499
527
564
601
592
602
594
554
462
416
415
448
449
432
437
440
444
448
437
433
485
576
621
613
594
615
615
600
611
600
556
516
528
550
543
533
534
543
539
529
534
554
581
593
582
585
585
605
596
578
606
588
572
560
579
568
566
575
577
573
563
600
638
644
650
650
629
576
538
543
550
545
549
557
545
546
559
544
544
552
567
537
521
505
503
508
510
493
456
429
438
452
453
453
458
458
455
450
467
474
464
452
505
600
679
671
586
485
427
434
433
438
443
426
416
472
525
561
584
603
612
611
607
625
586
530
545
636
677
682
644
659
674
653
651
669
660
649
654
676
637
606
563
587
602
595
590
584
585
580
584
581
584
583
589
559
559
562
552
560
544
559
557
562
559
567
560
554
548
570
604
621
618
622
615
616
624
632
601
563
535
533
535
518
492
486
494
489
480
482
478
489
475
471
466
465
458
455
465
459
459
462
464
472
469
474
475
495
475
478
477
476
500
562
582
580
590
590
585
580
582
626
643
632
629
630
626
628
630
632
633
645
640
624
632
628
644
616
565
540
537
550
547
528
520
504
504
508
499
500
506
512
516
482
493
495
475
483
489
482
467
447
458
460
460
456
468
464
462
460
451
447
430
441
436
438
449
438
446
445
409
402
401
405
415
393
390
391
391
382
424
487
519
513
521
531
511
502
536
598
636
638
617
619
637
630
594
542
523
537
550
528
536
541
533
494
473
493
519
541
520
519
530
524
522
520
522
525
531
537
535
538
508
537
530
525
516
541
533
515
524
528
528
510
516
544
524
491
544
585
412
136
