562
544
477
501
531
512
503
544
610
626
605
617
627
621
600
618
619
596
519
492
521
597
652
627
600
625
624
627
590
536
494
495
535
594
617
581
499
476
475
500
485
474
476
497
495
469
470
452
437
450
458
429
427
488
586
638
617
595
629
631
605
616
628
574
490
436
460
483
454
439
498
568
616
608
582
588
608
604
589
596
595
587
591
601
585
554
525
524
539
524
518
520
529
529
532
533
515
534
552
570
564
562
566
557
563
576
613
626
616
611
610
615
586
555
531
531
546
543
531
533
556
570
584
594
587
568
589
585
566
531
503
503
510
508
510
515
503
500
541
591
626
631
624
623
613
601
605
597
589
599
616
581
513
475
486
498
501
527
536
516
523
535
573
588
582
578
586
575
568
583
587
548
487
433
429
491
577
618
601
606
616
628
613
612
616
636
612
618
630
614
563
548
551
554
538
531
542
550
552
557
537
515
518
529
522
519
518
518
518
517
498
497
493
499
497
490
502
489
485
459
432
448
465
502
522
521
500
549
612
629
619
597
624
627
580
512
473
482
498
479
464
463
498
485
476
480
496
471
462
516
591
634
634
636
648
601
525
482
492
504
504
492
507
523
515
510
529
520
513
525
535
529
542
561
579
584
573
586
577
589
576
567
586
568
548
480
430
444
464
451
428
483
565
625
622
598
602
620
593
534
525
523
528
530
529
535
529
521
522
536
525
538
534
530
537
517
535
533
529
528
521
516
537
528
530
525
535
522
515
521
549
518
504
557
568
418
131
