501
471
433
444
478
452
439
437
428
410
417
416
406
420
464
499
487
475
480
477
479
478
501
519
554
564
518
454
405
420
430
430
436
419
414
457
543
594
577
555
572
592
559
558
596
629
631
654
629
633
592
590
582
586
587
599
562
499
466
497
465
410
368
387
413
381
370
412
453
479
482
493
475
460
512
569
591
587
580
592
596
586
561
555
563
549
555
554
563
564
563
553
563
607
625
603
623
628
596
523
478
497
495
466
457
457
463
463
455
462
452
452
452
440
440
446
455
434
435
445
439
441
447
435
445
446
444
451
449
441
453
446
442
444
453
425
384
382
384
383
388
396
455
485
510
512
505
501
512
498
501
530
565
583
583
572
576
589
572
579
583
588
577
577
578
581
582
553
495
464
457
475
460
466
461
460
459
469
464
486
468
470
473
469
455
458
498
569
609
606
601
607
577
507
445
443
526
611
669
662
654
671
673
672
659
670
669
631
605
575
585
596
592
583
582
591
588
579
536
519
513
523
519
522
510
508
514
530
507
472
451
458
462
453
461
469
460
461
459
472
456
452
462
463
472
464
475
479
478
481
478
477
488
484
477
479
476
481
471
474
489
484
466
428
408
399
414
415
409
391
403
401
380
379
454
595
674
674
646
639
674
651
620
603
594
595
592
592
593
597
576
531
503
506
519
513
514
511
516
515
519
504
457
451
449
476
453
454
458
464
466
480
484
488
469
486
497
491
464
493
531
524
532
527
526
522
532
519
533
526
536
521
523
520
537
531
521
535
537
528
523
538
533
511
519
547
523
492
549
575
414
124
