649
634
569
606
630
578
522
527
532
519
519
515
523
535
572
595
580
577
585
590
567
573
578
576
552
546
543
546
540
539
552
556
586
634
637
606
612
623
637
583
539
516
492
508
546
594
605
610
610
609
622
634
628
583
500
462
468
476
446
430
418
444
430
434
418
430
443
421
402
466
570
646
638
619
616
634
624
623
625
632
611
621
626
617
615
627
630
625
626
633
618
611
617
635
594
519
466
482
488
481
475
485
490
450
434
417
417
426
440
437
418
407
476
561
624
619
599
618
632
624
619
615
623
620
606
595
597
590
583
596
602
571
546
514
512
530
524
532
517
531
525
509
514
548
623
658
643
637
658
657
624
576
552
552
543
547
535
556
547
538
510
505
516
512
515
520
513
501
497
483
488
481
483
482
492
484
491
483
477
487
494
493
484
469
455
461
462
469
463
453
455
456
454
465
462
462
450
468
470
465
469
464
470
457
476
478
476
465
481
501
524
507
496
509
514
508
525
570
601
594
583
584
603
599
605
607
600
604
596
611
583
541
523
521
520
530
516
523
526
501
466
460
460
468
448
455
457
451
429
421
432
423
415
417
446
435
416
452
445
427
420
488
567
623
621
599
608
614
621
623
580
485
429
429
460
456
435
421
484
549
584
587
584
583
592
596
626
641
647
646
636
634
637
631
652
628
640
642
619
596
573
577
574
590
577
577
589
583
584
586
589
577
580
563
567
575
577
580
571
577
595
551
493
433
448
471
453
454
456
464
442
392
389
381
382
375
382
378
379
382
381
371
366
386
374
369
378
391
391
368
383
397
375
364
429
556
627
626
583
614
626
598
593
619
603
600
596
610
628
587
557
534
518
523
525
524
525
545
518
501
480
496
497
488
493
493
481
501
527
542
527
528
529
516
522
520
532
515
528
537
533
537
536
542
527
528
537
527
521
523
534
528
522
521
523
520
531
532
536
532
524
532
546
511
518
534
522
491
550
574
407
141
