573
551
494
515
542
515
493
481
454
448
468
473
459
438
471
469
460
459
469
465
451
475
457
442
416
430
432
438
449
417
367
351
367
363
334
358
397
408
399
410
429
375
384
475
618
695
695
689
681
681
675
681
645
590
560
563
581
587
551
569
577
579
576
581
567
562
569
590
562
573
574
566
576
566
566
575
569
585
579
573
558
557
593
610
616
626
623
615
617
640
622
580
508
491
486
495
499
477
469
408
370
365
379
388
367
384
394
366
349
410
508
563
545
525
545
544
538
552
546
552
537
550
549
544
545
538
545
552
543
547
524
506
531
521
514
524
527
548
542
542
545
548
536
542
565
593
621
631
615
618
613
612
614
608
574
562
559
560
563
562
563
571
569
574
570
583
586
572
565
571
561
553
557
563
572
571
580
561
562
566
567
563
553
581
620
638
634
627
619
626
635
632
603
550
530
517
534
523
498
490
494
488
504
491
495
519
558
583
577
555
577
588
625
623
630
630
624
630
624
628
640
630
633
647
626
592
571
564
568
583
566
569
559
566
568
561
567
573
566
555
588
615
637
642
633
636
655
616
568
549
563
551
541
538
553
545
519
510
519
512
509
506
517
508
519
520
505
490
488
491
493
476
480
483
477
455
452
454
447
446
440
436
452
452
464
420
395
462
572
643
619
606
625
633
582
513
503
520
516
505
509
521
527
496
437
418
412
438
432
419
428
433
427
429
433
447
432
431
442
437
368
333
406
532
591
578
550
557
579
571
572
585
616
632
630
630
644
635
637
634
624
629
627
627
636
631
634
619
631
625
600
590
599
603
591
603
605
583
532
505
511
525
512
517
524
524
518
517
536
529
523
529
539
539
533
534
531
527
521
534
530
527
531
540
526
529
531
534
527
519
536
538
524
518
529
532
516
533
537
520
516
547
536
517
522
554
529
502
552
590
422
138
