680
648
598
612
659
630
599
588
591
577
572
536
489
497
507
521
505
504
472
456
453
444
455
432
447
444
444
427
447
440
415
419
429
426
430
417
436
444
443
451
436
434
452
445
439
448
446
448
469
482
464
474
482
475
454
454
457
455
452
452
466
459
448
505
576
609
608
595
596
598
595
598
595
596
593
588
595
605
592
580
574
579
583
591
579
581
595
563
498
471
467
491
472
477
479
488
486
477
480
481
477
483
475
475
468
478
470
482
480
480
479
478
493
476
471
473
474
479
481
489
484
485
501
478
481
511
578
632
609
602
614
629
613
619
622
620
600
594
592
600
598
602
596
575
533
514
520
513
510
503
523
517
469
442
462
455
443
452
464
458
470
482
500
476
468
508
604
639
618
613
604
616
606
621
614
591
570
581
595
571
580
598
573
509
482
504
496
479
494
515
479
423
407
431
421
419
437
452
465
458
449
457
446
450
457
461
511
548
541
532
535
546
540
527
553
592
589
602
606
594
585
595
610
562
498
472
479
479
485
489
472
476
526
569
606
616
608
596
591
612
608
558
491
470
480
476
464
457
450
448
473
475
449
418
399
385
384
462
587
658
652
624
636
653
645
641
619
577
536
557
566
550
542
556
567
542
519
511
515
514
501
509
526
524
551
550
522
546
625
671
677
622
601
577
584
580
575
582
580
591
589
577
588
585
591
580
590
586
585
587
589
588
588
578
585
584
587
574
572
590
588
565
506
469
477
492
490
480
470
495
517
518
535
531
519
530
532
533
541
520
520
521
529
532
526
517
525
527
530
529
531
530
530
521
532
526
518
523
545
523
519
533
540
528
516
542
531
505
524
542
527
505
550
582
422
108
