569
548
490
523
553
528
511
527
545
505
476
464
459
449
466
460
450
448
468
464
456
455
464
460
462
462
468
465
454
481
456
461
457
466
460
454
443
429
416
431
446
437
414
378
356
349
362
356
354
348
362
367
394
411
406
391
403
409
384
374
470
619
699
680
661
674
687
669
678
670
673
673
683
673
668
675
672
655
581
567
581
587
561
581
602
618
611
633
622
603
614
632
585
516
477
492
493
481
483
498
462
393
376
366
381
367
368
371
382
363
370
376
363
367
378
384
384
364
380
381
382
359
364
429
512
559
551
539
543
547
539
543
533
545
525
522
519
519
514
515
534
526
542
547
554
544
546
549
535
533
555
614
632
619
613
625
615
601
586
578
564
578
570
567
566
572
555
559
569
560
575
570
561
568
561
546
559
573
560
556
580
615
626
627
642
632
629
628
640
602
555
530
527
532
530
530
531
534
541
536
519
508
478
488
497
505
492
503
519
559
577
575
570
565
566
561
581
620
627
630
635
629
631
623
617
640
618
580
564
570
571
574
563
573
592
617
636
635
637
631
651
652
609
576
547
539
554
548
542
517
516
518
515
512
508
520
518
506
492
480
496
487
492
476
481
483
466
448
444
449
445
457
446
449
433
444
444
415
415
433
441
419
414
476
577
634
625
608
612
616
616
607
604
624
628
588
543
512
511
507
456
413
422
438
418
430
428
433
420
420
437
431
417
429
438
430
419
432
426
427
431
442
453
419
423
455
429
426
441
453
423
378
357
362
352
364
376
359
351
403
536
599
582
555
561
572
580
617
642
634
605
640
642
618
585
541
508
507
520
525
513
518
512
519
514
520
545
539
523
524
514
535
532
522
522
513
539
524
526
528
526
527
527
531
524
516
546
534
531
523
525
532
524
519
536
530
528
532
525
528
522
533
536
526
525
530
522
524
513
541
526
521
528
530
526
537
551
518
496
553
576
403
118
