554
529
487
505
524
508
497
513
513
505
496
520
510
499
501
521
507
510
516
515
504
504
521
511
499
521
505
511
503
512
520
505
515
513
511
500
503
501
536
570
588
595
575
589
586
592
557
478
427
426
437
445
434
428
437
442
449
447
451
457
452
442
439
494
578
618
616
602
622
604
607
607
612
607
601
607
625
580
546
540
537
539
525
544
537
533
543
576
590
594
594
597
592
583
579
581
569
572
579
570
581
581
637
659
665
644
650
667
674
619
568
549
545
555
545
511
504
514
519
489
468
427
442
450
445
445
464
458
455
469
470
470
475
462
459
444
510
617
681
658
631
659
675
601
483
420
436
443
425
420
465
544
566
551
563
603
621
625
612
616
628
623
589
541
520
519
532
541
517
513
555
640
677
661
651
670
672
642
596
579
585
591
586
581
594
573
562
545
542
564
555
555
562
565
564
564
586
611
625
625
629
630
623
617
612
610
558
534
532
536
533
539
538
550
528
484
481
491
497
491
475
465
456
464
457
461
465
454
470
458
455
466
502
559
591
583
574
582
595
578
582
582
591
609
633
630
629
636
643
642
626
561
544
537
548
543
532
556
548
513
491
498
501
492
497
501
500
496
471
483
482
471
478
479
476
468
457
469
459
464
466
466
465
437
439
450
437
445
448
446
452
445
417
409
407
413
412
402
404
411
413
407
403
399
399
407
402
398
386
401
388
379
406
483
520
507
502
531
601
630
615
617
618
629
624
589
559
527
525
544
525
519
490
488
482
476
486
481
465
467
494
519
522
532
529
529
524
529
529
538
525
529
541
538
512
526
533
528
521
515
535
524
521
535
514
518
526
536
540
532
537
531
529
518
524
538
528
527
542
511
497
566
575
415
128
