525
515
455
466
494
486
466
473
495
484
478
496
476
477
477
483
477
466
483
492
479
472
509
573
618
598
586
608
608
573
506
463
461
485
482
463
460
432
420
401
419
435
413
392
449
554
603
609
572
529
503
514
517
530
504
452
424
424
429
443
403
382
358
350
345
345
350
351
344
377
436
489
486
464
475
490
467
468
491
557
603
594
594
585
594
598
558
503
466
474
487
478
465
479
480
479
480
474
491
478
477
484
476
476
505
569
602
585
586
593
598
584
580
555
543
555
556
556
537
539
575
600
602
614
619
610
606
612
630
576
468
420
432
439
434
435
429
432
441
442
420
408
478
570
632
627
586
519
482
487
501
503
494
477
484
487
510
553
591
574
561
580
564
508
516
499
525
491
501
514
524
497
516
509
495
452
435
435
441
435
414
387
351
353
380
387
367
386
398
370
374
440
542
602
587
574
586
585
585
577
574
591
563
533
513
521
506
516
516
524
517
502
531
591
620
613
595
604
612
598
589
592
591
590
590
587
599
558
500
460
478
483
493
482
491
497
493
488
501
490
481
518
576
590
580
585
576
575
583
586
586
593
612
625
634
616
619
628
596
513
472
477
483
489
470
474
491
483
487
484
470
475
482
480
478
478
512
576
612
618
593
610
585
587
591
606
595
596
602
601
580
551
547
548
554
539
543
540
538
553
559
547
549
555
572
562
562
566
570
523
492
476
468
472
487
519
549
531
531
527
527
513
525
535
516
514
536
538
525
530
532
539
527
528
538
532
533
537
526
523
536
528
511
511
551
514
504
558
575
418
124
