553
521
492
523
519
497
512
572
581
582
594
588
576
583
589
561
473
429
435
452
440
434
437
435
431
435
453
444
460
437
421
490
579
628
595
543
532
543
540
534
532
534
539
582
616
592
591
582
575
570
562
582
575
570
577
579
591
634
658
650
636
642
646
655
637
643
657
660
655
653
649
646
659
656
651
654
651
653
653
661
623
580
536
556
558
546
533
548
556
538
515
499
504
511
503
502
496
510
488
449
441
443
449
447
434
437
446
449
432
457
450
429
446
447
445
436
451
464
462
456
458
477
451
439
508
604
668
670
646
635
662
665
605
474
415
434
456
438
417
426
441
427
435
452
450
431
434
453
433
421
465
545
585
562
545
573
599
631
631
609
619
624
614
617
617
627
593
546
519
522
534
538
506
522
558
617
667
668
651
670
673
671
652
661
663
678
651
663
665
662
655
671
669
660
664
661
641
614
571
585
588
585
577
593
582
594
560
567
562
555
567
545
553
557
565
557
557
557
561
553
574
610
624
618
622
623
602
561
532
530
538
550
519
489
481
479
479
484
465
451
462
469
462
460
476
473
474
476
476
471
484
475
475
470
495
557
591
595
570
577
608
630
634
642
642
640
627
637
611
572
538
538
545
538
544
560
540
503
503
502
516
494
494
496
475
485
468
476
472
446
460
479
461
464
461
473
460
438
440
436
443
444
414
402
413
404
402
400
421
412
406
378
393
371
370
408
486
528
510
515
524
510
516
529
593
637
627
609
619
628
603
556
533
528
535
533
529
534
525
517
502
483
478
485
477
486
484
484
488
506
535
536
520
522
527
521
527
533
534
532
522
525
539
525
531
530
527
521
531
526
542
522
531
533
534
528
538
542
531
527
536
531
537
539
527
520
519
535
525
517
519
530
532
526
535
534
531
517
526
524
527
523
530
522
516
531
538
519
529
551
522
505
545
575
405
122
