609
582
523
561
600
607
621
634
632
614
628
620
553
475
418
400
391
395
400
407
399
407
427
406
405
422
413
408
412
425
396
374
462
608
714
698
652
668
681
684
664
629
597
584
608
609
595
597
609
580
585
592
601
569
502
483
493
499
481
471
474
483
472
418
400
384
403
405
412
393
404
403
387
429
460
496
500
488
487
483
493
550
571
571
560
562
557
573
559
564
581
562
542
533
531
525
538
533
556
573
597
587
582
582
601
580
567
548
594
630
654
654
657
654
643
665
650
615
565
536
514
489
450
451
455
467
454
453
458
463
455
461
452
459
477
495
515
517
511
492
542
584
597
609
596
598
591
610
611
583
500
479
477
497
491
492
497
501
495
486
495
507
488
513
545
567
560
550
570
559
566
568
552
525
512
513
527
518
515
504
553
598
641
639
611
623
624
635
609
562
546
545
545
544
539
543
555
547
519
506
503
507
507
504
516
510
507
506
500
511
510
497
497
498
509
511
505
508
517
488
448
435
436
444
435
438
422
446
444
435
440
445
437
424
434
465
434
420
505
640
696
708
687
677
629
585
592
613
604
580
603
598
565
515
495
509
497
508
511
491
460
453
450
465
464
469
464
456
456
454
433
409
422
426
432
422
435
418
366
345
348
362
345
353
371
421
423
432
426
428
442
432
417
412
470
574
648
631
600
610
648
603
535
497
497
522
511
494
516
501
472
453
456
461
471
481
488
483
481
474
494
521
525
526
529
527
534
532
525
531
526
535
523
540
544
531
520
535
543
531
511
536
541
518
530
557
534
502
524
545
523
506
550
580
404
132
