660
628
562
595
640
616
556
499
456
439
442
466
441
405
373
467
609
681
667
645
664
675
661
669
673
651
586
551
556
559
574
560
564
562
550
551
552
538
529
555
586
615
602
591
599
594
593
586
602
597
562
490
455
459
471
471
466
468
469
462
454
459
474
467
461
465
472
465
473
474
462
463
470
462
471
463
455
431
439
441
439
434
427
413
467
561
633
620
602
599
618
618
572
508
480
480
478
477
473
474
464
417
389
405
404
393
404
407
396
392
428
491
528
512
514
512
512
507
506
514
515
503
507
503
510
509
509
510
509
504
516
506
515
510
498
502
505
505
497
503
521
510
505
505
510
514
508
511
522
504
533
596
625
605
600
611
614
592
612
632
580
535
492
505
521
495
500
511
505
468
440
447
464
445
450
452
447
425
434
426
420
431
429
435
431
403
395
389
404
392
403
413
424
449
480
477
464
463
495
538
552
555
535
544
549
543
525
537
539
526
512
538
582
595
603
599
594
604
601
590
594
592
589
581
591
604
593
594
577
569
565
564
554
562
556
563
568
559
558
553
569
572
543
520
511
512
513
511
508
516
510
538
594
646
632
615
622
624
625
616
632
634
585
506
472
467
477
486
462
455
506
561
600
610
585
593
608
602
596
594
597
608
603
593
589
584
604
605
608
591
601
598
575
555
523
542
549
552
552
556
552
548
558
554
565
595
601
621
584
592
602
603
606
561
518
456
455
513
584
591
529
489
492
502
496
492
492
513
522
506
499
516
518
513
498
547
632
663
667
663
656
647
649
656
667
638
597
582
584
590
600
593
584
559
533
533
551
551
523
494
486
470
485
487
480
503
477
482
497
509
548
527
534
521
538
530
522
530
536
532
516
518
526
531
535
533
533
523
530
535
524
529
529
530
525
516
532
531
519
522
546
527
500
556
573
412
125
