494
467
425
446
471
453
408
427
428
423
411
437
425
406
408
415
384
377
451
564
624
605
588
588
615
593
614
589
606
593
607
605
594
591
599
592
606
591
596
591
600
604
609
601
591
612
606
582
542
530
530
541
529
541
593
612
606
598
610
611
620
588
557
527
523
529
514
526
530
545
526
487
479
479
485
486
489
486
463
464
450
455
456
450
447
453
452
447
445
439
442
446
443
435
453
445
443
454
444
428
476
563
613
606
581
596
609
598
566
531
477
456
517
645
701
677
681
697
667
613
597
597
593
601
607
568
500
459
464
472
466
451
457
444
430
435
429
435
429
423
434
477
558
623
598
583
588
596
577
535
516
526
513
518
525
516
527
540
563
583
575
572
573
560
582
568
585
599
621
631
611
602
624
635
596
512
490
497
507
506
494
498
518
494
477
544
633
706
695
680
678
685
696
660
609
567
578
579
575
577
563
509
497
485
499
495
503
556
564
566
551
563
577
563
566
562
561
566
569
587
588
578
582
587
580
583
601
569
507
480
495
507
493
483
513
494
470
521
644
703
689
673
691
697
659
583
545
547
557
568
569
538
495
477
458
485
494
453
454
532
629
689
694
672
677
677
681
677
657
606
580
598
603
606
586
585
602
606
596
595
602
596
586
585
587
588
589
599
614
572
480
436
459
484
439
387
373
382
364
371
379
368
368
399
503
572
571
556
543
549
538
542
576
574
584
576
582
589
575
573
599
608
581
544
523
535
534
538
531
527
523
524
535
511
469
455
456
463
452
456
465
468
458
479
508
530
520
525
519
523
528
520
528
531
534
529
520
534
533
520
511
525
540
515
523
530
544
508
539
547
516
494
552
584
413
134
