619
586
538
558
599
549
553
597
615
584
611
613
587
496
473
486
483
486
494
494
482
457
468
472
461
461
463
465
440
481
541
574
568
563
565
575
611
635
637
606
562
518
528
538
541
542
519
479
447
443
462
450
440
453
483
513
496
494
499
503
498
491
524
591
624
623
603
611
608
619
607
607
605
614
616
596
570
559
555
572
568
559
564
558
557
570
568
561
544
555
581
611
602
585
592
597
600
589
594
606
570
515
483
484
496
489
483
467
453
404
413
421
425
429
424
440
469
488
491
484
487
503
550
577
559
561
573
575
556
493
481
478
484
477
466
472
479
476
472
472
482
474
475
467
481
467
469
492
540
560
554
536
559
583
592
598
597
579
609
593
578
512
478
480
517
555
588
577
590
591
589
580
574
579
575
571
586
591
545
466
427
438
442
451
470
492
493
481
502
554
576
568
577
577
577
562
563
571
567
553
554
550
549
547
550
575
591
588
574
585
599
570
506
468
486
492
489
477
486
486
474
461
478
482
478
464
483
535
561
563
548
558
554
547
549
557
583
586
596
597
599
586
571
596
604
578
519
476
495
516
489
482
507
575
591
589
583
578
579
592
588
566
473
420
432
455
446
429
426
451
465
484
498
484
474
490
497
554
577
580
563
574
600
593
540
489
452
443
467
464
448
449
468
470
456
460
468
463
464
473
467
465
473
479
466
460
501
565
589
573
570
586
596
569
547
526
507
521
525
528
528
530
525
530
533
532
525
537
526
534
519
520
527
530
507
528
533
529
518
525
537
527
522
555
544
526
523
525
527
518
535
535
516
534
552
534
497
546
583
419
130
