585
556
512
520
543
540
589
625
620
593
607
624
615
606
613
606
541
521
535
552
532
530
535
544
573
555
519
483
492
500
496
491
483
483
433
415
421
430
409
420
422
417
414
428
468
496
489
480
482
489
486
479
486
502
524
557
551
531
538
552
540
509
499
530
595
624
611
607
617
633
642
625
569
477
444
450
476
457
444
450
463
455
454
480
548
585
601
597
630
627
614
578
576
572
578
569
576
567
573
573
562
584
585
591
583
572
594
584
580
571
558
566
564
555
561
566
543
528
525
504
504
553
590
617
610
605
600
610
599
602
595
613
610
596
539
524
521
534
523
512
529
535
502
441
425
425
427
427
437
443
431
424
433
422
439
437
446
425
460
565
631
625
592
611
623
577
504
466
476
474
476
467
466
488
477
467
474
469
473
482
470
473
482
494
494
481
476
528
599
642
635
627
626
645
638
606
552
529
533
530
540
531
521
509
483
463
450
474
471
453
436
431
430
435
441
436
437
442
435
443
437
443
464
482
472
471
477
482
478
478
483
475
461
449
452
454
443
444
453
458
451
429
429
425
423
431
438
437
436
433
440
431
429
425
439
427
417
478
572
618
621
597
614
619
596
605
606
614
599
604
620
585
508
477
488
487
450
421
399
393
411
449
468
431
419
485
584
643
638
627
615
624
622
622
625
639
640
606
552
499
512
516
515
509
499
514
487
490
484
493
488
489
503
525
530
524
536
520
532
542
540
537
531
532
535
533
518
522
535
533
526
528
529
532
533
530
531
515
522
533
525
523
547
537
521
524
536
535
536
531
532
523
519
533
546
505
527
546
526
496
545
579
402
126
