545
535
508
505
532
542
585
617
642
621
617
611
533
476
492
518
507
485
499
546
604
621
639
617
599
545
502
498
508
510
501
492
547
588
607
600
601
601
597
623
578
508
466
465
492
494
479
489
488
444
433
455
465
439
419
478
575
616
628
617
621
606
624
620
565
495
459
443
464
478
444
442
490
558
619
608
589
611
617
602
602
599
610
594
608
595
596
598
592
577
549
533
527
539
524
538
558
557
576
595
619
604
617
607
604
612
611
589
561
537
536
548
545
525
539
551
578
585
583
589
584
575
587
585
562
527
497
497
541
600
629
625
619
604
613
605
605
607
610
601
595
605
614
605
563
509
467
472
488
503
488
500
493
518
532
534
522
521
528
531
541
563
588
575
569
572
585
574
573
578
576
566
590
574
573
573
575
590
572
564
577
562
573
571
579
565
577
586
577
528
484
437
450
457
456
448
435
486
569
612
612
609
604
603
604
611
615
629
633
617
625
624
623
623
607
553
542
520
537
522
504
515
526
512
512
524
515
509
514
499
490
487
482
501
491
471
481
438
440
455
462
443
441
466
504
534
521
517
509
514
504
535
599
625
631
609
607
634
632
584
511
471
469
489
478
469
483
488
487
475
479
495
498
469
483
487
486
475
509
600
645
627
609
635
642
597
513
486
500
499
497
500
499
506
492
488
496
501
509
505
490
495
491
496
488
491
489
485
486
495
502
504
498
499
504
494
493
507
489
483
492
501
523
501
521
518
529
525
565
586
549
477
442
449
438
446
461
451
441
478
575
614
617
599
601
611
616
610
600
552
519
523
538
521
523
536
536
518
522
537
534
517
519
535
510
522
533
519
524
513
536
533
533
532
532
514
521
552
534
514
532
540
524
517
525
542
519
526
543
533
488
550
577
413
135
