641
625
573
593
627
573
521
534
535
505
518
540
524
507
542
574
576
571
574
590
566
576
574
544
525
537
541
538
530
555
598
618
616
612
607
626
639
591
532
484
512
505
510
491
515
500
525
590
638
613
595
624
638
564
507
463
457
479
464
481
472
475
477
467
436
409
437
434
415
398
471
579
646
635
623
630
636
631
631
634
627
622
617
622
633
609
610
629
637
591
519
475
469
491
484
480
481
495
473
471
488
473
475
483
482
477
471
495
497
482
433
424
423
431
420
413
423
415
416
424
420
429
426
427
418
432
437
429
435
424
414
427
442
423
418
428
443
404
405
455
561
633
623
599
610
619
605
607
613
634
623
612
616
625
609
604
620
593
577
595
615
582
588
599
598
570
534
537
527
520
509
533
516
494
552
623
643
571
536
533
557
537
546
567
550
518
513
524
530
499
505
523
498
482
488
484
488
472
495
494
482
472
451
454
461
456
462
461
465
467
466
476
477
459
469
468
493
507
516
526
501
511
539
572
598
591
596
609
613
577
543
527
518
530
530
502
476
462
447
452
452
451
454
449
437
423
428
425
432
429
427
442
426
423
435
439
424
417
482
579
619
615
619
631
577
490
426
423
445
440
432
435
473
551
604
598
580
602
599
596
585
618
652
647
619
642
650
625
583
585
574
566
579
584
562
569
593
577
574
587
592
541
487
446
449
451
450
461
470
434
388
382
377
370
382
391
372
364
428
563
633
617
602
609
623
598
602
591
614
600
608
602
614
618
589
552
520
518
525
526
511
510
491
493
495
538
534
524
521
523
521
531
525
534
529
526
529
517
522
533
528
525
525
522
530
524
524
528
529
535
526
514
530
529
523
522
531
526
522
524
528
525
529
541
534
520
532
546
518
503
557
573
412
128
