621
580
527
551
582
561
533
571
596
611
626
645
630
615
612
633
628
594
562
519
472
428
388
383
398
421
420
408
434
432
407
397
487
623
711
681
654
674
699
690
644
615
604
597
599
594
610
607
612
601
603
597
602
582
581
572
584
590
591
581
589
589
568
508
479
489
479
419
390
400
412
393
377
411
466
482
488
494
497
491
482
506
550
584
557
563
567
576
560
551
529
526
530
548
571
593
596
580
589
572
562
575
575
580
558
566
593
638
657
655
643
634
646
668
624
549
519
536
543
530
538
543
516
466
456
453
464
461
481
494
517
516
506
509
519
516
503
499
524
566
603
594
586
596
600
607
575
513
475
473
501
496
487
494
496
503
509
551
572
566
548
527
517
520
524
515
509
535
610
654
630
620
624
635
644
617
576
535
538
554
552
543
555
545
529
505
508
511
501
498
514
510
491
442
440
442
437
434
443
432
443
453
452
433
440
460
435
408
492
653
697
694
672
687
699
691
690
704
677
610
602
596
603
597
599
614
607
581
527
497
494
495
524
502
500
508
505
483
469
458
447
460
449
455
454
462
452
429
415
419
420
424
419
421
425
419
421
422
401
362
349
363
356
352
344
352
366
395
473
565
639
631
607
630
629
625
621
635
641
588
533
509
504
523
503
514
494
510
511
498
486
452
452
462
460
459
473
463
462
479
492
480
478
481
488
472
495
518
539
520
522
533
526
524
526
534
529
537
534
534
514
535
534
522
517
534
523
509
521
550
534
499
547
564
411
137
