560
555
496
516
532
518
503
529
524
527
515
511
468
438
451
459
449
444
449
463
455
444
466
475
459
458
477
471
459
475
487
447
451
443
444
434
432
435
438
407
368
346
360
396
426
401
399
398
436
394
368
475
623
701
686
676
688
656
602
557
581
581
573
565
561
586
605
627
627
622
627
627
624
629
625
588
518
480
471
491
489
485
484
479
481
493
470
421
368
368
382
383
360
355
412
499
552
538
539
536
555
533
535
536
550
542
530
538
531
543
545
553
545
535
539
549
532
524
518
526
523
532
538
543
542
538
546
545
536
534
570
612
627
620
617
623
624
623
617
598
580
564
561
571
560
571
576
558
561
565
552
560
555
575
563
554
561
554
559
556
557
568
558
550
583
624
629
630
638
604
563
534
532
545
527
531
530
519
485
493
501
502
485
510
553
577
573
557
584
610
630
629
626
631
626
640
617
592
565
558
575
579
567
566
583
567
557
588
623
629
634
636
638
616
574
540
547
555
552
547
550
545
544
540
522
517
507
509
514
523
507
504
497
476
479
483
480
488
482
477
490
476
463
452
440
455
455
452
441
451
447
446
437
433
426
419
428
439
415
411
464
566
630
621
602
616
625
620
589
544
492
513
520
503
447
415
415
423
425
420
432
431
430
432
437
431
431
435
419
426
428
442
451
435
442
444
442
426
439
452
416
372
353
349
351
355
366
364
340
406
511
588
570
561
570
593
563
565
572
571
561
558
567
565
570
576
578
561
567
582
569
560
577
610
629
628
640
649
631
625
629
615
605
588
609
596
583
606
601
581
525
509
514
523
512
512
524
532
537
529
519
533
535
531
528
532
521
534
521
523
526
526
517
531
532
526
526
531
541
518
517
539
517
520
534
537
507
523
542
517
497
546
581
408
122
