559
551
477
470
472
462
450
473
459
442
468
473
464
456
467
454
433
442
432
437
425
421
436
432
433
438
439
439
446
450
438
427
436
429
432
436
440
431
430
430
438
456
416
380
346
353
371
366
355
345
371
385
403
413
401
399
406
419
384
380
467
616
694
683
663
666
681
677
677
650
608
547
571
586
567
556
569
574
570
617
629
630
610
624
639
598
507
472
488
489
483
493
492
463
397
366
359
373
393
375
362
406
503
554
555
534
546
551
551
531
537
524
527
542
546
535
533
545
557
552
539
535
544
539
531
544
600
614
606
611
614
627
617
606
597
568
560
574
572
561
576
570
578
567
566
562
557
562
568
570
564
573
568
554
577
621
635
634
630
637
644
626
612
639
654
601
552
513
531
538
534
527
539
538
502
486
495
503
504
493
497
513
559
577
570
576
575
577
573
564
570
587
609
626
639
629
614
632
628
636
614
575
567
568
568
567
558
569
592
623
637
638
633
630
643
644
613
561
543
552
542
547
555
570
558
544
545
552
559
558
544
526
507
506
513
520
510
520
513
480
477
490
483
488
483
489
478
462
440
456
455
433
453
457
451
456
459
463
421
436
430
414
418
430
431
414
408
477
572
636
636
608
600
633
623
592
528
509
511
518
509
511
517
495
454
411
427
443
432
422
428
432
433
430
431
430
429
438
427
429
435
442
454
440
435
429
458
443
422
381
359
358
371
373
342
343
404
516
589
580
565
571
567
571
564
585
628
640
642
630
634
635
628
633
628
627
607
607
599
596
580
610
601
575
537
510
522
514
513
522
522
525
516
531
527
535
532
532
538
519
533
536
522
526
537
528
526
533
529
527
527
536
536
523
526
526
520
519
540
537
520
534
554
528
502
543
578
415
126
