702
658
590
638
664
632
628
655
618
543
511
539
547
534
523
534
528
520
512
477
430
432
432
435
428
428
435
415
421
450
462
462
438
491
548
569
560
572
563
557
563
568
551
580
591
622
603
597
600
619
581
532
495
494
512
509
509
505
501
500
486
468
476
477
473
483
468
506
557
593
596
582
597
601
595
576
580
571
559
569
577
579
564
561
571
559
547
558
560
545
539
582
613
600
512
465
483
497
483
486
488
495
489
482
502
497
495
499
499
497
485
499
495
495
485
484
498
549
593
596
562
506
492
510
523
512
526
520
505
512
543
595
605
603
598
596
598
578
590
608
564
515
474
481
486
482
481
474
493
483
489
490
499
485
487
502
483
478
464
483
468
467
461
485
526
541
523
533
539
540
535
521
537
535
525
568
621
657
650
630
656
654
642
647
662
638
581
549
554
561
533
545
564
580
614
607
605
602
610
610
570
497
480
488
487
469
509
568
594
611
597
595
604
611
621
580
538
507
503
515
522
512
489
453
432
447
450
462
433
428
415
395
401
407
393
398
415
433
432
445
430
438
443
448
434
439
437
429
438
446
450
436
437
449
451
448
457
445
438
390
389
394
388
401
388
394
387
381
400
398
386
390
406
358
367
436
587
684
666
645
658
659
644
643
661
642
592
573
594
597
587
566
592
594
553
493
470
465
471
478
457
467
469
460
424
405
424
427
410
378
459
552
626
615
592
596
607
609
595
591
573
580
595
594
585
585
592
599
584
543
523
528
531
535
540
536
535
527
526
521
525
525
529
522
527
534
529
535
526
523
527
526
542
522
518
530
538
511
516
531
532
515
531
529
522
514
535
530
523
518
551
516
494
548
567
412
120
