626
605
538
563
587
573
545
573
583
589
590
601
607
585
583
610
601
568
522
484
482
481
494
477
494
498
489
479
482
485
488
487
492
485
500
479
491
488
490
494
499
490
491
477
489
479
462
463
476
457
455
469
470
461
450
484
549
578
567
568
571
563
558
586
616
626
623
629
625
633
649
601
565
527
537
543
523
528
531
530
534
539
542
521
470
443
457
442
443
457
454
447
462
491
502
498
494
490
504
502
493
488
495
498
484
493
521
591
627
622
605
604
626
613
598
608
580
557
560
573
570
554
562
566
551
548
560
560
590
598
604
592
606
607
567
524
481
482
503
500
492
502
493
477
436
427
434
426
420
432
433
431
419
436
473
484
481
486
483
466
513
556
582
575
562
572
574
567
557
567
561
564
578
569
551
504
482
476
484
475
480
475
473
464
473
471
462
475
484
529
566
561
541
569
598
593
591
592
621
573
504
465
488
495
489
508
568
575
581
578
586
581
579
583
549
465
432
423
448
439
438
434
433
460
481
498
498
481
488
491
489
480
525
555
594
584
560
563
582
564
582
575
565
566
571
565
579
562
572
564
562
572
578
567
558
543
543
563
567
587
588
583
587
613
606
568
522
483
483
484
471
469
463
459
474
469
468
498
543
560
548
551
565
560
549
558
568
586
593
596
587
589
608
594
568
513
495
493
491
507
500
494
487
514
557
591
594
574
586
578
587
597
554
477
437
433
450
433
445
458
472
484
473
467
474
500
552
585
581
572
581
594
577
554
492
452
457
462
462
452
456
465
462
468
477
476
450
457
476
467
447
494
563
593
584
586
578
590
587
588
579
574
570
582
581
576
582
591
585
582
588
587
556
530
516
524
528
539
524
528
536
535
528
533
533
526
533
532
543
525
518
530
536
514
519
546
524
503
556
571
399
121
