565
546
484
515
545
524
477
473
467
438
442
469
460
449
452
464
462
454
470
458
454
465
460
475
431
421
429
441
431
437
434
443
414
380
359
347
354
372
365
349
361
370
391
396
399
406
392
391
471
615
704
688
656
675
687
683
654
604
576
560
588
583
566
576
582
577
567
576
614
629
631
616
620
620
623
619
603
611
630
591
521
479
479
496
494
489
471
410
345
372
391
374
351
417
517
562
548
525
528
547
533
545
558
547
536
521
514
527
526
531
529
516
535
532
539
549
535
541
538
545
537
551
602
632
615
606
621
625
607
578
570
576
570
565
564
580
566
555
573
561
555
559
562
569
561
563
566
558
562
579
558
559
585
611
629
632
624
621
627
625
647
635
633
638
632
634
636
637
626
615
622
632
622
625
630
641
608
557
523
537
541
530
498
498
482
483
488
501
493
511
550
582
578
565
578
579
564
563
589
615
622
626
637
627
578
566
569
565
556
582
581
563
569
618
645
628
633
639
645
624
563
547
546
550
551
545
524
517
511
505
510
503
515
524
522
497
502
481
482
492
492
478
478
467
457
452
452
452
449
445
459
456
453
427
432
428
425
421
435
404
420
476
575
627
624
618
593
549
494
502
508
516
484
440
422
423
425
419
418
426
430
437
431
420
430
422
423
425
423
430
439
429
439
427
434
434
444
415
373
366
351
372
389
346
345
404
523
577
572
569
562
578
592
624
656
639
617
633
633
623
615
613
596
588
602
615
581
541
519
520
527
510
512
537
515
513
532
535
524
526
530
531
517
530
532
506
530
542
532
527
526
535
519
513
533
520
516
525
538
522
520
522
527
530
527
519
525
520
530
524
527
533
537
533
530
529
532
510
520
533
522
510
513
555
530
504
535
579
404
119
