531
508
454
488
506
474
464
511
590
625
600
609
637
619
562
486
414
413
441
448
416
409
445
497
532
537
524
524
521
529
519
521
530
542
557
544
541
548
555
569
621
643
641
628
632
635
630
637
648
633
610
577
587
611
570
497
456
477
489
481
469
476
465
411
383
446
527
580
579
567
566
565
572
548
542
529
542
544
544
540
537
548
562
562
564
555
557
565
586
593
584
581
576
572
583
547
547
540
552
527
538
545
547
554
569
567
569
570
569
555
520
487
503
497
487
498
516
502
485
533
591
604
602
598
597
593
585
601
595
555
542
544
549
535
535
547
565
572
567
562
578
554
528
510
523
524
510
498
514
514
506
506
539
543
528
541
542
542
511
560
635
670
666
665
650
652
663
655
632
563
519
514
544
520
505
514
542
570
597
602
594
592
602
597
580
583
591
582
579
588
561
543
515
504
523
516
494
508
546
598
637
632
616
601
618
623
609
610
623
609
613
629
626
601
545
525
523
538
535
522
520
551
608
654
653
599
528
468
473
486
471
456
472
489
459
457
505
604
650
638
622
626
646
634
618
630
655
642
585
523
471
488
519
563
585
571
574
577
564
531
516
508
528
528
513
507
531
577
589
599
583
599
602
594
590
593
591
566
532
534
532
539
534
529
531
567
634
666
680
660
647
669
675
650
608
575
559
588
573
582
571
578
582
575
572
584
558
514
530
533
525
510
526
531
530
529
536
533
524
520
538
524
514
525
526
522
528
553
532
527
528
539
513
520
542
535
523
524
565
523
498
552
572
418
123
