674
659
594
616
605
568
564
590
591
581
557
535
495
490
502
505
490
488
483
476
449
464
459
463
454
456
468
457
445
446
442
445
440
427
423
422
423
422
446
444
441
448
438
439
438
439
470
481
486
465
470
482
478
470
463
457
470
483
458
488
480
475
461
497
568
610
600
586
606
610
607
605
601
587
592
594
589
594
590
592
596
587
597
593
577
573
576
589
572
576
586
580
586
589
558
503
478
477
480
479
468
475
481
483
479
479
479
481
486
480
468
482
486
483
487
494
483
475
518
579
630
636
615
612
628
624
606
604
601
589
609
604
578
536
519
528
518
502
518
524
507
465
454
450
457
457
448
449
457
455
457
445
447
461
456
450
450
480
486
479
518
596
624
620
606
622
603
584
572
592
587
573
588
602
565
502
482
495
492
479
488
495
488
486
495
493
492
495
476
441
418
422
432
433
449
482
457
437
470
524
545
533
528
551
537
533
555
582
592
592
584
589
599
602
595
591
589
597
614
577
505
474
477
483
497
475
482
503
565
619
616
594
595
624
609
563
503
465
450
453
468
460
438
402
388
385
393
407
406
383
385
457
580
652
643
630
629
651
648
622
582
558
550
568
555
552
559
555
533
507
499
528
507
513
509
525
527
528
534
530
532
529
525
522
529
528
540
508
528
530
521
556
618
674
651
624
660
657
631
601
582
563
587
577
595
597
581
581
589
589
568
602
597
586
587
583
575
581
589
588
547
499
469
467
478
481
485
476
484
486
508
529
534
531
529
522
513
525
529
535
532
530
530
525
531
541
522
525
515
535
535
529
538
534
522
533
531
522
525
531
522
529
532
519
520
529
530
533
527
535
536
521
527
537
539
532
523
534
521
531
541
514
497
553
570
406
119
