657
627
567
597
637
585
532
527
535
524
531
527
541
512
497
505
495
479
471
458
449
472
477
446
430
419
403
402
404
419
426
410
386
385
384
394
388
374
402
457
500
473
488
483
488
489
466
505
561
577
580
568
581
580
583
577
584
596
625
604
612
611
609
607
619
628
599
532
492
501
502
505
501
498
522
499
490
475
463
455
464
472
460
455
476
492
504
493
500
506
491
492
510
499
492
496
498
494
493
503
504
495
502
493
494
501
515
502
457
437
455
464
442
452
486
495
471
478
493
472
476
541
620
647
645
651
649
635
633
644
614
565
531
529
533
532
524
518
490
486
493
489
488
496
477
440
392
414
423
405
400
412
412
383
389
411
383
354
457
601
679
662
637
652
665
653
633
639
595
581
593
588
581
581
595
569
511
499
480
500
489
496
506
476
403
382
399
399
387
397
423
431
438
418
436
437
420
417
476
580
626
636
614
600
632
610
603
549
516
523
527
516
511
537
559
566
574
561
556
546
529
536
522
561
637
701
681
678
680
689
675
681
706
676
631
589
613
617
606
618
577
531
511
518
513
468
433
448
478
454
448
456
454
452
437
443
453
450
444
463
464
484
480
482
472
482
487
476
470
461
497
584
631
620
616
608
617
629
616
589
546
506
508
525
519
499
512
552
589
607
629
631
573
535
492
494
511
513
495
502
499
474
455
451
462
465
465
469
460
445
437
469
504
522
524
521
535
518
528
516
529
515
530
526
530
520
529
529
529
514
535
536
518
538
535
535
523
521
521
519
523
537
537
512
523
543
531
496
554
583
410
138
