520
494
460
478
485
462
513
588
642
620
598
612
626
621
568
479
422
425
430
456
489
541
537
517
521
525
531
521
546
551
544
541
554
565
543
565
615
650
633
627
603
596
599
588
590
594
592
580
501
435
422
414
405
403
418
411
391
443
533
587
565
539
531
550
537
550
546
551
535
542
543
552
527
544
537
532
544
550
555
559
564
575
556
563
563
563
568
564
566
574
599
579
586
578
579
590
578
563
538
531
534
553
537
543
552
554
559
575
567
552
515
501
499
503
494
496
496
509
484
520
576
607
603
587
604
614
593
580
559
541
548
542
545
551
542
549
539
543
568
571
576
573
575
561
574
574
574
562
519
508
518
519
517
520
517
507
513
528
526
532
541
556
537
528
556
623
675
675
651
661
670
656
645
656
679
630
545
501
517
538
523
515
545
578
610
596
592
603
583
598
599
591
583
595
593
573
576
585
582
561
519
503
512
506
505
514
524
501
508
537
597
640
639
607
608
627
625
592
559
527
537
532
522
532
526
522
564
616
636
640
642
649
636
637
656
614
515
472
485
508
485
479
497
501
450
503
600
643
634
617
647
639
617
610
635
642
630
627
627
626
626
636
640
636
632
642
635
627
630
637
639
638
627
637
626
635
630
647
629
630
650
656
599
525
502
544
584
575
575
579
568
573
590
576
540
509
521
529
511
525
586
608
602
586
586
569
557
562
555
536
528
529
526
530
525
528
525
569
636
680
673
659
663
671
672
656
678
655
600
566
588
583
576
561
545
523
517
532
535
519
529
537
537
531
538
532
509
533
530
525
524
534
536
518
520
527
534
514
523
533
532
532
542
538
507
522
541
540
524
528
529
529
528
534
534
521
518
538
521
500
545
574
412
132
