604
584
537
564
585
567
550
585
598
569
564
588
576
571
574
594
570
569
581
582
564
573
575
562
570
582
613
599
593
602
618
601
574
580
578
578
577
588
587
576
585
574
586
576
585
584
566
579
591
556
516
476
499
492
487
487
497
485
474
459
452
460
452
458
467
486
476
466
465
473
477
464
474
467
463
456
463
465
470
449
433
418
411
422
415
414
405
416
412
402
358
348
344
347
340
354
353
347
363
352
351
351
351
352
354
347
360
355
355
349
360
345
342
368
437
463
458
451
456
449
439
477
585
637
619
613
615
622
609
623
613
608
600
592
595
587
593
593
601
593
579
590
588
587
602
607
568
527
491
498
509
519
511
519
519
506
506
513
513
502
496
508
513
510
506
502
512
512
507
514
497
508
523
503
514
514
505
498
465
445
451
446
439
443
441
456
446
451
465
461
463
456
440
421
428
431
438
433
430
436
430
437
418
428
433
424
421
427
441
427
413
400
397
402
409
412
384
382
444
563
608
620
599
606
613
598
614
585
531
496
504
540
532
524
533
541
535
539
550
537
523
561
589
600
592
588
605
600
599
605
562
505
481
492
505
485
486
514
576
603
605
595
592
600
598
587
592
601
575
526
486
483
492
491
483
464
435
444
444
444
438
429
443
474
488
473
477
475
473
468
457
449
448
463
453
466
459
457
451
454
456
461
443
454
452
446
454
464
435
416
400
394
401
401
409
417
401
397
402
414
397
406
424
451
474
472
470
480
468
487
465
477
485
463
458
507
558
584
584
568
589
586
573
600
618
629
629
614
626
633
623
600
556
517
522
543
544
506
479
463
452
462
464
462
459
459
473
462
444
407
399
406
414
409
412
393
400
452
559
642
639
571
530
508
515
500
504
510
504
514
503
513
555
566
570
567
564
567
559
558
552
578
572
558
527
519
534
535
523
516
521
524
523
531
527
518
537
527
523
525
539
533
533
534
533
526
515
521
536
526
536
540
529
520
520
531
517
524
538
540
510
522
539
512
514
551
580
405
135
