645
610
558
587
615
601
573
605
615
588
585
602
597
565
531
520
514
520
528
525
514
534
577
574
576
580
573
536
534
541
537
542
557
604
621
600
604
619
620
611
611
630
635
581
528
497
499
504
546
585
618
626
611
603
616
633
584
495
455
465
480
469
471
480
477
461
450
432
428
433
441
406
410
463
577
652
637
616
609
637
636
625
612
615
625
613
631
614
606
628
622
595
518
457
431
435
413
405
457
584
633
614
598
614
618
619
612
597
589
588
600
583
546
510
530
519
509
551
630
667
639
629
638
654
644
651
655
630
569
533
544
556
535
541
538
552
541
543
563
545
548
548
545
521
514
526
522
504
517
522
501
484
475
489
487
484
473
484
485
488
497
477
465
453
463
459
467
460
462
469
466
474
470
459
478
503
512
510
514
526
520
508
522
575
596
594
597
591
593
595
602
601
599
593
610
585
549
516
517
517
516
519
502
470
444
452
453
445
457
449
441
412
424
427
428
441
429
428
434
443
424
420
469
569
649
617
585
608
635
556
467
471
560
613
601
587
591
578
595
624
656
637
628
647
642
643
637
654
624
590
570
570
586
578
561
591
599
539
483
455
445
443
461
469
443
389
421
540
622
611
582
594
613
608
595
609
608
609
590
624
617
601
620
622
587
541
514
531
525
516
525
532
518
492
482
491
499
492
492
518
538
535
533
534
532
532
534
529
532
530
521
522
535
519
527
541
537
523
524
542
530
519
529
532
529
526
538
526
498
521
543
512
484
551
579
404
125
