564
532
494
517
518
504
530
606
632
620
605
622
626
625
606
616
622
623
617
607
614
634
603
534
489
505
526
505
502
533
530
497
504
537
590
624
636
633
621
625
626
591
530
505
501
508
499
496
508
509
500
531
573
597
604
593
600
616
597
591
605
625
584
522
464
475
488
481
467
488
495
483
483
492
466
448
450
445
430
446
457
443
430
471
564
644
622
603
614
625
576
499
445
441
457
474
455
445
513
574
618
601
601
599
616
606
609
593
601
598
596
590
587
597
592
552
516
516
532
535
530
527
545
563
570
580
573
560
569
571
555
568
579
588
605
601
612
607
603
615
595
554
546
540
540
533
550
569
584
582
575
580
598
590
574
530
503
504
497
512
514
504
487
532
600
636
628
613
618
632
624
594
601
605
592
609
601
608
599
603
600
605
573
520
478
492
489
499
494
500
504
511
531
533
523
513
548
569
573
571
576
578
581
584
596
550
478
442
466
455
448
480
562
631
605
602
617
619
603
605
619
626
611
623
636
636
615
619
630
600
564
545
530
551
544
527
540
548
547
538
545
546
546
542
545
545
543
541
546
542
528
516
511
512
528
502
501
487
478
493
495
487
500
499
486
456
444
455
458
457
443
462
502
517
523
511
506
529
530
514
513
542
595
630
628
584
521
474
470
487
481
479
472
483
475
485
496
485
473
490
493
490
492
476
486
475
470
514
605
646
650
617
631
646
644
609
526
479
483
499
494
504
523
532
530
513
520
530
519
517
520
530
538
528
519
527
521
525
542
569
574
573
594
592
549
477
443
432
462
461
435
434
479
572
613
613
593
601
609
613
611
620
607
595
612
601
553
523
527
536
527
527
527
531
523
525
519
527
517
526
537
526
516
533
536
524
526
528
527
522
530
524
516
527
532
531
520
518
548
530
509
536
539
525
517
561
528
513
546
581
411
125
