646
615
557
580
622
609
567
543
515
519
556
584
586
557
577
593
576
567
573
587
559
537
543
564
611
631
620
596
617
627
609
634
577
532
491
505
519
519
501
511
517
501
492
532
599
625
613
603
612
627
625
575
510
450
443
489
476
476
454
447
422
407
425
444
420
401
475
590
646
629
628
630
622
616
625
611
609
625
630
589
510
475
468
453
426
407
419
424
412
430
430
412
467
572
628
614
604
613
623
599
604
603
596
573
591
595
589
594
599
575
538
518
529
526
512
543
622
654
653
638
647
671
614
575
546
548
545
551
539
540
548
524
513
521
525
515
502
514
518
514
510
517
506
494
484
483
484
496
488
491
488
463
457
463
457
452
470
466
469
463
473
468
474
464
488
475
469
466
467
461
479
474
467
499
502
521
511
512
502
504
535
571
596
599
587
591
601
604
603
597
586
594
595
602
599
608
600
596
598
599
605
609
608
593
608
615
589
536
506
536
529
522
524
526
518
469
449
459
453
445
441
427
434
446
426
426
424
439
446
422
424
445
430
416
471
587
631
623
607
621
613
602
625
617
571
486
422
410
483
550
598
596
579
587
610
594
595
619
646
649
624
589
571
577
582
575
565
582
586
537
486
461
459
455
451
471
472
439
392
374
371
378
385
365
360
439
548
632
615
610
603
624
599
600
607
620
609
606
596
614
619
595
552
503
520
531
531
492
485
498
484
496
492
495
491
509
509
536
508
521
541
535
515
521
530
524
520
523
522
517
527
540
526
509
527
523
532
519
532
527
526
522
525
532
517
532
539
513
517
537
543
511
520
542
516
497
545
572
407
133
