492
468
424
449
471
438
401
420
411
407
393
430
481
472
497
540
547
551
545
535
548
558
524
461
418
409
444
435
422
418
464
537
588
577
578
583
572
570
580
629
643
647
637
643
642
650
622
594
583
584
592
586
593
596
561
504
464
484
464
402
381
398
399
394
378
405
442
497
567
598
589
572
588
603
581
551
559
556
558
541
566
571
561
562
558
564
597
627
625
615
613
623
591
522
491
498
506
494
458
456
459
471
468
458
444
438
446
448
428
449
440
436
454
439
452
436
444
458
468
423
405
383
375
390
408
464
461
474
468
477
477
478
469
467
463
501
526
506
507
525
574
585
572
582
585
577
577
578
575
577
572
575
569
585
580
551
498
461
463
466
459
504
566
623
562
487
456
471
480
462
444
507
607
687
670
651
654
664
653
654
667
650
599
570
584
597
579
591
599
567
527
502
510
512
504
507
508
510
499
523
499
464
454
467
467
467
452
470
462
455
468
461
459
459
467
459
461
465
472
474
471
480
480
478
486
480
486
473
475
476
483
459
428
400
407
424
417
406
401
406
383
386
396
413
372
357
439
591
674
666
644
655
660
658
627
600
582
601
597
585
519
503
501
515
507
508
503
518
517
497
470
440
456
457
460
455
449
465
452
448
455
457
464
478
482
472
467
476
471
484
495
513
529
524
530
527
533
530
522
531
543
540
523
527
522
527
523
524
531
531
525
529
533
532
516
520
525
521
531
531
518
520
542
532
514
515
543
527
503
555
575
409
131
