608
589
532
570
583
551
558
622
643
617
615
633
625
622
643
597
541
498
524
539
517
515
532
518
510
516
534
535
513
517
521
525
506
538
527
514
527
527
516
512
537
533
484
421
392
405
397
401
403
403
395
402
421
425
409
408
429
409
402
488
615
708
690
672
671
685
692
652
625
603
593
603
606
599
606
602
607
600
599
590
592
587
590
579
595
589
569
495
456
477
496
489
488
490
494
491
488
485
487
494
485
489
470
490
490
460
416
390
400
401
384
379
425
480
493
487
480
498
503
475
478
498
547
565
575
567
566
565
568
559
542
525
543
568
602
595
586
595
576
573
563
574
567
571
574
570
562
592
632
655
653
648
650
634
637
646
663
614
554
530
533
522
480
463
460
469
469
465
457
455
469
492
519
517
499
516
529
522
497
505
527
566
604
601
600
604
598
609
594
586
599
610
576
521
473
483
499
486
501
501
505
496
498
509
489
493
521
556
579
552
553
560
563
557
556
570
557
524
500
514
519
508
505
503
542
603
625
637
626
612
581
548
528
516
501
494
512
515
495
508
521
483
464
421
432
440
437
437
432
440
432
426
440
457
439
438
451
464
436
425
500
630
714
698
668
675
704
703
663
624
588
593
594
583
598
588
582
528
491
501
505
502
502
510
502
464
454
455
461
454
450
463
448
429
426
428
422
426
428
431
435
418
401
374
343
335
357
414
426
425
429
430
425
416
471
580
652
626
597
618
652
577
520
498
508
506
501
506
511
517
508
518
506
507
516
516
510
505
519
503
476
461
464
454
468
465
475
480
482
484
480
491
488
484
500
525
536
531
520
528
530
527
525
526
536
526
529
534
530
527
534
523
528
515
530
521
520
535
538
525
528
537
531
514
532
531
517
522
543
522
511
528
545
527
503
551
572
413
134
