617
579
522
556
586
556
545
586
619
630
629
630
608
622
640
609
541
508
514
532
515
516
528
495
413
375
412
410
387
399
412
403
406
435
428
408
409
440
421
394
475
620
702
688
661
673
697
684
669
691
681
684
688
678
668
670
675
693
687
681
679
683
677
683
681
677
681
675
681
676
678
676
685
676
680
680
669
680
680
694
664
611
600
608
603
593
600
606
594
597
582
586
589
588
584
581
596
599
554
497
482
484
490
475
481
497
477
414
392
396
397
396
400
392
421
479
485
497
479
482
493
485
498
486
472
494
541
578
562
530
521
518
556
577
602
600
575
584
598
594
595
583
586
564
568
567
579
568
568
583
566
568
579
582
570
566
600
630
657
667
657
614
571
521
521
562
534
516
541
541
514
466
456
459
462
455
466
458
447
462
501
523
510
516
505
510
506
512
505
507
513
520
506
514
521
512
501
513
514
500
504
538
591
610
589
600
608
570
511
475
482
488
491
477
491
505
505
498
480
513
540
551
558
551
562
569
564
568
557
513
509
525
513
515
532
604
642
640
619
628
650
636
596
564
531
547
562
554
536
522
510
506
503
514
499
506
506
494
441
436
439
445
425
433
442
445
429
440
440
450
451
458
463
440
437
504
638
712
699
680
683
708
703
676
626
596
592
619
610
586
602
579
532
499
494
508
493
500
501
523
508
497
502
503
498
491
509
507
494
461
454
452
458
461
450
449
436
420
430
423
426
422
443
410
373
349
346
368
358
348
355
371
412
431
442
442
427
422
463
579
653
611
531
495
508
512
502
513
517
506
474
472
476
467
457
470
458
470
463
483
491
487
479
491
481
464
497
513
532
522
528
517
526
529
534
532
516
530
534
524
520
539
515
524
518
539
536
512
529
531
529
513
545
535
516
537
546
515
496
538
574
425
123
