556
530
473
506
535
509
476
469
452
432
437
454
445
443
448
434
394
372
397
405
393
404
416
384
383
452
559
606
603
578
593
586
591
592
617
631
631
629
623
626
635
601
549
533
527
526
561
633
662
670
662
669
653
587
546
572
570
568
560
566
568
563
565
605
630
596
545
526
526
540
517
521
555
612
637
653
646
615
537
504
527
527
518
527
529
520
480
464
469
473
468
471
483
477
464
479
491
496
499
501
500
505
507
498
487
512
545
578
556
556
581
571
548
528
560
592
605
605
589
590
608
615
579
515
469
489
489
496
481
488
493
485
522
522
518
513
516
525
514
515
512
537
584
611
619
565
498
458
474
475
475
473
462
438
423
425
434
426
418
436
445
418
428
468
547
604
596
566
543
538
548
554
561
567
566
563
582
575
570
556
577
569
523
473
448
452
447
450
451
426
432
482
563
629
621
602
615
616
599
609
616
609
603
611
603
620
623
616
619
627
637
587
515
463
476
488
473
468
483
478
477
476
468
454
448
442
440
458
445
453
447
456
465
456
431
501
631
704
703
675
695
701
687
668
624
595
605
598
603
597
601
617
602
603
603
587
530
500
519
522
506
499
521
511
470
447
449
458
460
443
451
457
440
464
467
471
474
472
471
477
481
480
468
478
468
459
443
449
454
456
450
444
456
452
458
436
412
384
383
393
394
382
396
396
399
386
414
441
457
453
483
559
601
596
580
572
580
568
532
519
524
532
527
531
538
531
527
527
530
523
527
532
518
515
540
543
527
517
533
543
520
517
535
530
505
529
546
517
505
544
571
414
123
