547
519
430
408
400
385
384
410
411
390
392
418
406
397
400
412
392
388
436
524
566
568
558
568
573
553
570
559
547
543
545
552
539
526
535
550
563
567
555
563
567
560
570
578
593
596
570
501
462
496
492
500
478
508
491
473
479
505
468
391
356
378
385
370
370
389
372
360
392
433
456
458
467
456
452
475
555
602
592
579
581
591
583
594
605
605
642
631
642
632
632
654
618
553
526
528
532
530
534
537
538
533
539
541
515
523
542
535
520
468
452
442
455
443
452
452
444
409
392
410
407
382
411
421
391
369
459
610
665
669
662
639
590
564
556
549
541
531
543
535
521
557
605
603
624
618
583
513
471
496
491
471
520
613
686
640
571
554
545
551
540
541
556
543
515
461
426
431
434
453
439
430
437
461
521
549
540
527
542
542
543
541
558
582
554
563
566
553
557
582
615
632
635
599
572
557
548
553
567
553
559
554
521
508
519
522
518
511
517
509
500
499
499
514
502
497
518
541
554
558
546
553
560
551
555
552
560
554
553
561
572
565
564
569
565
582
582
581
594
575
592
595
576
547
540
550
556
547
536
545
554
572
595
603
592
592
593
601
593
586
596
574
501
435
473
489
440
355
414
554
626
619
582
602
610
614
616
626
614
613
621
582
545
505
530
531
537
541
531
533
477
449
453
461
454
457
468
452
448
461
457
482
510
540
535
516
511
536
524
523
533
534
527
533
535
528
522
525
524
530
531
534
526
526
523
530
528
527
525
542
532
522
539
537
517
520
537
523
512
521
551
526
497
540
571
409
130
