613
593
527
551
579
565
545
564
590
592
622
630
620
607
628
622
601
538
510
522
530
484
440
401
380
417
408
396
409
411
399
390
400
411
405
403
431
433
399
402
482
625
688
698
674
674
674
687
653
622
599
597
611
605
595
603
610
616
588
577
595
592
569
519
473
477
489
501
461
425
393
391
397
410
401
403
392
422
457
499
504
476
481
515
540
548
534
521
540
529
527
549
577
596
587
585
590
603
594
594
587
578
573
556
570
576
566
561
576
621
665
632
559
519
536
553
533
516
534
549
522
471
452
458
455
455
468
458
461
474
455
454
468
508
506
508
521
512
499
496
535
579
593
608
601
592
598
609
615
580
500
475
482
493
487
486
484
495
491
491
490
499
498
496
502
519
539
572
563
558
560
567
566
543
526
502
522
507
524
511
497
542
611
648
618
560
532
556
555
532
507
496
513
501
515
521
489
445
426
439
445
440
442
430
437
438
443
431
428
439
446
437
433
458
451
441
454
465
436
431
503
635
703
707
686
692
693
695
697
664
614
567
586
600
597
599
563
520
486
491
505
511
485
461
457
457
458
456
460
455
457
444
432
421
423
434
436
420
423
429
431
415
418
432
429
418
391
357
352
361
354
345
343
367
408
430
428
424
426
420
431
438
447
411
412
475
581
645
640
601
609
637
637
605
540
495
500
518
505
498
515
501
478
461
462
481
464
459
471
481
484
488
483
494
523
538
528
524
521
529
528
527
534
518
537
520
522
531
530
536
525
528
517
521
535
529
535
536
527
532
539
522
529
527
531
523
520
534
526
518
528
540
522
532
531
533
505
531
551
524
490
556
574
411
126
