490
470
416
447
461
431
413
434
436
407
417
437
404
397
398
400
396
407
421
391
377
440
554
617
606
585
603
602
598
581
562
531
523
554
535
531
537
557
593
596
610
606
606
610
618
596
545
527
530
538
536
526
499
482
483
489
479
454
458
456
449
441
461
442
447
457
443
433
439
459
441
426
460
568
617
601
599
613
576
507
475
481
484
496
504
488
468
521
646
713
698
677
684
700
692
684
683
683
666
614
580
590
602
602
589
591
622
580
484
454
465
477
465
471
460
473
471
465
456
466
472
465
480
468
468
465
464
479
472
467
464
461
473
464
468
469
440
436
428
442
432
430
425
427
409
468
555
609
605
588
593
595
599
580
579
538
512
526
533
518
516
520
523
522
518
561
582
568
568
586
571
558
584
619
591
526
474
499
513
487
483
541
636
689
691
671
661
689
687
659
589
566
576
563
517
480
483
485
502
536
579
572
563
555
570
555
571
562
558
569
572
565
572
567
565
572
567
586
592
578
586
586
593
577
575
585
564
507
480
491
493
483
475
492
490
485
492
498
488
488
496
490
484
501
504
481
467
537
653
704
684
668
704
668
582
542
566
572
544
544
554
529
490
476
482
481
471
471
475
476
462
474
483
485
478
482
466
488
480
464
456
518
628
690
684
678
680
688
688
657
616
589
592
593
607
596
569
491
440
453
469
454
460
466
471
438
393
362
371
361
417
516
566
561
537
553
552
528
533
562
576
575
574
595
583
567
583
587
605
593
604
590
596
595
598
536
513
523
540
502
469
453
456
465
456
474
514
526
542
525
544
524
533
533
520
523
528
530
532
536
535
514
528
531
531
525
517
537
537
525
523
534
526
532
543
532
528
526
531
522
521
532
527
526
516
527
530
513
519
533
532
498
544
572
408
127
