567
520
470
530
583
584
576
591
599
568
591
610
564
477
434
441
446
438
434
458
462
452
449
441
436
486
572
626
614
594
605
626
620
595
559
534
520
545
539
525
530
546
551
537
543
544
539
533
561
576
585
594
583
587
580
590
589
578
583
573
592
583
588
591
591
569
564
561
578
613
652
664
622
557
536
546
543
543
555
533
547
543
558
544
521
505
503
507
514
494
515
496
469
437
436
449
452
465
451
462
457
460
466
462
444
465
462
462
460
466
473
459
458
473
470
463
436
501
616
664
675
642
650
660
652
657
662
664
669
598
487
416
428
456
449
415
472
543
576
561
560
563
552
545
577
620
611
623
623
620
623
611
623
595
539
525
515
525
522
515
511
553
621
673
669
646
668
671
651
602
582
588
587
586
585
587
579
568
542
553
552
551
562
552
560
566
566
557
558
557
560
557
556
546
562
559
557
563
569
594
633
608
608
624
636
601
565
538
536
539
537
536
535
528
489
483
490
480
463
471
462
457
457
457
462
473
463
451
459
458
462
450
469
478
477
483
489
461
466
500
564
595
581
586
593
584
577
596
628
638
634
618
624
649
626
604
559
543
536
547
557
549
551
537
516
495
496
509
500
503
506
511
488
481
487
486
496
477
478
481
476
482
486
483
481
481
482
486
480
484
479
480
484
480
481
482
475
463
466
469
462
472
471
473
476
443
442
438
435
438
442
437
430
421
402
412
403
399
402
413
403
390
384
386
385
377
391
377
371
412
486
533
516
496
546
611
619
630
620
618
628
628
629
622
623
622
607
554
525
515
541
532
526
517
499
482
487
490
482
478
479
528
533
516
524
519
529
521
527
531
528
521
529
532
518
517
525
530
522
528
532
529
526
529
539
535
520
535
539
523
510
540
531
528
532
544
514
498
543
572
404
116
