666
637
574
606
641
601
590
630
574
475
418
449
459
467
442
463
452
436
407
420
399
391
418
429
387
392
468
604
677
678
669
632
584
550
551
561
570
559
565
550
578
561
552
551
552
558
545
547
563
558
536
549
576
588
593
592
614
568
496
451
452
476
462
457
472
463
444
426
426
435
434
418
421
471
564
625
623
593
609
626
583
501
476
484
490
472
462
472
468
415
395
405
394
404
402
401
384
425
493
535
507
483
529
588
616
609
600
610
595
601
599
598
616
615
584
536
496
501
511
506
464
446
463
449
437
435
424
406
407
393
405
393
395
396
408
457
483
479
464
466
476
471
457
464
497
519
548
542
545
536
540
544
535
524
535
527
515
527
530
520
521
541
588
604
581
605
599
597
593
601
587
594
599
599
595
568
548
556
564
551
567
566
548
519
514
509
511
549
605
643
633
610
613
631
624
578
518
473
461
486
484
471
468
475
468
457
507
577
610
605
591
597
611
598
605
599
587
603
601
609
594
597
595
598
600
600
604
594
597
599
588
543
521
528
540
516
516
534
525
513
535
558
551
549
555
549
551
561
553
555
547
605
614
615
597
609
602
592
599
615
605
593
612
614
568
495
451
469
469
468
459
463
481
472
470
469
514
566
606
618
584
588
610
610
564
521
496
492
500
506
504
498
496
504
507
496
522
529
513
505
544
626
659
669
648
646
666
649
637
610
591
590
581
591
590
597
599
575
561
537
555
539
549
551
556
531
501
471
483
480
488
484
482
474
492
473
484
488
490
483
467
494
525
529
534
531
534
540
530
539
531
528
521
523
532
539
538
526
537
530
524
527
534
541
525
524
528
527
521
525
529
527
529
525
543
539
517
542
550
512
527
533
531
504
549
578
411
122
