613
589
525
565
603
589
579
604
600
586
595
612
566
500
481
488
505
472
478
502
490
480
486
476
470
445
458
479
453
457
465
467
454
451
480
542
571
582
583
600
636
632
627
634
627
629
627
620
567
523
513
550
542
513
467
469
455
463
455
478
486
497
523
590
624
618
605
613
620
628
606
602
579
557
547
564
563
547
559
559
545
548
552
563
588
610
601
575
507
471
503
494
486
491
496
473
437
406
415
421
437
465
497
487
490
485
485
473
472
503
539
585
562
573
558
576
579
577
565
567
572
549
487
462
472
482
477
481
473
468
471
466
462
467
486
541
557
544
547
537
556
546
552
584
599
603
586
600
609
606
577
513
491
488
489
483
479
472
521
567
581
589
591
548
467
422
427
463
441
434
443
445
436
436
443
434
429
443
445
446
442
436
453
469
482
483
489
473
500
557
584
576
564
576
569
573
561
549
542
543
548
580
600
592
588
589
599
583
581
592
594
568
505
472
484
491
491
473
473
462
472
501
542
559
554
553
535
565
598
592
592
601
606
584
528
491
486
499
502
482
485
517
560
583
589
581
565
585
599
551
465
421
430
472
475
478
487
488
473
485
497
548
595
589
571
576
575
583
552
492
442
463
476
460
454
460
465
467
471
473
459
453
486
552
589
581
574
592
590
585
583
542
528
520
528
531
520
527
531
551
523
528
526
534
536
530
539
524
531
529
536
520
529
535
535
515
518
531
537
526
519
513
538
531
527
533
522
533
537
515
509
524
531
527
521
529
533
526
527
551
538
507
537
567
414
119
