669
592
454
436
470
439
394
413
412
390
401
421
410
370
466
611
685
677
654
666
672
670
654
652
654
665
632
580
549
554
570
563
553
568
552
550
540
547
546
539
545
551
542
533
545
537
544
551
586
605
586
596
581
605
588
564
493
445
448
471
475
463
460
474
467
453
445
443
413
439
457
426
394
473
583
590
516
458
469
480
470
479
502
477
412
392
409
409
394
399
429
399
386
422
496
518
512
497
507
509
508
494
508
534
586
624
616
603
609
618
604
609
599
603
595
599
623
589
535
498
503
506
521
507
496
507
511
506
519
515
501
508
516
500
465
436
457
463
447
443
439
411
402
402
399
392
401
396
401
393
423
437
479
474
463
472
477
463
482
528
549
547
533
538
542
552
539
542
523
516
505
551
570
606
599
598
596
593
605
599
603
591
583
595
606
593
595
598
592
574
562
575
542
511
517
597
636
630
604
622
640
588
493
461
474
485
479
471
471
469
468
472
481
468
460
494
575
618
612
603
597
599
595
588
596
596
609
577
551
510
522
519
533
523
525
524
533
553
562
547
559
543
552
553
573
587
604
616
612
589
584
603
610
590
507
457
449
520
575
607
623
598
565
520
490
484
508
503
479
500
518
541
506
513
523
510
505
510
526
516
503
544
617
677
656
645
655
652
644
649
649
645
661
660
640
596
579
602
600
580
585
591
581
547
554
546
549
549
548
541
505
476
463
487
481
475
482
499
516
535
526
525
524
536
531
527
523
522
539
533
531
533
536
531
522
541
532
525
522
525
529
527
537
521
523
523
546
531
515
533
535
516
529
541
533
494
524
544
517
502
555
578
415
126
