568
552
504
518
537
526
520
518
479
436
436
460
458
432
456
466
468
458
465
469
458
428
443
429
426
424
436
438
405
381
362
336
354
368
360
360
367
360
361
346
376
404
401
397
410
423
391
394
468
602
697
699
634
590
583
570
562
574
578
578
574
564
566
578
569
568
595
607
622
635
629
583
520
495
491
491
485
483
499
467
401
357
366
381
377
368
357
395
496
568
557
512
516
525
526
525
519
538
524
526
537
537
542
541
548
550
536
542
557
539
532
567
591
616
618
621
610
582
566
577
568
578
572
556
561
572
568
560
559
570
564
563
565
572
559
563
572
558
554
561
563
569
558
585
621
630
633
621
629
623
645
649
613
561
528
526
518
508
482
488
500
499
484
481
511
547
583
587
573
566
572
579
569
564
589
605
637
635
624
628
630
634
620
575
564
570
566
571
578
573
563
587
619
649
649
622
652
651
621
563
541
541
550
549
557
563
544
539
517
510
499
510
519
522
518
517
510
505
487
482
473
478
483
490
490
494
500
484
490
494
494
486
486
492
493
477
469
460
444
455
456
462
440
453
442
429
410
423
430
409
402
479
562
625
638
617
596
557
509
489
452
425
415
420
432
418
420
436
442
437
439
434
447
446
437
435
449
452
424
373
354
365
359
347
367
352
343
393
517
593
579
549
576
578
552
574
612
650
642
620
636
637
631
628
610
601
599
616
591
528
518
517
542
507
506
522
525
523
522
511
522
521
517
511
531
536
524
521
542
535
514
527
530
527
526
532
532
532
513
532
540
529
523
527
527
509
537
536
515
514
539
542
506
524
538
515
501
553
579
405
128
