532
516
451
511
610
611
580
603
608
605
585
613
620
578
488
473
469
474
465
468
467
482
468
434
406
401
428
422
413
418
426
399
389
453
553
611
599
576
584
592
588
582
595
578
519
498
513
532
510
496
522
538
522
479
448
422
418
368
343
345
349
354
348
359
354
343
361
354
352
328
379
435
483
476
466
480
473
464
502
554
598
594
588
577
594
585
571
512
464
464
487
496
458
480
480
480
486
501
472
469
479
483
474
456
505
571
592
591
585
582
566
550
537
551
545
554
570
557
549
561
596
616
614
606
608
610
611
617
629
574
488
430
435
452
450
426
457
444
422
429
443
441
429
410
498
568
617
621
620
572
531
498
492
494
502
482
489
495
477
478
487
491
484
488
493
503
484
470
487
496
495
489
494
498
484
472
514
562
577
579
582
561
522
509
497
496
459
429
437
450
441
437
441
448
427
374
350
364
352
364
363
366
380
363
384
381
384
379
389
381
377
366
445
544
606
596
574
587
583
574
572
587
582
574
588
593
580
582
576
586
576
586
572
586
597
589
595
580
573
589
589
583
593
589
567
526
501
507
519
510
494
513
521
519
500
512
513
515
504
534
596
621
610
606
614
606
611
606
608
595
583
578
588
580
583
597
573
505
484
492
495
470
483
498
493
482
493
494
486
498
494
487
482
527
563
590
588
571
597
615
632
625
613
614
638
642
590
511
473
482
460
515
574
606
612
593
594
606
597
577
595
596
595
576
567
543
544
555
552
538
532
556
570
542
500
461
466
473
470
470
476
480
470
477
510
536
532
524
534
524
530
529
536
523
527
528
530
528
525
533
526
522
524
524
524
527
528
521
518
522
525
515
518
531
527
531
525
532
540
512
541
536
516
523
542
543
512
529
556
528
498
546
575
404
123
