599
571
524
547
576
546
550
555
563
547
546
557
547
543
553
548
544
542
548
550
541
546
562
551
543
539
554
547
556
559
561
565
556
564
560
560
557
581
617
630
634
621
644
636
602
544
488
498
519
500
489
498
531
573
621
616
595
588
604
614
605
600
619
613
576
518
474
461
486
495
472
488
495
497
458
403
365
364
381
384
354
361
417
508
565
560
539
542
555
546
537
556
575
564
582
574
566
562
571
575
560
576
568
587
581
593
586
583
580
605
567
490
436
498
590
636
629
620
616
640
613
616
622
633
630
616
624
624
601
562
534
533
540
541
538
546
532
537
534
518
521
511
519
519
517
510
515
518
501
489
497
486
482
487
485
488
496
491
490
486
482
491
461
459
458
459
454
462
450
450
437
416
424
422
426
422
439
449
444
447
440
446
448
448
455
446
451
450
461
484
508
509
493
495
493
513
510
514
503
504
503
515
500
500
499
509
501
499
499
501
497
494
481
499
495
492
498
494
506
490
489
476
471
457
459
460
461
465
480
476
470
473
479
474
469
466
459
457
455
467
461
461
478
474
471
476
476
453
450
447
454
450
456
453
457
449
444
428
408
416
429
404
398
459
567
638
625
616
619
643
572
500
476
495
469
469
497
558
602
593
574
575
602
598
544
475
407
421
448
436
418
439
459
420
368
363
395
375
343
432
539
609
584
567
588
599
587
580
595
577
574
606
639
640
627
634
653
633
582
569
577
596
582
582
567
570
582
561
515
495
485
502
498
483
487
498
515
537
527
528
532
525
537
538
537
532
527
530
528
537
540
535
528
545
530
527
532
516
539
525
523
534
531
512
524
549
515
533
535
534
524
520
532
543
511
537
552
524
506
560
583
409
130
