650
617
540
533
535
517
503
528
526
499
508
544
580
606
607
604
594
600
608
595
588
591
600
586
587
594
584
598
600
579
527
501
512
521
520
490
524
503
461
441
440
447
453
443
465
474
468
474
475
468
469
467
470
466
473
461
439
444
450
438
436
437
438
440
422
413
415
413
413
421
411
414
423
459
488
468
450
514
607
647
639
635
645
658
641
655
627
556
522
512
531
538
525
528
539
507
478
465
471
476
464
470
471
470
472
477
475
477
471
484
491
466
468
484
465
465
493
536
549
559
563
556
577
587
602
610
596
617
630
617
585
525
490
485
507
514
462
380
347
358
360
368
383
416
390
383
458
605
678
671
636
601
583
582
582
602
579
579
568
566
555
559
559
553
533
542
541
534
542
546
535
564
600
622
609
604
618
623
597
551
529
533
536
528
524
543
564
557
538
544
560
565
554
530
516
517
516
513
504
554
581
564
555
573
561
575
566
587
603
603
541
475
425
438
437
440
455
446
466
474
476
491
507
473
477
495
543
579
550
556
558
573
564
562
566
571
548
547
535
542
533
571
608
639
634
615
623
636
621
608
594
603
596
610
605
604
597
598
596
604
600
606
602
605
615
606
589
546
513
520
532
527
528
490
477
490
484
485
480
480
488
483
476
464
462
459
465
465
472
469
464
464
462
464
459
456
453
460
455
463
474
466
455
470
453
464
466
465
464
476
452
461
468
464
473
465
469
465
466
451
468
465
454
446
432
430
433
439
435
445
444
406
397
401
395
399
392
417
404
395
431
502
552
534
514
528
532
521
517
527
526
530
517
530
534
525
530
536
522
537
527
524
521
517
528
528
523
538
540
519
525
528
516
521
522
538
515
516
530
526
515
528
553
525
488
544
575
412
138
