658
631
576
606
615
605
608
592
488
432
447
465
460
440
455
474
454
426
430
418
395
399
421
409
385
470
592
677
671
660
653
673
663
631
577
542
546
560
564
560
560
552
545
538
540
555
547
541
551
583
594
596
593
582
594
598
568
494
459
455
469
458
451
465
474
453
421
435
430
418
428
427
424
430
430
438
424
416
471
567
619
619
593
606
625
613
581
508
464
480
488
479
474
488
494
457
407
403
388
397
423
484
505
516
501
500
513
504
538
577
618
611
604
603
620
611
589
526
500
499
517
513
506
513
510
469
451
460
464
457
444
432
434
424
436
439
437
419
431
427
420
406
409
401
393
418
457
478
473
469
472
473
474
478
471
477
463
474
466
463
489
528
552
538
530
533
545
542
543
524
527
530
521
521
521
527
527
519
533
591
602
597
592
611
610
595
581
596
593
587
594
579
569
551
567
574
559
554
560
560
568
563
553
518
505
514
507
503
504
507
501
533
596
637
616
605
634
643
573
485
480
566
619
597
597
605
609
595
585
600
597
601
602
588
591
594
617
583
536
522
516
540
527
514
516
535
526
516
536
549
558
550
560
575
549
555
566
592
619
600
595
602
616
600
598
595
597
590
607
579
505
468
465
479
479
461
467
504
564
597
604
589
582
606
617
563
514
488
490
506
496
489
515
508
515
516
517
521
512
510
508
512
514
508
507
512
519
512
512
515
495
502
515
522
521
516
551
615
678
671
649
654
669
652
641
646
657
636
598
587
601
592
592
594
589
588
604
595
589
558
535
555
539
503
491
475
485
480
485
489
482
497
515
539
521
518
531
535
524
531
530
527
520
527
523
527
525
532
533
535
520
517
537
530
522
511
529
534
516
530
526
518
518
528
528
507
521
541
508
496
554
583
417
137
