678
656
610
631
650
648
627
629
565
510
522
544
539
534
529
500
468
474
499
486
474
483
506
461
431
423
421
431
419
440
449
453
486
542
575
572
556
566
609
604
601
614
631
592
527
485
498
508
510
498
487
481
466
464
510
566
592
605
594
594
588
587
587
578
573
565
566
568
564
569
551
551
553
544
540
570
604
625
627
615
614
614
587
607
607
611
614
611
599
612
610
606
613
623
579
514
468
481
494
499
487
489
497
492
480
497
496
491
480
518
548
581
597
594
558
514
477
479
478
484
508
508
516
525
567
607
608
591
593
602
611
577
514
477
474
493
498
490
487
481
480
492
488
482
464
458
457
479
455
460
466
472
467
476
514
540
543
515
542
544
539
528
561
620
645
657
650
656
630
578
541
550
561
550
554
565
553
557
598
615
600
599
609
612
573
505
468
469
486
486
478
478
507
560
603
608
582
603
612
599
566
530
508
503
517
522
520
524
524
534
501
464
444
442
445
441
439
448
441
424
414
400
394
404
398
401
390
409
411
398
407
438
440
440
439
442
447
441
441
446
432
436
438
438
430
454
462
441
390
380
391
390
393
392
388
381
394
392
388
400
386
383
378
375
398
379
354
451
589
668
659
640
657
663
641
650
669
636
589
584
600
591
592
604
563
489
462
469
481
461
467
472
476
470
434
398
394
467
565
621
595
593
598
610
598
608
607
602
582
585
600
591
588
599
602
569
546
525
524
520
524
530
518
529
528
519
524
545
532
514
521
532
536
529
539
528
524
528
529
515
522
525
539
522
538
533
532
521
526
531
532
522
530
537
512
525
556
523
497
554
587
417
124
