494
468
429
443
465
447
441
468
450
417
414
422
418
419
424
424
430
433
473
502
483
481
488
495
480
489
480
508
528
560
560
537
536
558
563
516
450
425
414
412
466
538
591
586
563
575
586
578
567
563
575
582
580
584
569
562
561
604
627
644
643
621
607
578
582
597
585
584
597
592
551
503
491
483
489
488
492
461
401
386
381
404
396
383
381
401
393
378
394
385
389
384
406
453
486
485
474
466
470
470
460
463
475
468
471
475
477
466
475
494
476
462
502
572
599
597
593
597
585
592
587
588
559
549
565
558
547
557
602
628
612
624
623
589
530
487
485
506
492
495
495
502
494
489
466
450
452
456
463
465
455
458
452
440
443
442
441
434
451
444
440
445
442
447
443
446
449
445
444
451
439
442
443
447
438
434
442
444
435
437
463
426
391
376
384
389
390
383
401
387
379
400
445
477
466
464
472
454
465
480
506
507
505
523
500
498
530
561
591
577
578
585
581
579
572
576
587
578
571
586
583
582
576
576
591
594
558
493
457
462
461
466
464
458
470
458
453
457
495
569
603
605
587
602
613
608
607
598
613
587
596
618
606
604
604
617
594
595
609
618
593
599
614
569
490
452
470
477
463
467
468
466
518
614
677
664
641
649
662
655
653
664
664
628
602
584
585
601
595
595
588
593
594
599
586
596
589
581
587
589
563
524
499
503
526
518
505
511
526
512
506
520
519
506
471
463
451
452
461
455
459
457
468
459
450
456
463
464
463
458
466
454
461
458
482
472
482
480
465
478
483
481
483
470
477
491
484
466
424
390
429
410
402
406
419
416
385
397
409
376
365
444
595
665
661
651
639
608
582
573
597
592
592
598
608
581
537
507
511
530
515
498
474
451
445
456
452
449
454
454
455
478
484
473
471
491
526
538
528
520
518
530
532
527
530
517
520
531
531
534
533
533
522
530
530
536
516
533
526
526
530
534
537
522
519
535
523
524
534
537
528
524
539
524
517
522
527
519
532
537
538
521
522
543
515
498
559
582
417
130
