575
553
491
514
541
524
497
478
465
442
467
457
448
442
463
469
459
460
471
472
469
466
438
430
421
442
435
418
439
437
420
371
352
350
360
353
352
360
391
406
421
398
405
419
386
397
468
611
695
692
659
664
686
688
642
597
571
556
570
575
575
569
564
593
604
624
626
620
619
621
619
610
618
590
517
476
475
496
488
473
485
496
462
408
366
369
374
369
359
374
366
355
414
507
566
548
533
542
556
550
538
533
552
554
548
546
537
521
513
534
526
511
521
522
539
546
549
550
535
532
566
615
619
624
618
606
622
620
609
602
573
560
566
569
573
567
571
575
564
561
565
568
569
558
559
565
568
561
577
617
637
646
602
566
528
526
547
519
539
542
525
511
485
494
504
479
496
499
489
481
511
559
578
574
561
581
581
579
570
590
599
640
611
582
556
560
568
579
556
575
599
600
576
547
541
546
564
550
559
551
540
540
545
557
549
554
545
545
541
545
543
540
548
556
541
538
552
545
547
540
550
556
554
546
522
504
515
526
497
484
498
485
477
489
488
488
483
487
482
479
493
494
484
458
451
452
454
450
451
459
440
456
433
421
423
417
417
407
428
432
416
415
471
569
645
623
597
604
637
617
588
529
504
499
512
513
507
507
538
532
476
438
417
417
435
437
415
426
439
434
429
426
435
428
435
425
435
430
440
453
431
426
440
452
439
438
444
456
447
398
390
351
349
366
387
359
347
414
522
597
575
562
574
573
557
574
627
652
633
616
630
634
643
611
603
594
602
607
581
534
513
513
531
509
511
526
521
519
526
529
526
527
531
527
525
518
539
534
526
534
535
531
521
528
538
532
529
532
513
525
526
527
526
530
533
535
527
519
542
525
523
531
534
510
509
524
538
532
518
541
518
495
541
579
402
137
