522
498
452
508
584
601
602
598
603
593
621
607
591
604
624
589
506
462
470
482
477
450
432
418
398
414
422
423
407
418
457
531
609
604
575
587
601
584
532
503
515
506
521
534
502
434
414
421
425
419
407
428
404
364
331
378
450
468
486
481
460
457
501
544
588
589
590
572
511
465
473
484
479
469
468
476
476
459
474
488
488
474
473
475
483
467
502
562
604
582
593
581
588
595
589
591
574
556
557
547
546
549
550
557
559
610
616
620
613
616
618
613
621
606
612
616
635
586
484
419
436
450
434
439
451
441
435
443
447
444
443
453
449
432
427
443
420
418
470
572
623
624
598
602
624
622
578
522
485
500
503
504
489
495
502
495
482
501
480
482
479
497
480
502
572
578
579
573
593
587
574
583
598
560
519
503
507
506
500
526
498
466
420
431
437
437
411
387
350
354
374
357
355
376
381
365
379
396
380
373
425
542
596
586
561
583
600
584
572
585
595
577
581
592
564
532
504
507
514
521
510
503
537
583
613
607
594
604
617
604
614
605
600
590
578
593
592
574
593
593
606
562
520
476
472
489
486
494
486
493
488
494
509
500
493
503
568
597
584
583
590
573
571
585
603
624
613
604
621
621
612
618
609
621
609
621
612
618
629
591
516
454
460
492
466
477
504
578
599
605
586
601
606
609
601
610
592
585
583
590
580
550
544
541
534
549
552
549
557
552
569
554
555
552
571
556
561
549
549
557
557
555
550
562
568
535
496
460
486
521
526
540
525
522
532
532
536
533
539
527
522
527
527
534
510
525
535
528
534
513
531
520
527
529
526
522
528
536
520
527
529
526
521
518
531
538
523
525
536
537
516
539
534
517
528
548
529
504
550
578
406
123
