619
599
535
560
583
559
567
578
592
568
567
574
584
584
611
602
604
577
601
597
598
603
600
573
590
590
571
504
488
492
498
487
475
490
503
463
463
459
453
453
448
454
457
448
454
456
455
457
465
449
449
466
447
454
441
461
463
446
455
480
476
475
467
473
472
481
468
479
484
459
461
468
457
474
469
454
426
408
430
415
419
407
421
426
400
357
338
346
353
353
348
337
365
424
463
458
434
436
501
571
630
634
615
608
625
626
603
596
597
598
589
592
593
586
534
510
499
509
527
513
506
520
511
506
513
506
503
508
497
471
451
448
450
453
451
460
448
445
444
445
444
446
461
454
456
443
441
450
452
452
462
466
463
454
451
467
458
444
433
435
433
437
428
433
426
441
422
429
417
420
419
429
425
425
429
430
423
422
431
428
430
412
417
419
424
422
441
441
410
410
398
387
376
437
560
619
624
577
524
505
493
507
509
495
500
527
524
545
538
536
542
543
578
600
598
596
601
574
597
582
577
514
489
496
495
495
501
497
482
526
577
615
606
597
596
599
603
613
612
587
502
481
500
493
459
437
430
447
444
444
450
444
439
443
458
468
491
482
464
482
490
474
455
466
456
455
450
454
435
414
385
403
410
404
404
412
418
403
411
413
405
412
413
406
408
409
410
401
404
401
416
411
404
400
401
415
408
410
423
389
404
432
458
472
472
463
471
466
473
471
474
474
471
465
473
469
458
462
479
473
463
465
473
479
464
478
476
479
468
475
484
453
450
502
569
580
588
597
616
640
623
620
624
635
631
594
555
525
525
527
528
525
544
529
475
443
450
465
467
462
464
450
418
402
404
420
412
394
420
420
404
400
413
411
400
404
428
409
401
457
572
628
605
602
618
617
609
603
605
602
606
611
612
615
610
620
593
536
498
499
514
527
549
581
580
558
562
571
579
553
540
531
524
516
527
523
536
536
546
525
530
528
527
529
532
534
524
531
528
532
519
533
532
525
531
528
533
518
542
539
526
521
529
525
511
519
547
521
492
545
581
416
133
