519
514
459
469
498
494
485
487
494
477
469
473
513
577
617
618
596
590
611
615
606
601
618
615
574
510
459
473
490
475
457
474
480
451
416
454
550
605
596
586
589
599
595
552
542
519
521
510
529
518
513
516
517
518
496
446
414
425
422
420
427
426
421
430
419
408
380
340
350
357
358
357
349
361
386
438
481
484
453
458
519
572
578
595
589
565
515
468
476
492
481
479
485
476
482
475
473
476
483
485
485
483
477
479
479
485
483
485
482
485
478
479
472
467
486
489
469
473
484
479
478
477
480
487
476
483
478
477
472
500
550
600
593
573
588
603
587
569
548
549
556
545
562
558
550
545
551
549
547
567
610
614
606
622
629
572
475
422
443
457
446
442
446
439
437
425
422
429
434
408
425
470
571
635
633
598
602
624
629
590
527
501
497
508
510
500
494
507
493
484
484
473
477
484
479
483
499
552
584
571
571
572
576
581
578
584
575
520
508
520
509
508
502
510
503
455
442
442
451
439
429
458
417
389
347
356
368
369
349
363
374
368
362
364
379
370
382
394
382
368
385
406
373
361
428
530
592
589
572
573
579
583
578
588
579
584
585
575
544
512
508
522
517
528
517
516
516
578
618
620
600
592
587
590
593
591
599
583
579
585
586
577
598
563
522
469
470
485
475
484
489
492
487
490
501
492
489
483
517
567
577
585
588
577
588
621
628
616
626
639
615
602
620
634
581
498
455
489
480
469
503
569
624
603
593
609
612
601
603
600
589
583
599
601
600
601
568
559
528
541
554
556
540
559
563
554
555
565
569
564
561
563
572
546
498
463
485
490
462
455
477
491
471
459
463
469
464
473
478
476
463
472
481
476
466
482
507
536
535
523
522
529
532
536
529
530
535
531
536
513
528
531
527
532
533
525
528
529
540
524
520
539
520
528
535
539
518
516
538
535
515
533
566
521
501
543
588
409
131
