489
471
425
446
447
401
403
430
423
406
421
427
406
429
478
509
487
477
482
487
483
484
491
480
486
531
551
540
544
555
552
533
545
558
522
459
415
411
440
422
420
427
427
428
423
418
431
434
419
422
423
420
420
419
438
421
415
464
552
585
597
568
572
572
586
578
578
596
619
643
627
602
585
585
576
573
595
564
513
470
480
499
485
485
472
411
372
380
399
391
379
402
461
483
473
463
479
475
466
500
564
601
588
583
563
558
552
559
561
546
541
570
599
629
615
630
629
594
529
494
497
506
496
496
508
500
490
506
502
508
498
503
488
484
457
453
458
456
453
464
463
472
463
457
434
429
452
443
441
445
441
450
443
449
454
444
440
459
442
404
385
389
386
374
413
456
471
464
456
465
471
466
461
471
499
510
513
513
515
530
497
492
528
568
583
589
593
582
587
588
583
584
576
589
578
580
580
591
569
582
578
580
564
568
572
585
556
487
458
472
460
452
504
582
602
605
615
613
575
503
454
461
480
469
465
462
509
600
684
692
627
585
584
578
585
595
594
565
525
510
511
518
518
514
524
510
505
499
509
515
512
469
449
460
461
456
462
456
458
456
469
461
462
464
460
489
486
489
469
483
471
477
481
490
463
431
411
401
416
402
385
382
410
380
387
388
389
390
391
404
399
376
389
403
396
370
385
389
381
369
442
588
692
673
640
656
679
664
648
659
659
642
604
592
580
581
584
580
589
603
573
549
507
503
518
525
496
469
451
450
453
465
467
460
452
455
458
445
459
486
488
486
479
490
484
481
499
515
526
525
516
521
529
522
525
528
544
527
524
517
528
538
531
523
525
542
536
527
523
524
531
534
524
526
523
522
541
531
526
532
531
530
518
533
533
511
517
545
530
511
526
550
515
491
550
573
405
125
