674
656
602
624
662
624
618
640
655
614
581
584
571
576
581
579
566
566
593
581
558
523
500
504
520
505
499
507
510
502
464
458
463
453
449
450
456
444
434
442
438
436
441
439
444
428
425
432
419
427
418
430
416
414
448
454
434
430
459
442
426
448
475
480
474
479
469
484
478
475
465
451
462
464
449
454
462
453
467
480
490
480
471
489
468
469
508
566
610
605
594
600
587
590
586
593
583
598
589
586
586
581
593
587
574
580
597
561
495
464
469
483
484
471
481
477
473
487
473
481
477
481
476
472
485
478
474
481
483
478
483
477
492
480
480
490
498
476
466
519
591
639
621
612
614
626
624
593
594
596
600
583
592
598
565
540
519
500
479
444
450
460
458
459
472
454
452
451
478
496
482
472
478
481
457
509
590
624
624
609
586
582
571
574
583
593
596
560
518
491
482
497
501
499
475
437
410
414
417
436
422
418
424
417
412
431
444
457
459
467
448
452
465
448
459
472
534
555
535
535
536
532
535
546
594
600
591
587
598
583
592
610
598
570
516
481
474
482
467
479
463
514
567
609
608
592
604
598
603
571
512
456
459
484
457
399
396
408
389
366
440
586
663
642
638
649
640
571
541
557
562
559
556
567
549
513
500
499
513
520
513
510
504
511
522
539
540
527
519
565
628
660
657
643
648
654
656
651
649
661
636
595
574
586
585
582
585
584
596
582
584
593
591
590
584
577
587
574
582
582
592
596
559
497
473
483
488
495
474
481
478
474
489
503
539
531
527
534
525
517
519
530
528
526
519
541
529
524
534
535
533
512
531
534
522
525
532
534
519
528
542
526
519
534
533
515
525
547
516
496
539
586
416
125
