578
548
513
538
550
525
547
603
629
609
598
612
608
589
555
537
532
539
563
586
590
594
573
586
563
565
586
586
587
551
516
491
467
443
411
416
438
439
426
419
438
468
489
475
475
489
478
489
488
524
562
544
532
548
550
511
496
501
515
495
504
510
486
492
536
611
634
635
625
614
625
627
578
499
441
435
449
451
452
443
440
478
540
593
585
574
569
589
581
562
580
608
620
626
625
635
635
627
617
588
563
581
576
571
565
564
569
581
591
596
590
586
585
594
580
564
553
568
560
561
564
569
540
527
517
517
514
517
520
503
527
590
612
608
591
618
629
613
604
620
613
590
559
517
517
525
539
501
442
420
419
431
432
445
453
431
428
446
412
418
462
567
620
607
588
601
611
607
577
509
467
476
483
471
465
479
488
481
478
496
497
474
524
597
643
622
620
635
633
636
627
629
617
631
648
602
545
515
545
538
533
536
547
513
484
448
479
466
475
465
465
473
467
464
459
438
430
410
433
435
431
432
440
454
457
475
477
462
456
458
452
452
429
429
427
431
424
437
422
404
467
569
623
603
604
623
586
495
477
487
476
425
381
380
399
393
386
404
438
462
438
436
484
577
642
637
625
628
630
638
639
603
541
489
525
534
509
479
491
496
484
478
493
492
503
527
543
538
532
538
543
531
521
519
522
533
531
528
523
540
541
519
519
521
528
528
525
532
513
522
522
520
528
517
522
529
522
529
529
516
531
544
532
516
529
530
521
522
551
522
506
555
575
414
117
