685
665
607
631
642
623
621
646
641
615
632
656
636
623
619
635
640
637
639
623
630
645
618
554
516
536
548
531
520
530
540
532
540
541
537
541
526
544
520
530
528
522
541
535
534
524
531
531
554
542
537
535
543
537
513
493
487
480
485
490
489
478
432
412
414
444
431
420
429
453
463
461
464
451
457
486
542
571
572
563
567
557
560
576
567
570
553
565
564
570
554
560
571
575
562
555
570
594
623
606
605
596
607
622
582
525
494
501
510
509
498
499
508
493
485
466
466
503
561
597
593
577
586
596
584
583
593
598
589
595
577
590
590
584
579
597
578
576
559
559
562
562
571
568
560
566
562
579
561
541
548
548
560
571
605
619
616
603
613
624
585
522
482
487
497
495
498
499
485
496
495
490
494
486
498
505
494
475
523
556
594
587
581
584
558
508
470
468
478
478
487
484
490
500
523
517
520
521
519
520
513
546
580
605
608
587
593
607
613
571
510
479
478
495
495
482
483
494
485
465
487
477
458
460
476
458
456
464
483
523
544
539
528
538
554
532
516
527
559
630
657
660
644
647
660
665
628
579
541
563
590
596
608
603
599
595
603
575
515
480
491
496
478
501
569
608
602
599
600
599
600
598
588
539
499
513
522
516
509
515
521
521
521
502
470
438
443
454
455
437
413
409
410
406
394
414
426
450
435
434
440
446
441
451
453
439
398
396
385
391
402
380
388
388
391
390
379
384
389
381
376
444
593
663
664
645
645
674
656
650
661
658
659
650
663
665
658
641
667
651
638
603
584
593
587
587
579
593
603
592
592
590
585
601
601
598
585
597
588
588
597
585
601
596
596
598
584
604
585
593
564
505
449
460
482
460
425
399
424
418
402
395
457
566
619
615
595
602
605
603
589
600
597
586
587
605
593
594
595
591
578
545
522
537
536
525
516
533
530
527
530
521
514
529
533
523
512
532
532
519
510
539
524
504
531
528
521
527
542
528
506
540
540
522
490
546
576
410
126
