697
662
601
633
652
635
626
649
651
609
554
533
544
528
531
542
546
515
499
480
491
486
498
483
487
493
483
478
486
475
494
482
489
472
435
427
422
442
435
435
422
443
455
473
458
467
471
453
456
483
547
566
574
555
558
570
556
556
562
572
572
595
614
611
608
607
608
604
608
585
540
503
500
510
486
491
504
506
502
487
502
504
475
467
517
566
594
596
595
589
598
596
589
562
571
567
563
565
556
575
575
570
568
561
549
548
557
550
554
554
575
601
615
614
637
590
514
474
477
491
500
489
483
493
478
486
489
489
482
502
485
494
553
594
586
556
578
593
584
577
596
595
563
506
478
469
494
477
485
473
504
510
521
507
521
528
507
510
528
563
607
608
600
587
599
601
566
499
474
477
491
483
475
462
469
468
475
458
464
476
520
543
528
527
539
531
531
565
639
656
650
647
653
651
650
654
612
577
534
540
560
556
544
554
556
555
568
613
608
585
589
604
618
564
512
480
473
479
503
564
604
609
592
585
609
601
581
529
520
509
513
529
515
509
507
520
490
455
445
439
445
444
436
442
440
421
390
403
405
404
393
406
414
434
443
443
436
443
440
444
435
444
449
445
450
442
441
437
436
439
390
384
392
395
397
384
394
389
390
373
384
399
374
359
451
598
675
657
631
647
668
652
649
658
653
637
643
659
658
649
651
656
649
637
633
658
646
639
642
641
655
658
650
653
641
648
660
652
651
647
646
653
646
655
637
599
578
596
600
583
587
601
568
504
462
457
477
477
480
461
416
410
421
428
416
400
407
430
410
391
453
563
618
605
593
602
603
584
579
597
596
581
599
587
578
547
533
531
534
516
508
528
535
527
539
520
522
517
519
529
531
532
529
547
532
523
527
521
523
529
536
546
527
531
531
530
518
529
536
511
523
541
524
502
553
562
412
134
