665
620
557
590
631
607
560
545
517
500
526
535
526
498
551
594
608
603
602
587
571
585
599
587
582
610
574
526
499
513
508
504
502
518
509
506
513
510
460
433
443
450
453
458
474
458
458
467
475
468
461
472
471
463
459
469
464
453
463
477
457
448
440
442
427
440
453
431
405
410
415
399
400
431
464
465
512
609
653
641
621
644
649
641
637
648
649
626
644
653
615
549
525
540
528
479
463
463
478
476
456
471
473
464
456
474
478
473
478
490
480
468
489
541
565
563
556
564
557
561
562
594
618
609
594
598
608
600
610
603
612
611
614
593
593
605
618
608
623
616
597
615
611
579
515
479
494
515
512
464
385
335
355
368
364
354
361
360
366
370
407
408
389
397
422
395
366
466
609
699
682
646
676
663
612
564
588
595
565
552
574
566
568
563
583
574
542
545
539
546
549
539
542
535
538
554
544
537
544
559
541
535
561
609
623
618
609
619
606
601
604
607
613
607
618
616
601
609
610
628
609
610
626
612
545
524
522
535
524
542
565
558
548
553
557
560
529
521
521
516
517
519
505
509
535
558
569
570
564
569
571
561
578
591
581
584
593
585
579
586
611
565
468
444
443
452
454
449
482
485
498
489
480
483
492
490
481
486
510
543
573
581
551
552
585
569
558
538
537
542
533
521
555
601
634
633
612
618
630
624
623
623
597
600
602
604
593
604
607
588
535
502
487
486
483
480
490
478
475
483
470
450
467
478
467
451
471
477
462
462
468
465
458
451
445
442
431
441
436
436
431
450
428
411
401
425
397
385
437
514
535
537
519
523
530
519
518
524
522
528
536
526
525
528
527
526
530
522
533
532
545
541
516
539
543
532
519
536
535
512
528
545
527
500
550
572
413
127
