589
570
524
557
572
564
551
566
564
548
570
621
637
610
612
626
636
620
596
549
509
492
509
532
574
614
614
603
604
615
609
590
591
603
604
566
499
464
466
476
487
475
481
495
457
392
367
367
400
372
353
410
518
561
556
544
549
569
553
548
552
569
575
581
560
575
571
569
569
586
596
601
595
587
605
612
560
518
459
452
467
478
459
460
512
581
632
635
622
629
636
620
629
628
621
619
618
641
609
552
536
547
552
550
543
556
538
554
546
545
539
523
498
521
506
509
492
486
490
490
486
498
500
498
491
487
494
494
476
467
461
466
463
474
465
465
462
461
433
417
427
449
452
443
446
448
447
446
446
451
454
457
451
445
452
476
507
499
503
517
499
496
493
498
517
514
514
508
513
508
498
505
499
499
505
498
508
499
502
485
498
506
495
497
506
492
499
502
495
499
495
499
495
496
500
491
497
497
498
496
486
487
495
488
507
503
505
502
491
495
491
492
471
463
462
472
472
463
459
471
471
460
457
468
482
472
461
486
485
474
478
476
464
445
446
440
449
445
451
454
456
443
428
413
406
424
430
400
405
464
563
627
629
626
587
527
482
472
498
495
476
483
505
563
602
603
594
587
595
591
583
603
607
558
458
409
430
447
436
420
441
443
413
379
366
378
379
376
381
357
365
389
391
372
346
432
538
589
597
568
575
615
620
634
641
650
631
638
639
653
645
647
642
646
616
596
572
569
575
578
576
572
555
520
487
488
511
515
534
532
538
526
526
533
538
516
511
544
528
526
525
539
538
516
526
536
532
525
524
529
516
530
547
526
497
551
578
412
114
