672
617
580
607
621
600
588
618
596
540
526
528
534
526
529
537
529
523
540
521
495
487
480
483
490
493
504
485
484
489
502
488
470
455
481
468
450
424
398
397
416
399
408
414
405
393
383
385
401
397
392
380
410
465
495
490
482
487
486
485
494
565
587
570
572
588
580
574
575
621
605
602
611
625
602
535
499
507
503
504
503
504
517
505
510
510
512
507
507
504
501
504
486
459
456
461
475
455
466
480
459
464
467
475
467
476
469
463
460
468
491
501
501
491
504
491
502
498
498
502
504
496
494
488
497
489
452
458
450
449
444
442
460
452
453
455
449
453
457
472
487
476
491
492
480
476
518
603
663
648
644
641
651
632
637
639
624
558
524
524
543
536
483
490
502
476
500
505
476
421
404
413
418
420
423
409
409
412
408
385
367
452
583
672
654
626
638
668
646
642
658
643
635
650
654
642
587
584
589
585
582
606
610
554
510
481
489
499
507
481
479
494
498
480
408
388
390
409
431
421
429
432
476
573
642
624
587
552
528
519
524
527
525
510
522
554
551
568
576
576
549
526
532
528
530
529
537
528
510
559
654
696
695
678
682
689
695
668
616
588
607
623
590
536
507
517
521
524
515
462
437
432
450
444
450
462
451
438
449
474
478
484
483
485
483
454
516
583
629
617
606
626
616
617
613
626
635
588
542
515
518
512
511
514
497
536
591
627
633
633
603
534
488
485
497
493
483
480
471
456
441
446
440
450
461
449
453
447
451
450
478
502
521
537
521
523
532
540
526
522
534
527
522
542
520
528
524
536
528
526
532
515
527
532
530
521
521
538
536
526
527
528
531
524
524
540
530
514
538
526
514
528
541
540
515
529
553
515
496
539
574
407
116
