531
495
475
483
485
473
503
571
608
602
584
590
614
608
577
507
459
456
486
488
470
478
479
491
482
468
480
475
474
474
489
491
462
413
444
550
615
605
575
590
592
512
493
506
514
513
518
537
499
439
412
420
425
428
412
420
426
421
402
379
348
345
384
454
484
479
465
474
484
475
477
515
562
606
592
587
577
590
602
599
570
499
483
473
481
507
560
607
598
577
585
597
586
582
580
601
568
545
539
566
561
544
561
550
552
539
555
564
588
620
638
603
601
634
627
571
476
443
437
438
437
441
439
443
446
447
429
442
444
428
424
440
430
412
413
477
569
620
615
614
582
533
493
484
518
515
485
491
490
487
482
496
482
478
479
511
568
587
575
576
581
592
569
566
576
587
559
516
506
505
514
502
513
491
451
426
425
443
436
434
419
390
349
369
368
359
357
371
363
342
370
384
390
367
388
395
382
373
428
541
609
581
563
594
582
571
578
593
581
556
574
592
564
524
503
510
517
516
537
594
615
613
594
606
602
612
601
583
592
577
587
580
583
587
600
580
568
585
584
586
576
585
592
569
511
471
488
486
488
479
500
481
481
484
504
497
483
493
502
500
479
505
571
587
588
583
573
581
581
578
581
613
632
624
628
632
630
579
511
467
467
496
482
460
472
507
564
602
607
590
602
597
611
591
594
609
596
586
598
594
596
574
606
596
586
540
546
548
549
536
562
532
549
548
556
559
560
555
565
557
555
558
566
561
536
494
468
473
479
476
469
490
521
529
517
528
516
529
515
530
526
541
526
528
527
531
528
536
523
532
526
531
513
514
532
528
521
523
534
535
539
537
530
532
528
539
527
502
558
567
420
129
