493
469
410
452
467
434
404
413
418
414
414
419
419
428
472
493
501
470
489
481
481
497
534
545
541
551
561
537
533
551
565
513
447
416
428
438
411
406
457
533
594
584
568
553
585
628
640
663
643
633
635
647
640
628
640
625
586
571
580
592
582
592
597
577
502
465
489
496
484
474
488
489
469
413
381
384
387
392
393
384
413
461
482
474
479
485
468
475
507
570
595
602
577
592
587
595
594
588
589
583
591
584
569
550
565
560
572
546
560
557
559
556
568
599
620
624
619
608
620
625
579
527
488
493
484
457
461
470
468
455
453
454
461
463
458
467
458
456
468
466
454
439
439
438
438
438
439
439
440
442
438
453
453
451
452
442
438
451
451
427
395
379
373
386
415
448
466
478
496
516
514
511
513
501
505
516
569
589
584
585
582
572
572
581
573
572
593
563
475
439
483
585
618
594
588
610
616
604
584
608
607
567
513
467
467
490
463
440
507
619
685
658
647
668
676
638
601
590
573
528
495
464
459
453
458
473
461
457
461
464
462
469
459
464
460
468
473
470
480
468
472
490
473
486
477
475
479
465
425
402
415
413
415
414
416
416
403
402
408
385
401
400
384
368
441
596
664
665
643
657
671
640
641
663
664
645
651
653
650
643
660
636
599
584
593
581
531
508
509
518
524
490
471
453
443
455
464
460
458
486
496
483
486
497
525
535
546
527
518
522
544
538
522
524
535
542
526
529
523
527
515
538
537
512
534
523
532
527
524
534
525
531
531
514
520
521
540
536
525
531
519
516
526
551
541
508
532
543
528
503
545
571
411
134
