487
475
420
458
478
449
439
456
451
417
415
422
433
402
421
402
382
434
547
620
608
581
599
623
580
536
545
536
537
528
539
527
529
545
597
607
604
603
602
605
606
578
549
531
534
536
526
520
527
529
495
472
474
496
489
478
485
484
481
465
456
463
450
454
460
440
431
441
449
435
413
474
552
630
623
591
606
617
619
562
518
494
468
458
523
633
719
703
654
672
710
667
599
587
599
574
489
437
466
467
468
464
464
478
461
459
438
430
411
443
454
416
413
465
564
604
592
580
598
610
591
598
593
585
587
587
596
597
581
592
594
590
603
583
549
511
520
530
521
520
534
568
575
575
584
574
569
567
586
601
621
608
623
604
608
615
629
598
521
482
499
521
484
478
527
644
692
709
679
677
684
693
655
601
566
556
574
573
574
555
520
478
476
505
504
487
495
492
493
490
488
496
502
493
485
498
479
485
519
547
567
564
561
563
557
554
564
559
579
562
564
568
571
575
572
561
575
587
580
595
591
562
511
486
475
488
534
632
699
699
667
665
702
702
658
591
557
548
557
570
551
527
493
481
460
478
497
465
455
525
619
680
674
674
689
685
683
681
680
665
673
686
694
661
612
594
605
606
605
596
595
598
603
557
486
449
458
465
463
439
470
459
390
343
378
387
349
359
427
505
558
545
545
573
587
577
578
579
587
572
575
586
607
590
588
596
593
607
596
579
541
514
528
529
519
523
534
535
511
526
533
516
469
447
455
462
456
442
463
474
495
541
536
522
519
539
519
522
537
541
529
523
530
544
526
527
521
523
517
527
533
528
523
533
536
523
523
530
526
523
534
539
525
524
530
544
514
533
549
520
496
554
565
404
131
