611
582
538
555
585
568
564
585
580
559
578
582
568
566
595
600
597
594
602
600
600
594
587
568
563
577
566
501
485
490
504
476
451
453
454
449
447
460
460
453
441
465
477
484
481
469
473
473
483
476
468
468
473
452
461
464
455
425
404
419
414
409
418
417
416
400
381
356
344
343
362
351
348
337
375
427
461
461
459
441
440
488
573
635
628
607
612
623
630
604
597
603
594
567
528
511
506
523
513
485
451
448
447
452
449
448
457
468
456
463
459
453
453
457
454
461
465
465
444
436
430
423
449
431
436
424
445
439
430
429
432
421
415
424
422
393
399
400
390
391
450
555
627
619
586
618
617
577
520
502
499
505
502
502
497
511
540
539
538
543
531
540
538
544
529
526
548
578
595
596
593
598
604
598
580
523
481
491
494
484
498
577
611
576
518
475
455
440
440
434
445
438
472
484
475
482
468
450
459
465
454
457
459
441
412
390
395
415
410
413
406
406
390
405
403
406
400
426
460
471
469
477
483
457
465
502
556
578
586
586
580
579
586
614
619
616
618
629
607
562
516
525
549
538
500
465
462
463
443
403
450
552
638
625
589
608
632
624
577
535
491
504
507
524
511
498
502
524
555
572
572
560
569
579
573
572
568
563
567
574
565
559
541
511
524
542
537
516
531
538
540
517
537
541
525
526
527
539
534
527
528
532
524
531
537
534
535
532
535
523
527
542
525
516
530
551
523
498
541
574
413
121
