614
591
532
556
584
570
556
570
590
552
561
583
576
576
596
610
594
583
613
609
586
578
588
581
575
579
589
555
516
480
486
478
494
487
467
454
449
442
451
466
474
471
480
473
480
464
469
475
456
422
391
412
425
406
400
425
419
402
366
345
327
345
364
350
336
351
394
430
443
493
575
630
621
612
611
599
599
583
591
604
605
592
592
590
593
583
596
602
601
571
537
500
505
510
515
497
459
450
445
448
441
450
451
441
447
450
443
444
458
456
447
464
459
455
436
435
443
438
429
428
424
423
426
422
433
423
424
427
427
415
411
401
381
401
421
386
390
446
551
628
621
593
605
618
612
584
519
492
501
504
501
505
503
508
512
500
500
511
501
501
496
507
516
501
498
509
499
510
497
500
505
503
515
496
516
518
547
545
552
556
541
542
549
579
583
609
603
587
598
587
596
586
587
591
605
596
585
586
608
591
589
594
575
504
460
517
584
602
589
594
615
609
581
598
617
579
513
485
482
451
439
432
443
438
428
446
469
496
474
477
473
467
451
461
462
458
448
449
456
452
413
405
398
416
409
412
408
413
407
406
410
393
403
409
398
395
428
468
474
469
476
472
461
467
488
559
592
578
582
577
582
571
590
605
623
631
625
626
636
623
595
552
539
524
518
534
525
520
478
453
450
466
466
467
457
449
466
466
440
471
472
439
419
418
417
406
397
455
555
630
613
606
590
547
500
503
521
513
490
507
558
574
575
568
567
558
564
558
529
522
527
521
533
537
531
530
526
526
526
533
534
526
530
534
528
527
519
525
520
513
539
528
522
526
526
533
511
524
550
537
514
516
543
524
498
542
582
418
128
