693
653
606
626
656
634
606
589
578
566
577
592
581
557
593
597
556
527
496
499
513
507
505
464
452
460
466
440
458
455
459
448
442
450
445
444
450
460
443
427
423
430
426
423
414
424
423
433
431
413
420
428
437
423
424
425
437
437
441
434
436
432
443
443
437
439
445
462
477
479
472
464
484
475
469
473
483
477
458
454
449
460
454
453
455
469
469
467
513
568
605
601
584
590
613
599
578
600
596
594
581
607
591
572
579
602
564
497
469
475
487
461
472
473
475
479
482
482
475
485
480
485
466
482
500
477
471
517
595
633
626
603
625
623
620
615
615
600
591
585
588
607
583
542
525
510
513
522
504
511
494
478
461
453
453
457
452
451
462
479
483
481
489
492
478
476
508
583
630
608
598
609
625
613
612
610
625
618
593
572
571
579
582
586
579
586
591
596
576
586
587
588
584
591
575
508
473
490
512
465
431
408
420
420
419
422
441
457
454
448
459
467
461
445
472
521
547
541
539
539
538
541
555
592
609
594
593
603
590
583
600
574
516
480
493
494
482
469
525
577
613
607
592
584
601
602
565
479
441
458
483
466
479
482
466
454
465
470
476
451
424
407
380
405
411
396
383
439
580
660
654
633
632
655
636
639
618
569
544
554
567
558
556
564
570
563
549
555
556
543
528
508
507
498
512
498
504
503
512
520
539
527
527
521
523
535
524
521
566
625
653
659
640
640
655
655
629
587
585
595
591
580
595
579
580
583
588
592
593
582
590
589
588
598
591
595
587
581
586
585
570
578
589
579
582
590
593
555
516
473
478
498
516
526
522
537
537
523
532
528
530
533
528
531
517
526
532
534
529
532
533
529
528
518
530
533
530
523
522
517
513
533
525
525
533
521
522
521
529
533
520
525
530
530
537
529
534
521
530
520
528
513
539
531
523
527
541
521
503
555
575
414
124
