559
526
483
523
528
508
501
513
521
509
517
530
516
502
518
526
511
517
521
513
508
517
519
511
523
524
514
502
538
614
611
530
495
500
502
510
486
506
506
496
523
499
497
533
592
643
638
615
625
628
628
620
637
637
628
621
617
630
623
639
637
593
541
498
492
511
524
505
491
528
588
617
604
590
605
615
614
599
620
613
566
496
480
483
480
468
442
439
447
450
452
426
469
561
632
621
589
615
637
581
497
457
475
470
457
454
473
459
449
467
469
461
438
496
568
610
606
596
601
601
594
585
601
597
589
595
619
582
542
516
527
536
515
530
544
557
564
572
574
566
565
561
576
587
608
597
614
623
608
588
554
531
529
547
536
529
534
545
582
588
590
578
580
576
591
554
531
509
507
510
505
498
519
497
500
533
605
628
626
601
612
629
630
620
621
620
621
606
612
605
592
578
604
610
568
516
474
482
490
502
486
490
482
489
520
532
529
526
519
524
526
544
560
579
584
577
538
476
441
431
470
459
424
433
487
571
613
609
601
611
619
613
604
612
606
620
625
624
607
621
631
610
561
534
528
547
536
521
521
513
509
514
524
537
526
519
531
531
518
520
528
517
515
513
511
491
488
489
504
471
453
454
445
442
472
502
510
511
525
511
532
505
542
587
626
629
606
625
627
612
612
620
618
622
604
621
643
585
517
473
475
479
471
485
488
481
486
484
486
470
506
597
638
638
621
622
642
631
619
637
648
598
537
483
490
507
494
489
509
519
521
526
531
533
513
516
537
562
585
587
557
579
570
585
547
486
433
449
462
454
428
444
453
437
428
483
570
626
614
602
617
617
617
603
603
616
611
608
618
610
580
549
519
530
535
531
528
526
528
531
522
539
539
521
528
542
521
524
525
540
536
525
535
527
513
516
536
522
523
534
525
512
528
548
522
505
554
572
410
129
