678
652
585
620
653
607
566
580
592
578
579
590
592
582
584
580
582
571
578
583
578
584
576
572
582
579
595
577
580
586
578
524
496
504
511
511
499
475
450
447
464
457
459
460
467
456
451
438
456
446
443
444
458
444
436
425
423
410
429
433
419
418
435
439
438
451
450
450
425
444
445
444
440
439
440
431
451
464
485
479
456
446
465
464
454
455
454
458
479
480
490
471
478
498
471
471
496
568
621
608
596
604
600
588
592
591
605
585
599
595
580
575
584
597
566
501
461
485
478
491
473
473
485
490
478
485
489
486
474
475
509
600
634
616
609
609
623
622
612
607
622
613
625
630
617
608
592
598
594
587
593
600
604
596
601
583
594
598
586
552
508
516
525
517
514
536
499
467
443
443
460
445
450
457
462
479
489
489
473
469
512
579
624
620
596
616
623
601
599
616
620
614
609
617
621
616
620
621
616
611
622
604
573
572
598
593
581
590
587
566
509
486
489
498
487
493
499
490
424
427
420
420
421
424
444
462
465
451
454
457
455
450
456
480
522
552
536
544
570
605
604
601
596
605
609
564
509
483
468
492
530
567
611
620
598
597
605
620
563
502
473
465
481
461
417
386
393
420
386
383
460
589
652
653
635
634
645
646
606
574
555
555
560
565
547
564
534
529
499
506
516
508
498
504
513
500
522
523
531
524
545
541
531
511
556
626
665
663
642
642
646
655
665
646
604
589
584
588
587
584
576
584
588
581
582
593
586
579
591
595
586
584
581
574
568
583
581
578
576
600
592
563
512
468
473
488
472
483
476
495
480
475
478
491
485
482
471
474
479
475
479
482
498
513
539
524
501
524
539
535
521
532
538
520
527
536
524
523
527
522
537
542
529
541
514
519
522
530
526
525
526
519
507
539
536
520
532
541
545
511
531
551
526
494
546
589
416
117
