626
595
542
569
597
565
557
592
612
597
583
603
597
577
597
614
600
566
509
491
482
483
495
487
487
482
484
453
449
461
463
456
465
474
467
451
488
559
568
571
561
563
570
571
570
615
632
641
618
612
636
638
621
560
529
538
545
530
515
532
539
524
478
452
457
455
446
462
487
506
484
486
507
485
493
512
582
628
614
611
606
623
607
604
573
566
551
559
563
547
548
561
550
558
558
553
552
560
598
611
591
607
608
568
506
470
477
493
494
468
433
418
417
425
428
420
430
425
421
419
443
472
486
488
485
470
479
471
504
548
566
565
562
573
562
568
538
506
472
474
482
496
484
472
478
466
465
483
479
468
461
480
543
559
546
550
548
548
547
556
545
559
576
602
609
589
609
619
575
506
484
488
479
488
518
558
610
592
574
573
597
605
546
474
433
440
450
437
427
433
437
434
441
477
494
476
493
488
493
477
480
491
550
577
575
563
570
574
580
575
577
580
560
559
550
557
553
550
569
549
534
558
586
597
581
583
589
569
511
466
492
485
495
485
486
489
482
481
483
472
478
470
456
486
532
559
553
544
558
562
552
546
554
564
544
548
563
557
542
564
593
596
587
597
604
593
588
596
603
584
588
602
588
583
585
595
594
594
600
611
594
602
604
576
511
477
507
557
592
597
552
474
422
413
440
432
442
491
492
499
480
480
494
478
466
512
552
573
574
574
575
566
577
581
575
590
586
590
545
483
452
450
461
465
450
461
461
464
464
466
483
462
444
493
550
590
590
573
577
580
577
586
582
579
579
585
577
583
573
590
577
533
521
519
530
527
512
534
548
523
521
536
534
523
532
528
525
523
519
521
521
520
532
527
519
528
531
538
531
532
534
520
517
536
532
517
529
549
520
494
557
570
406
129
