651
642
576
589
643
614
543
489
459
441
459
471
443
433
446
468
449
422
409
409
405
390
421
438
399
376
458
600
683
665
654
652
671
670
660
644
589
545
554
569
562
542
559
574
558
543
551
556
542
533
557
582
604
596
597
603
599
596
610
603
558
492
454
462
486
468
453
444
433
423
436
444
422
408
468
570
632
626
600
616
620
620
580
509
478
463
481
484
482
470
487
491
457
416
394
406
397
405
388
403
408
401
418
489
524
510
499
537
593
607
590
609
622
582
518
499
507
515
501
509
511
491
482
449
460
452
442
458
453
452
454
450
454
455
454
457
450
450
450
464
448
457
461
455
445
454
448
448
446
455
449
455
453
458
454
439
453
440
435
430
440
437
430
434
442
423
404
387
405
401
412
396
393
432
462
485
465
453
486
520
543
549
537
535
533
524
519
526
518
519
532
580
604
605
599
589
585
583
591
597
599
588
599
602
591
569
570
560
563
558
549
553
559
560
555
521
493
499
518
514
507
507
530
499
486
547
604
584
514
462
443
482
497
464
466
503
569
605
611
594
591
605
608
603
612
611
595
596
592
602
593
595
591
600
609
576
540
526
523
524
531
521
516
536
530
540
548
559
550
555
545
565
562
543
564
565
550
545
580
613
587
494
461
474
494
477
466
470
476
459
487
569
616
609
592
604
603
587
593
608
599
590
606
607
587
565
533
501
481
515
510
491
495
502
507
512
520
525
503
519
549
624
681
665
649
651
662
664
640
588
592
596
610
601
573
564
552
554
556
540
547
537
553
559
560
550
544
549
556
538
498
476
486
491
490
485
475
486
480
488
490
487
477
482
486
490
503
523
527
527
525
523
527
523
525
529
521
538
543
528
522
527
526
539
533
531
530
531
528
542
534
519
513
531
537
518
524
533
535
487
546
583
409
135
