681
653
595
635
649
619
609
639
626
580
578
596
577
575
572
597
591
572
579
592
554
520
510
511
497
509
522
507
501
465
455
454
452
455
460
456
450
463
445
425
436
438
443
441
444
447
445
419
427
423
418
419
425
428
429
419
432
433
452
446
448
464
485
481
462
459
458
462
449
461
458
467
458
470
476
475
466
471
490
480
488
482
475
469
506
568
598
607
603
605
604
598
594
591
603
586
587
598
587
594
595
599
577
579
585
543
495
464
479
481
475
486
470
482
476
481
483
487
490
486
490
469
514
585
638
622
610
611
625
618
614
607
601
596
595
592
593
600
597
586
535
510
515
521
524
503
476
452
449
461
463
479
478
488
487
478
487
482
483
466
514
582
619
624
601
613
608
614
621
595
570
591
585
576
570
582
603
559
504
485
488
503
482
499
501
505
495
491
499
500
489
491
496
490
491
496
482
489
493
488
493
493
488
489
483
499
498
488
498
500
480
500
491
490
482
495
500
473
434
410
419
416
430
420
418
423
448
462
451
459
452
464
444
454
476
521
544
539
537
534
537
540
530
522
546
598
606
585
587
590
591
592
597
605
594
565
518
469
464
515
567
609
605
608
596
601
593
611
566
493
485
471
448
421
401
380
386
454
574
665
654
612
626
664
644
612
576
546
549
562
563
548
506
506
520
519
497
513
529
529
526
520
531
530
514
525
563
623
655
652
644
645
653
652
634
589
582
577
580
589
584
578
586
594
574
586
589
588
583
573
581
573
590
581
598
588
583
583
586
590
595
593
588
580
574
576
574
581
573
575
586
601
557
510
473
462
493
492
467
472
496
514
528
528
539
523
525
533
521
525
528
536
529
523
533
531
517
518
535
533
511
524
553
518
498
558
569
419
127
