488
451
386
423
436
414
406
428
416
378
401
419
404
376
444
558
600
608
603
598
555
534
524
543
529
534
534
528
545
587
611
598
601
608
614
595
544
521
521
524
531
494
472
482
482
445
441
462
481
444
454
464
450
424
435
449
433
418
479
571
620
595
602
602
583
523
471
475
492
493
476
478
542
635
697
694
672
684
686
688
690
673
617
585
589
596
582
593
606
571
500
447
474
459
438
426
427
446
433
420
413
466
558
607
601
579
594
602
603
588
606
591
593
586
589
591
586
592
612
586
582
601
598
577
534
510
527
515
518
521
519
511
525
534
567
575
582
569
568
575
590
588
614
620
612
610
622
619
592
538
488
488
503
514
489
491
546
645
691
678
685
690
701
682
687
687
678
595
563
578
582
542
500
488
486
496
484
483
491
517
543
577
563
563
559
568
574
556
556
562
560
569
572
575
569
565
561
572
564
584
579
586
584
588
590
567
522
487
476
493
506
491
471
551
641
709
676
662
691
694
644
585
542
546
546
553
548
549
549
558
546
551
569
551
494
477
483
476
456
507
623
683
682
671
684
661
609
593
595
591
582
594
600
554
490
448
456
474
461
424
393
365
361
372
358
376
363
362
414
499
565
562
536
542
554
547
560
575
584
568
577
568
575
569
571
580
572
589
592
599
597
593
587
597
572
546
526
527
540
514
467
444
463
465
460
472
459
465
465
465
463
443
470
510
534
537
524
535
531
532
528
533
516
528
540
531
528
527
527
526
528
524
528
530
519
535
537
530
533
531
516
518
525
540
530
526
536
525
520
537
539
521
517
538
505
487
550
565
423
140
