615
581
539
559
590
574
601
637
637
608
609
636
641
594
537
511
507
522
526
516
515
520
516
518
523
496
428
386
394
411
399
390
400
407
404
398
411
405
396
398
403
416
419
406
407
420
423
413
397
464
617
710
688
646
626
609
593
592
608
596
574
594
586
574
584
590
582
581
591
593
552
511
484
483
483
474
480
488
481
480
474
493
487
481
476
486
490
476
479
492
495
478
480
485
478
489
487
478
486
490
491
459
412
396
399
392
379
418
473
493
484
470
499
495
480
474
502
548
566
578
558
551
557
520
533
531
544
530
524
542
576
595
606
587
591
593
591
589
581
568
576
568
566
585
622
652
661
649
660
657
643
656
641
640
644
654
628
560
528
530
544
541
523
533
530
521
530
545
538
522
549
551
522
482
452
460
467
459
465
479
493
515
517
512
506
499
523
515
512
514
512
513
498
541
577
605
618
550
504
488
482
490
473
490
504
495
501
509
499
497
506
551
551
525
499
518
518
503
527
604
649
642
617
628
642
602
621
647
648
601
559
543
553
546
536
550
543
542
530
502
478
460
444
427
453
437
431
435
445
439
431
434
450
437
438
449
457
433
428
514
631
718
708
682
683
693
699
657
608
587
594
599
598
602
595
565
519
493
506
519
513
495
506
507
503
515
511
493
460
447
460
460
463
452
456
448
454
429
425
425
431
413
427
404
427
407
367
356
344
348
347
352
356
350
349
377
400
424
433
414
405
469
578
643
638
615
644
633
626
622
632
602
529
488
506
519
508
499
510
516
512
512
509
500
518
516
507
483
451
468
470
474
466
495
476
493
486
484
486
475
484
528
528
524
523
533
531
535
530
534
531
534
532
525
523
523
532
524
522
526
527
533
528
533
527
527
522
523
532
520
528
533
538
513
527
534
524
519
531
539
516
521
551
530
491
549
566
413
126
