627
602
543
569
594
595
587
609
622
571
509
484
491
487
479
483
490
473
470
459
457
461
463
475
455
452
496
541
578
572
553
564
569
576
565
569
569
571
573
581
563
570
566
562
560
561
572
563
575
569
568
554
583
567
570
590
613
642
636
633
642
634
622
640
647
618
552
526
536
530
533
552
510
469
442
448
465
460
452
466
466
482
492
491
487
486
515
497
483
515
590
616
618
609
626
605
578
545
569
559
553
556
553
550
545
548
551
577
598
598
569
509
491
485
494
503
477
495
521
470
441
416
430
421
419
435
485
490
479
498
479
479
491
544
568
568
556
564
572
564
560
565
570
579
562
556
502
470
478
474
476
476
475
472
477
470
477
472
464
457
467
472
470
470
483
469
470
470
464
472
477
472
484
524
558
552
540
563
565
544
542
571
586
587
584
598
602
594
607
612
578
511
495
481
489
500
488
487
477
507
549
598
588
561
568
594
547
465
426
440
438
436
442
452
437
446
467
487
493
481
484
491
494
472
481
505
549
579
574
568
577
573
572
569
577
568
579
574
569
555
545
554
545
555
551
548
568
584
585
589
587
587
594
606
592
563
515
476
481
469
473
465
475
477
472
460
487
542
552
550
543
554
559
554
561
579
594
592
586
584
594
592
598
580
512
479
482
509
496
485
527
574
578
594
577
584
576
586
602
561
466
421
445
456
433
439
471
485
488
475
473
472
489
559
593
572
560
581
596
551
488
441
456
477
457
471
455
463
469
469
470
473
472
467
459
487
566
591
587
571
574
583
585
577
565
551
519
520
527
529
515
528
527
518
514
536
533
533
518
522
534
531
529
527
522
516
539
536
525
526
535
526
516
535
527
519
525
538
544
512
520
551
518
503
550
582
415
131
