519
491
450
473
486
449
490
579
628
612
607
615
614
592
619
574
469
397
421
447
430
428
444
434
431
419
434
436
424
431
435
434
429
430
439
434
433
442
439
419
434
431
434
436
424
423
459
507
533
525
519
525
529
527
538
550
554
568
621
652
648
634
625
613
583
573
595
596
556
483
466
466
479
472
466
471
470
461
430
394
397
417
416
408
400
443
527
570
574
569
551
580
573
573
561
572
561
559
561
535
544
535
540
535
531
538
546
533
548
551
547
536
542
558
555
560
559
570
562
558
553
566
564
567
566
580
583
586
571
583
577
584
598
576
559
548
545
542
535
553
568
568
572
567
555
519
491
500
489
485
520
570
608
605
594
599
603
589
580
555
551
541
545
549
542
536
546
544
570
574
572
573
554
538
513
498
505
514
505
508
523
533
534
536
550
552
532
520
564
624
675
681
657
647
670
662
624
550
504
519
533
520
526
537
520
511
531
578
610
598
599
597
600
604
598
594
589
595
606
591
602
601
596
601
585
594
601
589
565
584
586
587
597
575
540
511
512
519
521
506
526
529
593
628
620
609
603
626
607
619
633
630
592
544
518
530
533
533
511
530
526
532
517
561
612
648
650
636
628
648
660
596
524
492
485
487
465
467
470
461
491
585
661
662
595
525
477
476
497
521
550
581
582
573
565
580
560
527
513
513
526
518
508
535
578
594
606
596
593
597
604
586
572
558
567
565
558
545
534
527
535
542
528
529
561
642
678
669
662
656
670
665
677
649
595
573
557
552
528
515
524
534
525
519
528
533
524
515
530
525
517
535
538
508
533
544
534
526
524
523
521
516
537
534
524
525
537
531
521
533
543
511
519
556
526
497
544
586
406
126
