631
621
564
569
566
509
499
535
543
510
496
527
536
553
587
572
563
576
577
571
549
529
557
542
529
542
561
604
615
628
624
606
621
624
593
522
506
510
516
504
496
538
586
627
631
612
595
635
640
590
491
465
460
473
467
476
478
469
432
425
432
428
423
430
426
415
486
567
641
629
622
631
630
636
619
629
631
626
635
625
618
628
628
618
617
618
617
614
626
635
582
512
459
480
497
490
465
474
449
423
425
433
443
420
403
465
577
631
623
597
580
599
595
583
596
587
591
600
593
596
599
599
569
541
524
510
521
522
513
526
518
544
597
644
654
649
625
575
533
541
569
552
538
509
521
518
518
504
532
514
510
521
518
506
521
511
481
477
483
489
483
470
457
469
467
450
462
473
451
470
459
463
453
480
465
462
469
473
511
525
512
509
512
522
514
503
534
581
604
594
577
591
611
593
598
601
598
588
604
601
584
540
515
522
531
512
523
524
524
492
474
456
437
440
423
422
426
442
426
429
435
432
438
424
423
442
435
418
472
570
645
628
601
617
648
576
472
429
435
438
440
428
451
452
442
432
475
545
588
586
565
577
596
592
578
587
608
623
635
653
641
632
645
660
632
581
580
582
552
482
439
464
458
450
446
438
394
357
369
402
370
339
435
564
624
614
591
595
612
600
599
607
611
601
603
614
606
613
603
605
613
595
553
512
524
534
532
538
529
525
493
491
494
487
490
500
487
488
493
491
497
500
525
544
524
518
529
531
522
526
535
525
518
535
527
528
533
534
529
517
521
540
527
522
529
538
524
535
533
533
505
522
561
521
505
541
568
417
133
