683
653
608
632
650
625
616
625
597
564
578
587
568
557
588
569
513
484
504
507
500
496
509
503
500
503
509
501
492
476
464
451
459
459
450
449
456
449
443
446
445
441
436
425
418
421
426
426
428
428
424
409
413
419
443
433
448
439
435
441
453
477
473
472
464
476
468
448
447
464
462
450
460
457
450
456
476
460
453
474
475
480
474
484
469
464
507
587
615
602
598
599
602
593
592
599
585
596
589
588
575
572
591
578
574
597
563
503
459
476
487
476
481
479
469
476
489
479
471
509
587
641
624
607
621
621
611
600
582
593
594
606
590
524
502
504
523
517
508
474
450
453
455
445
450
459
463
459
451
482
491
485
477
489
478
466
509
582
630
612
612
629
613
578
573
575
584
570
590
572
506
488
495
495
496
495
482
440
415
416
422
423
426
415
418
427
449
462
463
449
457
461
453
454
460
463
446
453
464
459
452
459
465
434
449
481
526
544
540
533
536
545
534
544
543
544
537
538
544
549
544
533
540
541
542
537
520
526
529
544
538
529
564
589
598
605
593
604
595
592
619
613
567
522
478
480
482
487
488
483
484
506
575
617
606
588
610
618
596
590
617
626
558
492
456
458
467
475
449
417
394
395
411
408
385
399
414
387
373
455
600
652
644
628
632
643
645
646
630
579
534
554
565
557
542
553
573
560
555
558
561
546
520
495
511
520
520
532
534
534
526
513
552
620
658
655
646
655
643
601
577
578
582
579
580
597
593
577
590
583
580
589
593
583
564
581
590
562
497
481
468
483
477
467
466
478
474
469
481
484
516
546
527
526
528
535
528
530
523
532
515
523
523
543
538
514
526
540
518
528
531
525
524
521
530
521
516
536
543
512
525
528
535
507
531
534
532
490
553
554
408
128
