501
474
431
457
465
453
456
456
457
447
456
459
444
447
455
457
430
415
425
416
422
424
441
418
426
410
389
376
437
572
607
614
593
607
603
596
600
591
549
523
527
540
538
529
531
539
528
533
541
537
523
520
559
599
618
609
603
595
608
616
572
555
540
533
535
523
524
523
497
481
482
490
489
490
484
491
482
464
468
468
458
456
464
462
456
455
479
456
461
456
457
440
427
471
563
615
596
591
612
605
566
518
464
470
547
645
704
696
672
685
694
689
684
686
698
687
691
678
694
696
685
688
678
699
669
613
580
592
605
588
598
606
576
503
462
450
450
430
426
431
437
429
432
423
439
418
416
468
562
610
597
587
598
603
598
589
588
591
590
597
601
596
584
583
594
601
592
579
592
588
605
577
543
517
505
524
522
521
534
562
572
568
576
577
574
571
571
613
617
625
617
606
610
613
610
607
604
611
608
616
611
605
625
622
606
613
629
601
532
480
496
514
491
481
540
639
692
687
663
680
687
682
680
690
707
684
669
687
699
651
604
567
569
589
578
572
556
519
478
489
502
504
492
482
514
556
572
559
570
568
561
557
564
554
556
558
569
567
559
580
587
575
575
582
591
561
522
496
481
494
516
486
474
515
631
715
661
577
542
553
555
553
547
549
561
556
548
538
489
471
472
475
474
481
480
477
525
624
696
683
670
672
690
690
673
682
671
681
672
677
657
600
586
587
596
595
592
611
596
548
490
449
446
471
462
447
453
470
473
420
387
372
363
352
407
498
557
560
538
539
554
548
544
551
552
549
542
563
584
560
572
573
573
587
574
569
589
579
596
599
583
545
521
524
535
522
523
529
536
519
512
472
457
449
466
459
454
469
467
453
457
467
518
531
531
530
528
525
515
541
526
518
529
533
520
533
529
533
514
534
538
525
516
531
534
532
520
524
534
529
512
531
524
522
525
538
531
531
540
537
510
527
562
527
503
554
566
417
142
