500
474
426
461
477
449
447
454
440
427
427
433
432
435
427
429
430
422
429
409
429
432
418
411
401
412
398
402
415
399
385
443
551
623
610
590
604
618
604
592
576
555
510
537
538
536
532
533
548
530
529
540
537
529
541
550
530
552
595
619
614
590
610
601
598
610
598
552
532
536
542
539
518
529
535
534
528
513
538
521
536
552
532
524
507
478
478
482
497
486
484
498
488
484
479
487
479
460
457
456
456
455
454
468
463
449
457
447
435
454
460
434
423
477
580
623
606
593
601
616
608
599
601
595
589
614
609
608
612
609
617
614
599
598
612
619
590
509
464
480
490
469
492
484
493
480
491
507
491
474
533
649
718
693
675
692
702
676
688
695
697
690
673
688
693
667
616
576
605
582
585
597
613
570
500
452
464
470
461
473
481
468
436
428
421
439
439
418
417
468
545
609
604
586
599
613
585
585
598
595
592
582
596
601
569
543
517
519
530
520
526
501
528
569
590
567
575
576
577
565
587
609
609
604
612
613
612
627
636
592
526
493
504
506
505
497
475
483
545
643
690
688
666
680
693
676
640
605
560
570
580
571
571
569
575
585
565
576
564
516
490
489
499
494
493
499
500
506
563
570
568
561
582
579
575
567
571
568
589
591
600
571
577
591
579
510
466
545
645
715
688
670
684
713
655
581
550
559
570
555
541
556
551
530
496
476
461
490
478
465
450
516
619
706
692
659
674
690
680
664
618
588
597
601
594
590
581
594
596
590
561
497
442
451
480
475
457
458
482
445
381
360
373
388
355
373
388
373
361
413
496
571
550
543
545
557
536
551
584
588
573
577
585
577
572
567
586
590
590
595
602
597
600
606
587
577
554
536
532
540
526
517
531
535
535
536
538
511
519
516
526
513
529
526
524
524
528
518
479
456
453
475
517
518
529
539
533
519
537
538
512
527
530
524
520
515
535
525
529
520
539
525
519
540
526
529
528
544
533
510
519
530
528
520
535
533
518
524
551
517
518
535
539
513
524
553
528
497
538
584
398
118
