604
589
537
616
665
632
600
621
644
602
529
509
519
528
493
427
392
391
405
403
391
413
431
416
399
417
425
394
381
478
632
701
677
658
673
678
672
681
695
666
622
591
603
603
601
602
605
596
586
592
589
578
595
601
565
516
485
488
495
486
486
499
465
421
399
396
398
401
392
391
420
469
491
494
481
495
499
491
498
486
514
546
571
576
563
563
566
561
564
562
562
555
535
535
536
541
533
529
529
542
581
604
591
589
597
600
579
561
575
580
571
569
590
632
661
658
620
563
513
522
546
531
523
537
511
467
450
473
464
454
446
472
494
516
507
507
513
519
510
513
509
511
516
513
507
528
510
502
497
539
578
591
615
600
568
510
474
484
492
488
472
476
495
504
508
497
498
496
496
505
497
488
491
501
545
577
577
558
556
558
564
564
551
521
516
508
521
519
511
507
538
586
640
643
609
566
547
554
555
538
546
555
540
516
502
502
517
494
454
431
437
449
447
422
441
463
438
432
454
459
437
419
492
645
707
705
680
667
624
595
581
607
606
584
601
605
581
523
491
504
498
499
499
500
486
453
445
450
468
460
461
466
457
453
457
471
453
440
436
403
375
359
354
347
363
411
441
422
413
468
580
642
632
611
611
626
610
625
627
619
624
632
615
544
501
505
531
499
498
516
529
506
466
458
463
469
466
470
471
481
490
483
476
492
478
490
495
518
545
529
519
535
534
529
528
531
530
522
532
535
530
510
524
540
529
526
539
537
514
525
542
541
515
533
541
522
526
542
537
515
522
541
517
497
560
582
410
131
