553
525
486
496
527
513
486
468
449
442
432
458
441
450
438
404
391
398
394
382
433
538
614
597
591
597
608
597
583
597
608
603
626
650
628
610
622
646
596
543
525
539
522
532
563
630
668
680
659
656
668
668
646
574
561
563
560
563
579
598
608
613
609
607
615
608
614
602
546
525
532
537
518
530
542
532
513
560
621
640
558
510
529
542
533
515
531
528
541
515
501
463
474
509
499
489
485
489
495
480
491
496
500
488
498
500
493
509
551
572
563
553
563
560
565
559
564
560
547
530
555
558
595
607
595
590
616
618
566
500
479
479
484
495
482
495
508
505
519
511
510
520
518
512
484
515
505
517
516
521
519
519
518
518
522
513
511
520
523
520
516
522
511
512
513
528
521
511
515
538
588
610
621
588
589
619
612
566
504
458
467
476
474
472
464
468
442
436
419
437
453
422
418
470
549
605
598
584
593
590
594
574
552
539
530
539
537
544
528
540
559
576
570
554
571
559
546
567
600
547
466
437
455
449
430
484
579
625
614
591
606
612
598
594
636
617
614
639
624
608
619
636
590
499
465
479
491
466
479
481
483
468
469
463
432
447
465
443
428
512
635
703
698
686
681
631
593
590
625
618
586
606
610
585
527
514
520
513
515
522
517
500
523
523
495
465
438
452
458
444
454
456
448
442
443
446
448
456
448
455
456
456
445
449
453
458
450
444
454
472
488
473
466
471
481
478
474
464
447
445
449
454
447
445
455
425
405
396
393
400
404
395
393
384
404
441
469
450
455
446
463
454
441
490
565
588
583
568
586
569
580
591
589
572
536
512
539
541
530
539
539
537
530
528
526
532
518
527
531
523
520
528
528
524
529
526
532
527
534
536
529
536
539
531
522
532
548
525
522
532
532
509
513
546
522
498
544
569
413
127
