668
634
564
612
636
597
593
610
609
540
515
527
528
520
524
533
515
479
480
506
491
492
510
487
483
473
475
472
458
468
465
470
464
473
456
421
401
407
408
404
419
407
415
406
412
399
390
382
375
386
390
380
389
395
416
459
513
487
470
480
499
482
485
505
562
581
563
584
606
606
612
621
579
535
493
501
508
507
499
511
503
505
501
515
505
489
472
465
459
466
452
458
465
461
450
477
498
507
485
490
494
495
490
488
501
502
490
498
499
479
451
451
445
450
454
444
445
456
474
495
487
483
488
501
473
470
518
602
651
648
611
551
532
532
529
539
524
526
517
494
476
482
501
486
500
502
485
470
430
400
402
420
412
406
388
396
386
380
395
402
386
364
453
588
677
671
629
645
645
639
654
656
639
597
574
582
595
594
586
581
592
596
570
500
470
491
498
485
479
495
515
478
419
392
387
389
399
395
396
389
397
390
419
427
428
419
435
430
416
405
470
567
629
629
611
599
624
617
582
540
513
530
541
526
517
524
521
519
555
576
565
559
561
573
548
530
537
544
520
533
545
527
506
548
650
686
692
678
680
674
688
674
630
590
597
604
596
600
612
597
537
507
520
530
519
498
529
532
496
471
446
433
454
454
442
429
462
495
473
465
512
599
628
607
606
632
615
622
636
595
525
510
521
524
519
531
608
631
622
613
603
613
621
628
592
526
477
499
521
512
492
496
508
501
488
467
477
447
458
460
462
449
460
471
443
446
445
459
442
448
439
481
508
537
539
523
524
528
529
532
532
526
525
517
532
529
520
522
533
530
523
521
529
543
521
521
530
520
522
538
538
516
521
545
521
508
514
549
527
498
552
558
403
117
