696
669
609
633
663
641
643
624
566
521
526
556
550
510
503
488
482
477
488
502
473
474
496
483
443
429
430
438
417
430
431
424
428
457
466
460
456
459
463
462
448
484
555
573
568
573
565
570
566
579
603
611
610
607
617
601
608
616
595
531
497
497
523
513
500
502
502
501
488
476
490
492
473
464
509
563
609
592
586
603
605
591
589
595
578
559
564
573
579
549
556
571
566
552
559
564
563
548
561
557
551
568
597
618
615
607
616
609
603
611
614
589
516
489
492
502
481
482
495
479
481
488
497
505
489
487
495
489
480
494
505
498
495
499
488
492
492
505
497
518
564
596
591
580
587
591
559
502
475
482
494
477
477
487
482
482
473
485
487
470
472
491
521
515
515
506
520
520
532
563
592
599
589
579
593
604
563
520
478
479
499
492
483
492
487
493
479
477
465
455
464
465
463
467
463
464
469
470
519
549
536
536
542
533
518
554
628
670
656
636
657
657
643
659
656
634
565
544
550
564
545
551
551
546
556
601
607
621
614
594
610
616
602
593
603
595
594
603
619
566
488
490
486
509
477
482
492
485
470
498
577
610
605
594
598
612
600
595
577
535
510
516
538
521
491
462
438
438
437
453
440
449
436
455
449
444
435
446
439
434
423
397
412
405
400
389
395
409
439
438
436
445
438
442
445
427
434
453
456
443
439
454
452
430
403
384
387
392
392
393
387
393
377
376
376
393
386
377
389
410
375
363
440
582
683
656
646
634
663
650
632
606
580
574
596
586
575
592
608
564
487
468
470
473
460
465
471
481
478
449
435
408
416
416
413
409
417
405
398
451
557
612
596
593
608
613
603
599
602
592
580
591
595
588
584
607
602
575
533
529
524
522
540
528
529
527
533
535
517
532
549
523
516
530
526
523
521
547
530
517
540
529
523
519
527
534
512
536
539
522
523
531
529
511
534
547
529
499
542
575
410
136
