599
569
523
553
576
547
534
561
567
550
550
580
567
537
582
615
628
624
626
636
638
629
639
595
527
490
505
511
504
496
542
580
607
608
595
587
606
603
596
603
608
602
591
618
614
574
504
482
475
496
483
475
476
500
493
455
396
365
355
428
500
553
554
540
550
552
551
547
522
556
572
570
565
575
566
566
579
585
583
593
585
596
592
585
590
583
579
589
608
567
492
446
471
466
464
496
578
639
620
607
619
621
621
616
632
617
623
644
612
567
530
538
549
534
549
552
541
522
518
508
507
497
518
509
513
514
492
496
482
494
483
485
492
495
486
480
477
481
496
488
495
490
474
458
462
465
466
460
477
460
441
423
428
420
422
423
432
428
424
434
449
447
457
441
445
458
499
495
495
480
495
495
503
492
509
507
498
503
513
505
506
492
496
505
501
504
498
504
496
496
500
495
483
495
488
504
499
503
492
485
496
498
487
487
473
463
475
481
463
471
458
476
478
475
465
457
468
457
465
468
471
477
477
469
463
480
474
468
467
448
442
453
460
430
422
416
425
409
413
418
400
397
458
575
653
601
499
469
486
506
561
606
612
537
482
440
426
424
410
361
355
421
539
604
596
581
588
592
586
573
582
611
624
637
651
639
633
648
639
625
589
588
590
574
570
578
587
559
513
487
495
499
502
516
522
537
519
520
527
536
524
531
530
530
523
525
528
518
518
541
527
515
522
531
531
510
529
542
529
517
535
535
519
530
547
536
502
553
571
404
123
