563
534
503
526
529
509
527
585
636
622
620
642
628
616
620
620
620
628
625
597
599
611
649
604
527
489
503
513
512
495
503
513
497
489
532
588
635
642
620
625
624
612
621
632
583
528
503
493
513
518
585
610
603
594
596
608
609
608
564
511
464
487
505
461
438
482
587
629
617
596
616
634
625
573
502
441
448
476
472
447
444
496
552
614
601
583
590
602
601
602
600
598
606
586
592
600
600
585
600
592
593
601
599
599
591
602
600
584
590
608
564
540
530
541
532
529
530
562
571
563
571
566
575
578
590
603
611
611
618
610
561
532
547
543
536
548
534
540
534
550
540
544
541
540
531
551
586
597
584
571
583
563
521
493
506
510
504
514
524
507
490
526
603
638
638
625
615
619
628
618
614
598
605
603
577
526
474
487
497
488
477
517
585
582
574
576
583
569
566
585
587
560
472
440
455
444
456
458
449
434
482
578
619
619
601
608
618
628
611
617
629
630
619
620
638
626
602
561
539
541
550
547
535
549
531
543
528
517
514
510
521
514
518
516
501
490
481
492
492
502
493
492
480
454
456
455
461
442
456
469
448
450
459
469
488
547
599
620
619
619
629
612
627
627
576
517
463
469
499
492
464
482
501
480
477
480
497
491
481
494
464
468
489
496
467
478
520
597
628
622
622
637
625
623
638
643
615
520
485
487
504
493
486
498
503
497
517
537
532
516
524
544
565
577
576
583
572
579
602
551
469
438
457
445
432
483
577
629
609
598
605
614
606
599
611
619
605
599
622
624
586
549
525
530
534
527
520
528
531
521
516
519
540
534
529
533
532
524
526
528
526
522
536
531
522
525
533
529
521
533
542
526
533
508
526
524
516
537
538
527
516
535
533
518
533
541
523
522
534
542
523
526
550
532
501
561
571
415
133
