537
506
463
487
512
481
478
495
485
459
501
592
633
594
598
604
610
600
617
628
575
500
470
470
480
470
471
477
461
434
416
412
409
419
416
413
404
455
543
602
611
578
577
594
590
572
527
506
492
513
513
508
508
509
495
449
417
424
438
418
416
432
434
409
370
351
336
345
353
338
337
385
449
480
469
468
456
467
495
562
611
598
572
573
600
593
557
499
474
473
487
476
478
479
474
471
487
572
599
588
582
594
592
588
579
591
565
553
548
550
538
555
553
550
544
542
564
594
612
606
616
620
632
616
602
626
627
586
471
425
422
443
440
432
437
437
460
425
424
439
432
419
415
474
579
626
622
601
607
606
619
617
580
522
466
497
499
487
486
485
497
485
487
496
469
496
551
585
588
569
576
564
581
579
567
532
504
506
523
514
490
511
509
485
447
434
447
429
429
442
436
411
381
358
358
368
369
377
374
375
372
372
370
380
394
363
351
429
544
611
594
566
586
600
577
564
582
589
589
585
585
579
571
585
595
592
591
579
586
587
583
590
584
583
586
564
531
502
504
516
511
514
500
527
580
628
619
596
601
586
576
581
599
566
511
469
474
495
487
481
493
497
482
480
491
494
485
477
487
487
492
487
496
496
489
499
499
491
498
479
496
501
484
491
490
500
498
494
493
497
498
492
502
490
479
511
567
594
586
569
581
586
579
574
580
599
616
635
641
616
621
633
617
620
625
654
591
507
497
560
615
600
591
610
603
591
593
608
598
585
585
603
586
581
596
599
583
545
546
542
542
550
540
556
562
567
566
553
558
562
553
561
560
567
555
540
500
473
464
474
476
466
469
479
514
529
545
525
537
536
536
527
522
523
529
531
525
527
548
529
528
532
529
530
542
530
535
523
527
533
524
527
535
539
515
526
529
513
516
541
535
505
523
543
518
497
561
574
404
128
