565
543
483
514
540
528
523
540
512
467
446
453
455
445
458
463
451
454
459
476
454
472
469
468
461
455
447
431
424
441
445
404
368
369
347
367
352
348
350
356
361
363
381
411
416
389
374
465
602
702
693
645
672
689
681
645
600
570
563
581
583
569
561
568
587
616
629
630
623
616
618
632
628
619
621
617
620
628
628
619
624
619
612
609
626
615
616
612
612
619
622
632
625
620
604
620
635
582
510
473
487
501
486
478
498
495
457
407
371
363
389
384
363
355
415
500
556
552
535
545
538
528
508
515
531
513
524
539
550
535
549
546
543
550
555
545
542
556
591
629
631
621
609
584
568
570
576
571
564
577
574
561
562
570
576
548
558
570
566
555
568
571
578
570
565
575
560
568
576
575
564
577
594
600
635
635
631
626
645
628
598
558
529
523
507
502
543
579
565
561
574
576
577
559
567
584
563
554
592
624
638
633
623
629
624
639
622
575
556
562
580
618
648
656
637
629
635
639
612
571
554
542
556
565
542
527
512
518
523
505
511
514
506
495
501
487
481
480
500
490
471
486
494
478
451
448
453
443
448
467
449
420
430
436
411
420
479
570
628
629
614
565
544
507
506
519
508
516
524
511
442
405
426
428
430
415
438
427
419
420
437
413
422
428
422
425
429
426
424
421
423
437
426
446
457
412
368
361
360
356
370
371
368
337
397
524
587
568
557
566
566
551
577
615
641
614
629
637
624
591
586
606
600
569
536
526
517
527
515
519
516
527
522
521
532
542
536
530
523
534
531
523
536
518
517
527
530
525
523
529
530
523
520
529
523
522
518
528
517
509
532
536
522
518
545
526
504
552
567
417
129
