552
530
486
506
526
504
488
517
520
492
510
507
517
487
463
444
440
444
444
437
388
404
405
397
410
411
388
380
438
563
617
601
573
614
635
624
613
638
626
619
617
629
643
597
564
525
522
531
545
520
525
563
645
669
659
660
651
663
671
665
631
579
553
558
558
571
569
569
562
570
599
622
622
596
604
603
603
612
611
604
585
549
529
523
530
562
615
651
653
631
618
642
655
617
544
517
527
534
526
518
526
488
472
464
469
474
462
466
473
488
485
514
513
503
494
503
494
493
516
554
573
569
566
575
562
563
563
544
538
540
555
540
552
549
554
539
552
598
608
596
610
612
568
512
483
483
487
479
470
485
513
531
513
510
506
532
587
616
609
593
597
615
611
578
506
466
471
476
481
471
464
452
438
426
428
439
448
426
428
471
541
589
600
576
586
594
582
571
572
552
542
530
549
538
529
526
553
559
569
571
580
522
467
448
443
454
460
448
440
478
572
627
621
598
627
631
628
620
628
634
582
525
463
455
452
462
448
457
454
462
444
436
514
635
706
700
681
676
693
685
685
675
624
591
599
622
583
519
494
507
527
512
512
532
511
489
463
436
443
468
465
457
453
458
462
451
450
451
446
453
461
458
447
446
459
449
440
461
486
483
455
444
444
450
433
409
395
385
395
400
386
377
394
396
384
385
394
386
386
406
448
460
452
444
459
448
443
478
548
585
575
579
585
577
578
587
566
541
517
523
531
529
525
533
527
524
540
533
530
524
532
536
528
534
537
525
524
533
513
511
530
526
529
527
531
524
521
527
534
521
510
541
536
513
526
555
525
502
543
572
414
129
