604
582
530
554
573
555
555
569
571
555
556
566
552
574
618
642
630
608
618
638
626
595
550
505
494
506
511
502
510
514
536
591
608
622
592
599
605
600
589
594
607
596
600
598
607
613
572
524
490
466
483
486
448
386
361
381
370
355
378
381
354
372
407
507
567
561
545
539
555
548
535
547
545
546
558
576
567
569
566
567
577
568
579
575
576
575
571
581
564
574
575
574
586
602
594
586
588
604
566
486
432
465
483
464
439
504
598
632
626
627
626
628
628
626
626
622
631
624
621
616
621
619
622
638
633
603
562
515
534
551
547
531
538
559
545
528
515
522
503
499
488
486
490
491
495
493
492
487
484
488
485
490
484
487
473
461
467
472
462
463
468
470
444
438
420
423
423
430
421
435
424
427
427
428
427
420
435
434
452
450
452
449
494
507
498
492
514
500
486
495
509
504
504
498
518
517
509
504
511
508
500
507
490
506
497
501
505
501
495
493
492
505
500
491
490
501
495
501
496
488
506
502
487
499
495
488
494
472
474
473
475
463
460
474
457
466
460
467
458
456
462
471
466
471
473
472
470
474
488
463
451
446
466
457
430
426
405
404
406
417
422
408
411
426
412
397
456
571
638
638
615
607
620
609
614
622
628
624
612
613
624
608
600
615
622
602
608
621
624
605
612
621
607
603
623
653
599
516
478
486
488
496
478
491
479
470
512
562
602
594
589
593
598
587
596
592
597
595
584
592
597
596
589
593
588
586
594
587
593
605
590
595
589
585
591
620
561
467
408
433
436
425
438
435
422
395
381
364
361
426
531
599
589
572
580
597
599
614
646
643
639
639
660
649
646
647
641
627
637
629
592
566
581
575
559
580
581
565
510
476
496
497
514
528
542
521
525
537
533
520
525
522
519
525
540
527
520
528
541
520
516
540
532
526
520
553
518
497
544
567
411
128
