485
468
434
446
468
443
432
438
436
423
427
447
416
406
412
399
393
392
414
394
382
445
551
607
601
587
596
606
604
586
604
589
554
526
527
544
531
526
547
539
533
528
543
541
526
551
609
609
598
600
614
596
542
530
532
527
515
530
534
512
499
494
484
493
490
473
457
438
452
446
454
461
451
445
433
449
442
433
475
588
628
614
586
614
581
501
462
479
492
469
526
658
717
688
674
701
664
606
590
608
611
595
604
580
498
442
463
476
455
460
465
471
445
473
479
450
423
424
445
425
426
424
435
421
412
463
549
605
611
582
586
601
603
567
536
520
519
535
556
572
573
581
578
593
601
628
630
581
526
495
496
493
533
631
698
689
673
671
686
682
677
677
662
593
553
576
579
566
571
576
581
562
569
578
578
574
567
576
572
573
588
580
567
571
573
578
574
573
582
575
556
510
489
486
495
501
501
488
517
553
559
570
558
554
566
560
567
569
574
572
560
565
585
588
578
565
597
561
511
481
494
498
485
470
533
646
699
706
666
664
698
699
643
588
560
554
552
557
559
536
508
487
466
474
479
481
463
448
524
623
699
701
657
676
696
710
656
616
584
581
594
594
593
594
571
508
445
452
476
458
445
460
466
428
382
363
375
371
383
370
367
356
365
373
385
373
383
364
355
406
505
582
563
526
542
562
536
547
564
582
575
576
579
582
561
564
590
596
593
592
602
595
603
604
604
602
582
553
521
523
531
523
519
517
535
514
476
456
474
460
463
464
450
449
469
518
523
515
524
522
527
524
526
539
521
536
527
520
517
522
536
526
532
535
538
519
525
531
527
521
534
531
519
518
547
533
517
519
547
520
505
540
571
409
130
