551
529
488
475
476
445
430
458
451
434
440
449
424
390
391
418
411
379
396
449
546
605
608
587
571
603
603
586
600
604
622
633
641
635
591
539
535
537
536
529
527
532
527
569
630
677
670
631
587
558
564
567
573
566
562
566
603
626
633
618
603
616
621
611
620
619
570
546
526
525
527
523
564
615
655
652
637
646
638
635
652
645
629
633
639
624
560
527
526
542
527
523
540
526
489
469
468
477
489
497
507
487
499
499
503
480
509
537
567
564
570
572
558
559
560
560
556
546
557
565
528
565
588
605
598
602
615
607
609
615
579
509
477
481
500
508
482
481
495
499
497
504
481
484
482
495
493
496
488
485
484
486
494
494
490
493
490
471
481
487
480
498
492
494
478
493
489
501
483
489
499
513
512
517
513
516
526
509
513
513
533
582
612
617
600
603
612
609
576
507
455
456
479
466
450
443
436
431
419
464
533
604
607
563
539
532
539
543
537
532
539
561
568
571
562
564
561
567
551
560
579
541
467
433
458
456
447
445
455
444
459
491
575
626
608
597
611
619
601
593
614
620
618
610
614
617
623
621
630
625
624
618
620
617
622
635
602
517
458
466
498
484
465
487
495
481
442
449
452
445
459
464
434
424
513
635
708
709
682
672
612
589
594
610
599
592
598
582
529
502
515
531
523
514
507
463
444
444
458
453
448
454
439
452
453
446
460
463
442
442
450
448
449
460
454
467
484
476
467
470
478
480
466
480
474
446
442
447
446
443
446
447
459
448
451
464
429
408
410
400
396
398
388
388
400
399
388
406
447
460
450
454
451
454
446
460
447
438
482
550
592
592
570
579
583
542
522
529
540
510
513
531
531
525
516
528
533
514
533
545
517
521
535
533
524
515
528
523
519
534
540
517
517
539
539
516
528
546
525
493
553
570
418
131
