650
620
578
579
619
603
579
542
507
516
526
525
532
523
526
513
534
581
617
622
610
609
616
613
598
594
602
602
598
590
599
596
563
522
507
520
521
504
498
522
505
461
436
453
456
455
455
477
487
467
456
471
464
458
470
482
456
449
433
436
438
427
440
450
435
445
434
425
405
411
409
400
409
427
413
399
426
460
480
482
468
487
478
466
487
494
470
456
508
600
661
651
635
634
638
643
647
609
557
512
506
529
534
532
533
528
485
454
465
474
471
461
466
477
465
470
475
469
460
473
477
468
470
485
476
481
472
469
491
541
569
559
546
556
566
564
541
575
614
626
602
604
636
589
529
490
509
499
504
515
502
461
391
348
359
378
359
342
359
371
394
397
394
410
393
380
458
609
682
686
644
679
682
670
655
684
653
589
571
579
592
574
584
585
570
564
559
559
553
554
537
544
538
555
540
533
552
594
620
616
618
628
610
619
617
596
553
525
533
527
517
526
536
532
514
519
543
530
518
532
534
520
529
548
565
551
553
546
510
500
521
560
578
561
569
575
565
555
582
593
590
600
595
555
487
444
446
456
454
445
454
461
472
489
495
491
486
486
485
480
504
541
566
563
558
574
573
575
550
542
534
535
541
546
528
535
543
562
597
628
632
611
612
626
620
599
596
606
591
587
611
608
585
538
518
529
535
538
539
525
525
533
520
499
476
482
486
494
472
477
476
459
458
474
457
472
461
467
458
443
435
422
433
440
442
428
442
431
419
389
399
404
410
387
390
438
506
542
535
528
518
534
526
523
514
537
522
527
519
528
530
533
535
514
515
525
517
521
522
531
536
521
525
520
546
522
540
531
525
526
527
519
513
515
534
535
515
520
528
512
505
535
530
522
522
554
525
491
537
580
410
134
