615
590
534
554
583
556
561
588
581
559
567
590
575
574
576
594
599
597
602
593
595
600
603
589
586
573
582
585
597
559
512
478
493
501
495
485
489
505
497
493
490
459
448
449
460
458
455
446
451
459
448
456
460
462
451
453
455
446
457
466
483
468
485
490
473
474
462
474
471
467
469
460
451
456
460
472
447
434
408
412
423
422
405
414
430
399
363
333
348
352
355
344
346
373
432
460
459
428
452
455
446
441
487
593
625
636
628
621
623
612
618
618
622
622
623
625
619
610
624
619
605
597
593
588
599
594
594
588
605
608
586
532
496
506
513
510
512
523
494
460
444
446
440
443
450
452
459
445
460
461
460
461
455
459
461
468
453
460
454
459
451
443
426
433
431
428
428
434
420
422
419
427
415
419
401
401
406
398
396
402
400
397
399
392
412
411
399
412
402
394
400
397
406
398
400
411
397
400
394
412
404
390
408
393
392
395
409
394
395
401
408
397
373
443
553
626
615
591
602
618
617
577
530
495
488
507
509
510
514
528
531
544
536
542
556
535
542
549
536
534
532
533
545
569
595
608
603
575
526
483
481
497
503
495
489
518
570
598
616
600
574
522
476
481
497
494
502
496
494
469
439
441
453
436
437
460
470
478
478
482
480
483
487
497
488
483
476
473
456
452
453
455
435
467
441
431
406
399
417
405
416
419
410
409
418
401
394
403
412
419
406
395
406
400
396
397
417
450
483
485
460
457
494
551
585
577
572
579
588
579
557
592
612
637
627
606
626
626
616
610
633
634
594
551
529
520
524
532
540
508
477
460
467
466
452
434
426
401
414
418
399
385
449
562
628
625
599
611
627
611
577
535
503
503
522
516
510
505
503
517
551
581
582
570
567
567
573
568
563
561
533
519
528
525
529
525
522
535
526
524
534
533
517
526
522
530
516
531
528
528
506
516
531
516
529
539
528
512
522
554
530
502
548
570
413
132
