605
593
531
551
578
549
541
559
564
534
539
549
560
543
561
558
560
538
552
559
549
549
561
542
552
546
553
557
552
570
544
544
551
552
534
544
554
561
553
560
573
563
549
570
616
635
635
621
637
596
531
498
497
506
510
494
504
513
538
582
618
608
600
601
609
595
600
602
610
597
606
609
587
593
596
618
577
492
477
502
490
478
489
503
462
388
337
399
523
559
559
539
544
548
543
549
548
549
546
544
552
543
551
542
552
546
552
537
543
545
547
548
573
575
554
569
566
585
597
604
599
585
585
588
590
590
600
602
560
495
453
462
465
469
454
466
476
463
462
462
458
460
465
474
457
444
501
588
638
617
624
628
632
623
624
625
631
626
623
643
604
575
542
548
551
544
534
533
534
543
555
550
532
516
518
516
516
516
521
523
507
508
509
502
499
495
483
494
501
492
496
488
485
493
484
485
466
465
464
468
431
424
420
439
430
443
426
441
438
443
443
451
444
442
460
455
484
507
500
507
509
499
481
495
490
502
500
495
493
493
500
488
490
497
504
510
510
509
512
502
504
506
505
504
505
499
494
496
497
505
488
484
495
492
499
503
487
489
490
484
473
472
467
467
477
478
458
457
463
451
469
453
461
467
456
467
466
477
460
464
463
479
475
477
483
465
485
481
471
470
466
472
478
467
475
464
458
443
454
462
450
454
443
450
422
412
429
402
394
457
565
645
614
557
514
476
481
481
490
478
481
483
486
475
475
509
546
599
607
598
586
600
612
552
471
420
421
439
448
444
443
449
450
412
390
372
371
354
361
424
528
605
589
566
570
602
626
635
652
643
625
638
649
623
592
564
586
575
563
512
493
492
513
509
492
495
484
505
499
497
495
492
488
490
495
489
483
488
503
497
503
483
500
487
511
521
547
531
521
529
528
516
523
532
533
530
533
536
534
515
527
520
520
521
536
528
518
528
541
517
530
552
536
495
540
568
413
135
