648
628
585
581
575
512
501
545
532
515
506
513
481
473
502
496
489
493
496
482
459
459
455
417
401
398
414
412
407
408
408
408
411
421
417
402
419
421
398
397
389
407
385
381
418
460
492
496
477
482
484
492
490
481
510
561
580
586
571
571
564
582
584
606
625
630
615
614
621
616
571
534
495
508
523
495
476
460
473
487
514
494
497
492
496
502
509
507
492
501
499
485
452
457
455
441
448
486
492
476
483
492
482
468
511
596
649
650
626
617
576
528
528
534
535
512
541
548
531
493
495
494
483
490
482
486
478
498
486
419
396
410
404
386
388
402
388
365
442
582
679
656
626
646
631
605
572
598
600
598
567
525
482
488
499
500
469
496
516
464
410
388
412
398
379
402
428
434
428
429
442
420
430
444
422
419
466
567
635
629
607
612
617
625
610
607
596
604
627
615
613
613
618
614
614
630
614
609
610
614
595
543
515
527
523
519
555
571
574
565
573
576
566
570
564
527
523
541
529
529
564
649
704
675
673
692
676
617
598
588
560
512
511
521
520
514
527
507
466
436
457
458
435
437
445
457
437
449
476
473
474
479
485
463
459
512
588
618
623
631
612
559
512
507
520
527
505
510
544
582
635
625
609
612
642
592
520
481
502
507
487
503
501
493
469
459
465
463
465
464
485
457
445
457
457
461
455
452
460
447
447
478
508
529
532
526
531
534
521
521
528
531
518
529
529
520
520
532
528
524
521
535
546
520
520
543
527
522
530
546
529
519
541
525
525
534
540
522
497
544
575
413
133
