522
500
471
498
477
408
368
390
410
379
387
406
411
382
393
418
408
381
406
412
404
390
452
529
594
576
566
567
554
562
571
576
561
551
531
530
543
550
537
535
561
563
563
569
574
577
565
572
598
590
577
594
605
575
504
479
486
494
490
498
496
459
396
349
366
377
377
363
366
389
441
464
437
478
547
605
600
580
584
592
587
590
597
582
577
594
637
642
646
619
627
620
629
649
614
551
519
530
545
533
524
539
532
534
530
532
536
527
530
518
465
440
454
459
454
441
454
454
403
369
449
602
691
680
654
650
675
658
629
591
564
547
563
566
559
565
572
556
524
527
567
608
618
611
616
617
620
609
613
624
578
516
459
446
516
616
673
674
644
661
661
650
667
659
635
566
534
540
555
542
548
566
525
457
429
442
441
431
461
530
548
546
531
536
541
541
554
565
575
562
564
561
561
557
566
553
575
608
630
631
624
624
620
628
621
603
574
538
551
569
565
545
567
564
539
529
521
512
514
521
521
520
515
510
509
484
496
505
498
506
514
542
543
553
562
556
563
566
569
566
569
565
563
561
565
581
589
586
591
593
586
559
543
534
542
546
554
540
564
589
603
594
593
605
589
607
616
557
486
451
455
465
468
450
458
457
454
457
453
461
460
459
462
450
413
375
372
381
398
375
365
441
555
629
617
601
615
618
622
608
614
610
618
623
618
613
615
608
557
522
537
543
526
522
539
535
510
469
445
447
456
457
457
456
476
518
532
533
533
530
530
519
528
537
533
515
524
530
525
525
536
528
524
529
540
517
532
534
519
525
544
538
520
509
553
522
503
548
576
424
137
