514
488
457
470
498
476
497
591
647
607
607
639
656
573
469
423
416
433
441
424
418
464
508
529
524
519
524
521
535
549
555
551
540
551
561
546
546
575
617
638
640
629
620
651
648
630
602
588
591
579
576
594
575
592
588
597
599
593
596
586
581
585
611
576
500
455
471
483
475
479
476
479
480
475
473
466
467
476
467
470
471
476
460
419
408
403
409
390
447
538
588
577
559
563
578
560
543
535
545
543
535
546
555
559
551
572
551
572
575
588
590
574
592
592
575
578
594
600
579
552
535
549
552
552
533
537
542
539
558
562
567
566
558
567
575
542
519
502
500
507
511
498
490
521
582
604
602
593
598
594
603
593
598
599
595
579
559
551
549
549
547
544
542
553
550
544
537
556
542
540
542
559
560
566
577
579
550
527
514
513
507
516
515
524
503
523
538
539
527
537
541
545
543
540
538
543
549
539
530
535
572
626
662
664
658
653
657
676
628
556
513
517
534
526
507
539
588
598
591
599
594
594
590
581
576
588
586
603
589
578
531
510
516
537
520
499
503
559
599
609
634
623
594
563
529
520
529
558
607
650
646
632
639
635
664
639
603
529
477
488
497
490
487
493
499
473
487
497
489
486
490
495
490
499
492
491
479
488
483
475
459
475
463
453
521
603
647
627
635
630
637
647
639
596
526
479
486
500
496
482
486
510
556
584
568
579
576
576
568
576
574
579
574
579
557
527
522
531
526
522
536
579
597
590
586
598
588
568
561
571
574
560
566
573
557
552
535
520
541
542
538
519
568
633
682
673
653
653
674
663
642
614
576
575
586
587
571
562
539
523
512
528
538
522
515
534
527
533
527
535
525
507
528
535
538
524
522
529
523
525
540
536
537
524
533
527
535
532
537
524
521
530
526
525
535
527
523
533
546
525
510
533
533
519
499
552
574
405
127
