610
580
532
560
583
539
554
630
640
600
616
645
613
527
513
532
499
412
386
389
393
392
409
409
382
400
428
401
381
487
623
698
683
671
667
628
590
584
607
608
597
601
616
598
578
591
586
578
572
599
583
559
526
472
417
397
409
407
388
378
421
469
491
489
478
485
489
489
491
488
481
491
489
500
497
491
539
567
568
558
558
561
567
545
543
538
537
535
536
543
530
534
577
598
580
588
583
583
574
580
571
589
635
663
663
613
549
530
520
539
558
528
465
443
469
505
511
505
512
518
501
502
523
567
605
602
590
593
602
596
598
588
600
600
581
510
469
478
499
487
485
504
495
494
493
534
552
557
555
553
559
573
558
553
525
517
512
523
517
515
512
496
541
600
641
629
632
622
636
639
608
568
540
550
549
539
515
507
505
511
506
502
505
501
514
515
503
453
418
432
441
445
433
442
443
450
431
449
448
427
427
498
633
714
713
681
687
715
715
666
616
600
594
570
522
493
504
492
498
499
508
497
465
456
467
476
455
457
459
457
449
455
463
470
453
429
423
418
425
430
399
358
347
346
353
364
355
353
355
348
347
364
354
351
345
347
360
346
353
352
359
356
347
362
359
344
346
356
351
349
380
418
436
424
425
434
414
413
468
582
633
632
603
623
641
635
599
533
492
494
510
513
499
509
509
511
513
518
511
506
472
463
462
470
457
471
464
467
482
490
490
484
483
472
480
486
512
528
537
535
528
530
522
531
522
531
533
517
526
531
516
524
526
522
537
528
537
525
539
519
525
523
527
529
525
526
531
528
532
510
533
529
535
524
531
532
525
520
528
540
528
528
533
539
528
534
542
525
518
536
535
520
525
537
528
505
536
574
416
127
