604
574
541
573
617
622
617
619
553
504
508
525
509
508
528
507
423
374
396
414
398
393
421
424
397
412
429
406
398
461
613
696
680
652
616
599
595
609
600
595
569
585
584
585
591
588
604
572
507
468
476
490
492
467
397
384
401
411
390
387
419
465
484
483
497
547
569
566
553
550
531
529
536
549
582
582
592
583
591
593
584
579
580
586
576
571
584
630
670
663
648
640
650
665
619
567
533
529
532
535
541
543
540
534
546
544
503
467
459
459
460
466
460
466
482
503
514
519
498
533
574
606
604
597
583
602
608
578
519
488
473
496
491
481
487
489
486
494
501
502
514
545
574
572
557
557
559
523
506
518
527
517
507
508
539
596
630
644
634
627
641
630
626
626
638
643
634
626
636
628
603
565
535
542
552
554
544
556
548
527
495
511
526
500
452
437
449
433
424
434
446
443
428
446
440
445
451
473
433
427
497
639
716
688
682
694
709
666
688
704
672
620
583
603
606
592
602
598
596
592
603
579
537
493
497
510
496
485
465
457
454
459
470
453
449
458
451
456
464
457
461
451
462
466
448
454
456
465
454
455
460
461
465
452
457
463
466
453
458
463
463
463
470
462
467
461
460
452
434
422
430
426
437
432
432
420
411
426
428
413
372
349
360
360
355
368
404
441
434
411
442
443
398
400
474
584
643
619
614
634
626
606
617
630
589
532
496
506
509
516
500
508
507
510
500
471
459
458
464
474
465
448
466
475
464
465
477
475
480
478
485
485
486
483
500
524
535
537
515
526
522
518
531
537
530
521
522
527
521
527
520
522
529
515
527
533
522
531
536
535
518
536
535
522
514
530
538
531
526
538
530
523
525
559
517
508
551
578
412
141
