562
542
485
508
526
497
527
606
636
628
594
614
636
592
532
505
503
508
512
522
504
502
533
595
646
636
617
639
653
608
524
495
513
504
502
510
494
505
533
587
610
607
597
610
600
607
618
580
508
466
480
480
487
482
493
476
447
445
441
449
451
436
444
478
582
638
627
603
625
617
609
619
618
584
500
461
455
459
486
547
632
620
590
604
602
601
595
599
599
582
586
602
612
607
587
559
517
533
528
529
523
530
568
569
564
558
567
565
560
569
572
585
616
603
566
520
542
545
543
532
551
539
525
555
581
576
583
585
565
522
489
504
509
495
497
528
597
623
612
619
620
625
620
608
599
598
616
596
608
607
612
564
506
488
494
496
478
485
489
480
481
504
526
526
531
530
523
520
539
566
582
576
582
576
581
571
583
583
563
580
575
568
578
587
586
565
571
584
545
474
430
447
453
456
455
444
425
477
586
639
624
591
612
628
615
615
628
628
614
622
626
625
628
636
594
559
543
549
561
539
540
556
548
516
514
519
522
511
525
522
508
511
483
496
502
503
486
493
496
498
499
490
499
498
486
466
438
452
456
451
458
455
447
461
496
523
521
507
519
519
513
510
527
518
492
539
602
640
612
607
630
649
586
507
477
483
492
480
481
485
478
481
484
489
493
486
480
481
487
479
475
511
610
655
601
524
480
486
492
489
497
503
511
519
533
520
517
516
545
551
560
593
574
570
588
595
552
468
433
440
456
449
453
449
428
487
570
624
619
610
608
613
606
611
615
597
538
519
525
533
517
520
521
525
523
527
535
526
527
536
529
520
519
523
533
526
518
538
528
534
530
520
541
536
523
538
527
513
517
537
536
513
539
538
525
524
539
540
530
518
541
525
501
549
572
411
128
