575
550
508
527
556
536
516
529
558
579
616
632
611
610
632
612
547
517
538
550
526
542
576
581
577
569
584
605
559
505
488
487
493
492
497
502
474
482
484
462
432
412
418
418
419
432
462
486
492
514
545
558
528
512
496
512
499
499
514
500
493
492
536
584
632
641
609
614
646
638
577
504
445
454
464
465
453
467
455
449
452
478
465
450
460
471
452
447
494
551
590
575
591
613
633
622
626
633
634
622
633
626
630
636
628
632
632
625
632
623
632
616
618
629
635
607
584
578
573
576
577
569
575
571
579
587
588
585
586
583
590
592
590
576
571
569
564
568
562
562
562
543
533
517
518
531
520
509
499
537
586
613
624
616
591
549
504
515
521
536
520
521
522
522
522
523
529
518
529
530
530
516
532
531
522
527
525
520
516
539
496
450
406
428
422
423
417
431
435
425
439
447
427
427
435
430
422
433
447
428
412
467
557
614
605
593
598
600
604
608
577
516
464
480
499
492
474
468
483
474
478
492
502
477
470
525
605
642
638
622
618
638
653
644
606
544
517
531
550
529
517
539
542
527
480
470
468
477
470
461
463
475
470
456
439
425
417
426
423
423
428
435
440
446
446
437
439
436
439
437
453
460
475
474
473
478
477
474
473
477
471
454
462
443
453
446
454
448
445
439
437
423
437
436
424
423
475
567
632
627
598
599
635
626
586
516
480
466
489
490
487
463
424
393
388
394
410
398
385
411
416
426
444
461
432
435
491
594
661
638
618
644
653
598
531
509
520
518
498
491
495
492
496
525
540
539
528
536
528
520
521
517
521
539
537
533
525
528
529
529
534
529
516
526
537
522
524
535
524
519
532
541
540
519
536
533
516
504
535
533
517
520
550
523
498
546
566
415
124
