587
551
503
523
553
529
508
554
599
609
605
611
623
611
597
558
537
529
555
533
523
535
543
534
524
543
548
557
586
590
585
571
573
591
560
504
471
483
493
488
489
491
470
429
415
423
425
412
425
417
428
437
435
423
417
447
455
480
497
479
478
507
539
539
548
552
539
537
530
552
546
530
509
510
498
495
538
600
630
629
625
616
625
631
627
589
506
452
447
456
488
558
576
588
574
574
590
584
571
598
627
617
613
620
638
610
579
582
589
590
571
581
598
589
596
581
604
585
568
553
559
574
562
559
563
555
549
530
506
513
513
510
519
513
521
518
506
513
542
589
609
610
618
608
612
619
597
550
521
526
528
521
520
535
508
444
426
426
431
417
419
439
425
415
476
566
624
616
592
599
614
607
579
517
461
467
485
480
480
477
499
494
495
488
477
475
507
595
658
641
619
634
642
638
596
566
533
534
544
547
520
525
528
548
510
490
464
455
463
474
463
459
444
434
427
429
445
442
435
446
435
439
449
440
435
439
442
438
439
464
474
471
464
470
477
471
470
451
451
446
460
455
440
437
430
443
429
440
423
417
472
564
626
622
598
622
641
587
502
478
481
483
464
492
509
474
415
394
401
442
448
458
430
427
501
596
649
648
612
609
629
642
603
544
497
514
518
503
499
491
487
505
486
491
500
486
485
487
491
498
524
537
532
519
533
535
534
530
529
523
521
527
523
532
528
536
517
535
531
524
528
527
522
533
533
527
523
517
520
528
535
526
520
528
506
525
521
522
518
527
536
522
528
530
531
520
527
542
519
511
555
565
410
122
