683
665
598
634
660
633
606
637
652
624
613
593
573
580
588
592
588
578
587
565
522
496
510
516
503
503
512
510
502
497
476
453
454
469
466
456
453
459
464
458
449
448
441
435
444
437
444
441
439
443
443
442
434
424
438
448
435
439
442
439
439
442
440
432
440
445
444
438
436
446
438
436
435
449
431
435
418
437
423
423
439
428
424
435
433
446
452
430
447
447
441
440
435
438
436
444
449
437
447
465
476
473
477
480
481
474
485
448
461
447
455
455
460
462
470
458
472
477
472
478
477
490
490
471
509
566
610
609
595
595
602
600
600
599
593
589
593
599
593
586
582
596
580
576
592
591
559
504
481
467
475
481
476
476
471
482
492
486
485
482
491
477
484
489
478
471
518
578
624
626
612
612
613
620
612
601
592
592
595
589
590
602
583
538
519
514
515
505
523
513
478
443
453
449
456
472
486
480
486
490
478
479
512
580
628
618
608
611
617
586
579
585
596
563
574
594
599
561
507
480
482
497
491
495
502
495
471
426
417
412
422
420
430
429
426
419
425
454
470
454
454
467
462
452
477
512
539
540
531
525
553
591
606
614
583
581
601
596
582
591
600
572
507
469
471
485
488
491
469
467
505
574
611
611
599
609
612
610
595
610
606
598
601
608
605
598
601
601
590
595
603
611
598
606
597
602
594
602
602
603
601
601
603
612
612
603
595
602
603
625
574
501
456
473
473
451
455
477
474
445
418
409
401
391
402
411
394
388
439
575
645
640
627
615
586
553
549
559
543
508
510
508
514
512
512
519
500
519
527
539
539
518
525
552
619
667
666
652
653
659
648
629
605
588
571
578
591
589
580
589
584
585
593
598
589
597
594
590
584
579
582
574
583
575
574
570
589
583
580
591
585
585
584
594
585
565
499
469
470
485
478
473
477
485
496
515
543
529
531
542
533
520
526
533
520
522
519
529
535
532
543
529
527
523
527
524
522
538
527
522
532
538
532
518
546
535
510
528
548
515
499
551
574
408
128
