567
554
499
520
552
520
512
525
532
509
507
528
524
520
516
519
518
509
461
444
447
455
457
459
444
461
459
460
457
463
461
463
467
460
463
443
431
439
438
438
428
445
447
411
371
346
353
360
365
349
348
351
372
391
405
404
407
403
405
409
418
388
386
459
626
713
685
653
674
674
594
543
568
601
565
560
582
573
575
607
645
594
496
459
482
501
450
383
367
362
370
386
385
371
381
382
356
360
413
506
550
549
532
539
540
551
543
531
533
519
520
517
520
510
552
555
542
543
550
557
530
538
569
598
626
618
610
612
618
637
608
588
571
583
569
565
558
566
578
558
565
571
572
567
572
563
561
570
560
560
550
571
562
561
579
621
642
616
557
523
531
535
534
518
502
485
483
502
492
487
507
562
582
575
565
577
567
561
584
608
627
637
623
641
628
616
629
645
635
633
624
583
568
561
575
565
562
587
611
629
639
649
622
569
543
541
541
545
528
557
544
525
504
513
513
485
470
479
473
443
456
469
457
447
458
471
439
409
459
581
634
610
604
620
602
528
496
528
520
506
519
537
505
434
415
434
435
416
430
421
426
427
427
437
428
434
442
431
439
441
437
440
447
443
435
427
460
429
371
343
369
367
358
401
523
586
561
546
583
618
634
630
629
639
635
624
633
626
632
640
619
596
585
601
594
592
600
605
572
548
516
518
517
516
515
508
521
523
524
529
518
520
530
528
528
537
539
530
531
527
525
526
517
529
533
535
531
525
528
519
525
525
533
521
518
524
530
532
524
525
537
524
525
545
527
500
550
573
411
131
