494
469
402
418
445
421
410
440
435
399
402
402
395
398
410
416
391
406
412
396
377
456
559
611
606
580
593
594
598
599
597
601
578
553
532
536
538
536
533
527
538
547
586
611
615
590
604
618
565
548
531
529
535
524
533
514
501
477
486
487
485
480
494
478
457
438
460
458
453
447
468
461
458
460
447
444
445
451
438
426
474
573
631
620
596
600
615
568
497
477
488
484
470
513
644
710
707
678
685
708
695
675
627
589
582
591
607
586
587
608
612
567
500
465
471
473
478
469
472
452
452
432
423
426
437
434
418
469
553
621
577
535
518
525
524
527
520
566
572
573
567
574
576
575
572
609
626
616
623
623
588
527
484
488
485
478
531
646
710
679
652
681
695
684
687
700
662
583
577
578
571
506
484
491
497
486
487
490
483
505
554
569
559
554
571
558
558
563
561
571
583
583
585
582
582
593
581
556
518
475
497
498
502
486
474
537
637
689
696
672
679
696
697
642
581
551
550
566
562
561
563
558
549
563
557
545
560
540
536
515
473
459
478
486
474
462
482
494
463
459
522
630
692
699
674
651
631
579
580
596
607
590
584
620
567
485
435
466
457
441
450
475
446
389
365
371
379
367
371
381
365
345
409
514
576
550
547
551
559
551
564
577
592
584
570
571
584
580
576
584
580
584
574
571
565
568
582
599
610
584
550
524
535
523
528
517
527
524
524
529
544
527
507
487
463
466
464
469
463
444
484
520
533
532
518
535
538
538
517
518
522
539
525
511
535
530
526
533
526
530
528
521
530
531
534
538
525
519
530
536
530
527
542
547
508
523
539
526
506
560
577
416
141
