485
466
429
444
478
448
428
430
403
405
410
426
423
411
415
430
457
479
496
478
485
493
497
485
478
539
566
519
444
412
421
422
425
443
421
415
464
529
588
578
570
576
580
590
616
637
637
645
624
650
646
637
640
599
582
586
603
578
508
479
491
489
473
482
486
463
401
385
393
399
390
388
388
404
392
390
386
403
450
491
477
471
461
493
465
470
502
574
596
605
581
590
598
592
564
553
560
568
605
629
624
622
612
622
633
599
533
495
495
511
490
497
508
491
464
455
460
461
447
444
444
442
452
453
452
434
445
435
441
448
452
425
400
392
377
394
389
387
390
389
398
450
470
468
470
462
469
489
497
516
519
503
504
516
521
562
604
589
582
582
589
588
588
578
579
570
560
578
589
542
493
459
475
468
462
464
473
455
459
504
571
614
609
588
598
604
612
609
599
603
604
603
614
594
596
614
623
567
489
461
454
468
476
457
454
463
477
464
446
514
621
671
672
651
664
676
657
647
675
666
636
601
595
597
591
564
599
600
557
522
512
511
493
473
455
454
448
464
455
456
464
456
468
469
461
465
475
483
476
469
485
470
466
469
492
478
471
487
487
465
419
407
413
417
405
412
404
415
416
402
408
405
388
370
450
588
682
665
595
578
610
611
580
590
602
576
534
514
516
500
506
511
497
458
444
453
454
447
451
460
446
455
478
487
477
504
524
533
526
529
528
530
512
538
531
531
522
531
527
527
524
536
528
521
531
532
525
521
535
527
510
522
541
516
520
536
538
520
528
542
529
489
546
575
411
126
