646
627
564
583
619
605
561
548
512
516
528
526
521
515
535
578
586
574
585
586
578
581
575
565
552
535
543
542
556
543
548
567
601
624
615
610
611
625
630
591
535
496
503
516
517
511
506
522
589
623
625
610
608
624
619
619
608
613
618
611
618
619
613
610
623
619
583
515
456
467
472
474
467
470
439
419
420
446
428
403
410
479
566
646
633
611
623
642
635
612
619
625
628
616
626
624
592
603
633
639
589
512
464
474
480
441
408
423
430
429
407
417
429
417
397
466
570
626
627
609
608
610
618
610
617
617
616
614
627
617
605
614
603
598
594
587
588
591
590
602
574
530
517
517
519
523
517
525
521
514
552
622
642
644
632
643
650
635
645
643
640
642
657
644
643
654
644
642
646
653
623
562
535
546
564
546
545
563
554
533
511
511
522
517
515
507
520
505
490
477
478
476
484
482
479
476
491
473
468
463
470
460
457
467
467
464
465
460
469
469
470
467
474
468
467
487
509
514
523
519
511
501
522
578
597
588
587
577
591
592
600
605
593
597
604
585
594
596
578
537
509
512
526
514
527
535
511
466
459
451
457
452
458
448
433
422
425
425
423
420
431
422
419
441
434
420
439
443
425
422
472
570
633
614
613
628
581
477
419
444
451
440
424
456
447
429
427
483
542
589
603
599
571
582
595
613
646
642
623
628
640
646
634
583
554
579
574
578
578
587
542
486
450
449
454
471
448
393
342
436
549
636
621
588
607
616
598
593
598
610
604
620
605
603
602
607
592
545
510
531
553
525
503
484
481
491
486
488
485
489
524
519
530
523
523
529
524
539
525
534
539
522
533
528
527
522
528
530
522
513
525
531
523
523
535
521
517
530
530
525
532
525
531
532
518
534
534
517
525
550
515
516
530
539
519
530
537
527
501
552
569
416
127
