659
616
571
585
614
592
571
531
511
520
581
628
610
582
597
608
599
589
616
603
581
580
599
577
587
587
588
573
524
515
495
515
509
510
461
439
441
450
451
440
456
460
469
465
470
474
461
447
439
432
450
440
439
416
412
416
412
416
403
408
412
431
412
397
407
415
403
429
459
482
481
467
478
493
467
467
517
601
652
653
633
641
648
639
622
644
662
610
555
519
528
529
515
520
544
521
480
462
463
489
473
470
469
464
470
487
481
475
500
543
560
555
557
550
571
594
600
602
604
619
580
520
487
501
520
488
493
516
470
391
346
363
367
351
368
358
350
384
414
395
376
447
606
698
679
636
598
580
570
575
588
581
577
573
557
552
562
564
554
554
564
558
555
542
540
538
563
581
602
603
611
612
609
610
625
606
566
520
526
532
537
534
544
555
556
553
558
554
549
552
550
523
508
522
518
507
509
514
558
567
563
563
565
564
578
567
589
600
586
585
600
606
555
480
432
427
456
460
449
465
517
553
570
570
553
561
566
566
542
530
528
563
604
628
630
615
608
624
621
616
616
616
626
612
627
618
623
622
611
598
602
592
594
609
607
590
585
598
612
589
543
525
533
536
524
520
528
516
490
483
478
483
483
479
466
460
467
458
471
473
468
460
466
469
441
436
428
436
444
417
407
401
399
406
406
398
397
419
492
527
528
522
526
523
524
529
530
528
527
525
532
526
531
533
526
529
524
523
522
535
531
530
518
535
526
532
533
537
514
519
526
533
524
521
538
527
502
552
566
408
129
