690
666
586
587
597
575
562
577
591
575
561
578
586
582
578
577
570
575
587
589
558
519
502
487
509
499
519
498
501
469
456
464
454
455
440
441
442
437
445
444
444
434
440
446
443
449
439
446
451
442
416
432
414
423
425
422
419
422
424
431
446
451
443
445
442
442
436
451
465
470
483
467
472
472
478
472
456
460
451
448
458
462
456
457
460
457
460
456
465
461
481
487
473
462
503
563
608
600
592
595
616
587
595
596
607
598
584
586
579
573
592
585
584
590
601
560
497
470
482
487
470
480
477
477
466
464
471
472
480
492
477
462
516
593
628
619
612
621
599
588
593
604
602
593
611
594
525
501
507
523
519
518
530
524
503
459
449
451
445
460
453
455
457
495
488
481
512
591
635
630
599
610
620
599
590
582
583
578
578
584
560
523
499
491
495
500
485
449
423
415
429
418
425
424
428
434
413
421
428
414
417
418
422
412
426
417
429
415
424
429
421
426
442
449
452
471
451
468
454
451
477
510
546
544
533
540
532
534
526
532
544
543
539
556
593
600
611
593
596
584
595
595
578
504
475
480
491
480
443
510
586
609
591
614
610
579
497
457
460
471
475
479
458
432
402
401
393
418
383
391
452
584
663
647
629
648
652
616
573
534
552
559
555
559
550
553
561
564
553
556
557
547
525
501
500
520
502
506
525
519
499
516
526
507
514
524
532
521
525
521
519
506
567
622
670
657
647
645
652
662
653
632
595
587
575
591
588
587
590
591
590
579
573
574
583
572
573
577
588
555
502
470
483
486
482
474
476
482
477
480
492
514
522
528
526
531
543
532
526
530
538
523
516
534
536
524
522
536
529
533
528
537
514
520
528
520
524
527
542
512
517
558
524
502
548
570
416
131
