519
504
460
469
486
506
568
623
615
591
584
625
601
583
607
627
570
500
460
469
468
464
469
463
431
410
403
411
420
397
395
463
540
609
598
578
580
592
595
580
596
603
590
570
530
484
438
415
427
428
425
412
424
421
418
367
352
335
349
358
358
336
384
448
479
473
465
476
478
463
467
501
555
588
589
578
575
597
590
565
501
473
470
479
468
470
469
479
480
484
483
481
470
511
568
606
588
578
567
558
550
540
555
561
552
550
570
593
617
622
620
605
614
633
626
566
485
440
431
445
461
446
428
438
445
416
418
472
570
637
641
611
613
622
590
517
486
495
505
495
504
489
492
488
487
495
499
489
495
515
549
586
591
563
568
585
572
567
528
483
454
445
432
451
428
430
446
448
423
374
358
367
369
364
353
349
366
375
376
376
385
385
386
386
382
369
373
430
546
600
586
572
571
578
582
570
598
589
591
578
580
584
588
575
590
591
575
587
571
527
494
537
603
608
613
608
596
611
600
601
600
587
593
595
588
573
588
591
583
587
583
591
591
586
595
603
557
503
486
489
469
498
480
495
513
498
495
498
491
498
486
491
506
507
490
522
556
588
587
567
578
576
577
572
596
619
631
634
633
629
614
620
624
632
580
524
468
468
512
580
611
612
597
599
602
605
594
588
600
605
585
564
550
543
560
557
563
558
552
562
575
546
488
473
473
465
478
461
473
482
522
537
529
513
517
539
534
521
534
530
529
520
542
530
517
525
537
519
532
542
525
519
532
547
511
531
531
541
501
532
550
520
513
561
572
412
132
