560
549
505
516
540
516
498
475
459
440
450
470
446
445
451
462
459
456
461
472
466
464
473
471
459
442
431
433
439
434
439
438
417
377
339
357
355
356
351
363
361
359
356
366
372
400
426
414
389
401
427
396
386
453
612
701
683
658
681
690
683
660
668
681
676
632
599
568
569
575
581
607
627
629
613
602
612
627
622
590
531
479
474
504
502
449
391
367
364
363
407
503
558
555
529
551
550
533
533
529
520
510
519
530
519
522
531
536
539
543
542
540
540
530
566
603
624
626
614
618
630
620
613
583
564
571
570
574
574
572
577
570
563
560
557
564
562
573
576
556
582
623
645
632
632
640
635
609
559
527
519
534
548
526
498
509
501
492
504
511
549
574
578
566
565
592
623
628
631
633
630
621
619
622
623
611
586
561
560
572
573
561
578
564
591
623
645
644
628
626
655
646
617
563
547
542
558
539
543
546
556
545
545
546
533
526
510
520
529
515
506
521
514
489
477
495
481
490
495
484
455
440
446
459
458
448
435
429
419
428
421
417
411
413
476
571
630
625
601
610
641
595
529
511
526
519
500
517
534
502
437
417
430
438
419
427
426
427
431
422
429
438
431
438
440
443
436
445
437
435
439
439
440
419
375
349
354
378
364
347
376
374
349
338
419
528
584
576
564
615
641
629
618
635
636
620
618
625
641
615
594
603
608
584
594
608
610
582
541
505
507
518
521
523
518
532
538
524
528
520
530
527
524
535
534
512
520
526
522
522
526
532
530
519
530
519
525
524
539
529
515
519
529
531
524
523
538
522
534
539
522
512
533
533
523
520
540
531
519
524
547
517
506
548
576
403
119
