565
531
481
522
524
496
528
584
608
595
588
593
572
583
581
553
461
410
428
444
428
437
458
452
440
450
455
448
430
497
589
628
618
596
619
631
593
549
538
539
548
536
527
549
538
538
548
578
592
591
593
587
583
588
583
586
565
561
577
574
574
578
572
566
580
625
658
646
646
660
660
644
649
655
643
571
533
543
566
547
549
545
554
530
517
506
490
459
442
456
449
446
449
454
442
447
509
625
682
659
658
652
648
653
650
607
488
418
427
448
450
429
441
445
434
434
451
432
424
467
541
583
554
554
560
565
546
556
551
568
597
619
618
600
604
620
624
599
539
524
520
515
513
554
620
678
669
654
663
659
652
660
677
645
602
585
580
593
594
578
572
551
563
558
551
546
561
569
556
551
562
561
556
555
570
556
547
564
611
636
624
628
625
619
616
614
594
542
520
532
545
540
538
528
496
470
493
487
489
471
490
494
468
472
473
469
467
467
464
460
450
472
492
478
467
502
543
591
592
566
576
574
590
585
574
589
627
634
638
624
642
631
621
628
627
611
561
532
540
551
546
533
537
555
546
527
520
509
500
506
510
505
495
496
505
512
494
505
499
476
486
485
474
474
484
488
472
464
470
458
469
469
474
467
451
445
446
428
412
407
408
399
416
413
391
415
414
404
384
377
384
383
377
407
489
526
522
512
508
510
498
530
603
629
627
624
622
625
622
602
561
527
520
534
539
540
520
547
525
524
487
475
476
477
489
471
491
524
534
539
531
531
527
518
521
526
525
519
532
518
524
524
528
534
529
540
532
514
518
535
527
519
532
525
525
522
529
523
523
523
545
529
518
528
530
518
532
549
515
497
555
581
416
133
