619
592
535
546
587
607
612
631
631
622
624
626
624
632
602
533
505
514
528
491
422
375
394
417
408
398
424
431
425
402
426
435
406
392
460
616
710
689
662
675
695
688
689
666
634
584
597
610
601
592
596
608
599
583
584
601
584
590
592
589
585
587
585
585
579
573
580
582
582
582
596
588
566
516
478
476
491
487
477
491
504
477
464
487
493
465
403
388
387
404
400
392
397
397
390
413
475
492
486
479
489
485
487
506
554
569
567
550
576
567
559
560
547
531
520
537
530
512
539
580
599
589
571
586
585
578
586
580
562
581
631
667
650
639
650
656
612
557
536
530
534
526
530
506
468
461
454
465
470
456
455
460
493
500
508
516
517
491
504
538
579
609
613
595
557
519
481
473
481
493
482
482
506
503
501
496
501
499
497
500
493
498
494
491
512
550
573
566
540
557
566
544
523
509
519
510
506
517
519
500
534
603
651
637
626
622
641
605
563
552
542
547
548
558
544
510
508
512
502
508
506
520
488
457
436
433
426
440
430
436
441
450
461
442
456
467
444
434
490
640
727
698
604
575
603
606
567
517
497
497
505
511
492
501
515
507
499
496
505
500
485
504
495
496
498
503
512
505
501
496
486
478
456
461
460
464
465
444
429
419
432
434
421
414
418
432
440
413
369
350
356
360
347
346
360
354
351
354
357
351
372
422
418
411
420
435
432
411
472
579
640
633
607
621
619
631
597
544
505
509
527
503
464
464
465
467
457
451
469
471
470
472
471
470
465
457
473
481
476
484
478
482
472
473
494
527
523
524
534
528
528
529
525
543
533
519
517
520
534
535
515
523
533
530
526
530
524
528
521
535
540
537
524
534
535
514
536
542
526
507
551
577
416
137
