547
520
470
463
465
433
437
458
446
452
441
432
413
403
400
405
406
408
396
385
440
551
618
601
575
586
608
592
577
594
594
590
590
593
597
596
610
632
627
613
613
631
636
605
552
517
515
521
564
622
670
670
607
575
570
565
571
572
574
563
569
562
566
567
561
566
561
570
566
548
577
612
622
605
611
632
599
555
524
531
536
530
529
548
535
521
561
621
643
640
638
645
636
636
654
615
565
532
529
537
536
533
532
531
525
521
521
514
524
535
527
539
535
526
499
480
475
471
473
467
476
479
468
476
495
511
490
504
502
499
487
506
554
568
567
558
554
561
558
555
553
546
556
551
549
542
558
556
549
538
557
588
600
609
604
603
589
599
612
577
513
479
490
497
487
484
492
496
478
486
479
481
490
496
493
479
481
486
491
478
484
479
488
483
499
489
493
477
481
491
478
484
492
507
516
517
519
512
518
516
509
513
505
517
518
512
526
524
515
500
545
586
598
616
622
578
495
461
462
465
471
470
473
460
433
422
428
436
417
471
550
613
600
571
589
588
582
579
568
562
527
529
554
542
524
534
557
550
555
578
577
552
566
592
532
463
433
454
460
436
488
585
621
616
598
620
614
610
611
641
591
505
465
468
484
464
470
484
480
433
427
514
644
707
700
682
699
709
687
684
701
671
602
601
607
595
526
496
517
512
460
443
448
455
456
453
452
450
450
457
453
440
454
472
479
479
476
482
476
473
479
479
449
450
444
443
438
452
459
445
438
449
436
407
372
386
412
434
460
466
458
449
460
464
451
452
458
466
453
459
485
549
581
582
572
589
567
539
515
523
522
519
521
535
532
536
533
530
527
522
533
539
536
517
526
540
529
520
528
527
520
515
545
533
523
532
538
530
517
536
536
524
522
538
540
525
522
548
520
500
546
579
421
129
