518
492
441
481
538
587
616
637
614
600
621
652
576
480
408
441
445
425
419
454
517
534
532
533
521
531
521
520
526
528
527
522
544
548
548
545
553
544
544
572
613
661
641
626
631
634
629
590
588
588
586
583
585
595
571
488
462
465
476
471
469
471
456
417
412
396
395
439
528
581
579
560
555
575
577
564
553
547
537
536
545
564
560
554
563
563
564
562
563
572
585
581
585
567
595
587
575
587
584
589
578
586
595
572
559
556
539
546
546
547
549
540
547
559
571
565
561
567
572
562
551
554
568
560
515
485
507
506
499
499
514
573
606
602
590
587
597
606
589
561
546
549
543
538
536
548
547
546
550
567
574
571
572
577
572
560
569
552
515
500
504
524
510
503
518
520
526
545
541
539
517
540
546
538
537
570
628
657
674
658
646
669
668
621
554
521
527
521
525
535
581
590
599
593
605
587
592
587
598
613
604
587
586
583
584
574
529
514
493
523
513
517
513
503
547
599
632
613
534
516
548
624
652
654
637
647
657
644
640
647
649
600
513
470
486
499
498
495
490
491
502
491
468
466
479
462
464
512
594
647
622
631
650
618
518
486
565
605
572
534
524
514
520
506
528
527
532
574
609
580
581
593
597
589
594
582
554
545
539
528
528
533
543
538
516
565
640
684
663
649
680
664
633
591
565
579
587
587
567
576
594
571
528
529
512
540
520
522
537
531
525
528
535
525
516
526
530
528
535
541
520
526
526
526
530
530
526
522
525
520
527
532
526
524
518
531
524
534
513
520
533
535
524
525
545
535
526
531
538
520
522
543
535
514
518
563
526
505
547
571
397
119
