513
500
467
478
501
497
493
477
419
374
377
408
403
383
394
411
411
391
402
454
515
579
583
561
557
547
531
537
538
545
544
531
555
538
534
533
553
567
563
563
564
569
559
574
568
563
565
566
548
572
582
601
590
593
588
595
582
596
580
504
468
475
512
491
465
498
490
451
388
361
364
371
368
377
374
365
382
440
457
440
480
557
604
591
569
593
589
585
610
645
636
620
647
659
617
546
532
528
514
513
541
526
511
475
448
440
445
448
458
431
416
401
400
404
403
413
390
382
456
609
685
667
649
652
670
664
632
598
567
559
563
558
566
557
560
552
531
543
545
537
530
523
549
544
583
619
615
605
612
623
627
576
523
474
466
491
491
454
467
538
617
671
654
652
659
657
657
662
632
569
541
544
528
463
419
421
447
449
423
436
478
512
559
556
534
534
552
537
541
564
566
569
556
561
571
559
558
587
616
632
613
568
556
556
560
558
564
558
554
528
515
522
529
526
518
517
515
505
517
520
514
511
504
512
518
506
522
508
496
507
508
502
498
500
513
544
551
554
540
548
566
555
552
562
556
562
560
567
571
551
568
582
590
557
538
553
547
537
528
563
583
592
601
598
581
606
613
561
488
447
474
461
454
457
464
454
454
452
476
455
439
466
464
420
395
386
366
362
437
559
629
613
601
604
606
599
597
597
597
596
605
607
607
613
613
612
612
608
598
599
611
600
607
609
605
606
622
628
595
546
522
519
524
517
459
447
458
459
452
444
460
459
439
448
462
453
455
452
452
460
453
464
465
454
452
449
470
506
531
531
518
534
532
521
517
533
536
520
516
531
533
527
522
524
533
523
529
527
525
515
533
527
523
526
536
540
537
533
537
527
507
524
550
523
480
542
574
414
136
