637
609
558
600
609
519
496
526
524
507
531
577
589
582
575
579
538
535
542
544
529
546
610
638
618
617
627
623
600
600
624
620
606
612
624
603
621
644
594
514
497
524
592
623
618
608
604
640
631
587
502
466
461
478
457
467
478
473
481
470
438
412
413
431
417
409
473
587
647
627
611
624
637
623
618
628
621
617
631
629
593
509
453
482
500
483
465
450
424
406
425
447
420
404
463
578
634
631
610
622
620
599
590
589
585
594
599
607
591
536
518
516
526
525
505
523
556
621
663
670
646
612
582
533
537
549
546
541
554
552
539
517
504
527
511
507
513
520
507
488
484
482
479
484
483
482
462
463
452
459
460
469
468
471
467
471
480
463
472
507
517
521
520
502
507
528
565
597
593
594
588
600
596
596
595
599
601
577
538
515
509
536
535
525
529
521
532
515
507
471
452
451
472
450
439
452
447
451
446
454
461
440
418
422
433
426
416
435
439
413
442
452
429
409
463
577
632
617
619
624
585
477
414
425
440
457
428
428
476
547
605
594
578
595
633
642
642
639
636
649
647
626
600
576
581
591
570
564
565
589
556
478
438
457
461
452
443
464
480
437
395
379
363
365
377
391
383
356
415
545
630
608
583
604
622
610
602
604
596
596
604
618
602
607
615
603
551
515
530
534
521
515
543
514
492
485
495
525
527
532
531
517
523
523
533
523
536
533
509
523
521
532
524
537
529
523
523
529
527
525
525
526
528
525
517
546
532
523
528
541
524
518
538
538
516
531
548
525
495
542
577
407
137
