612
592
532
562
590
564
542
570
622
615
615
622
638
580
539
506
508
531
526
523
490
431
396
396
417
404
399
397
406
416
416
430
419
410
418
435
411
396
478
626
709
692
661
690
690
701
697
673
633
592
599
615
601
598
585
586
584
575
577
589
572
552
519
471
473
494
494
476
483
486
496
459
412
395
396
402
402
385
397
411
398
391
414
459
487
488
486
486
496
498
494
501
488
482
486
497
489
489
480
507
552
566
570
563
567
570
568
580
563
547
529
534
540
539
531
529
534
524
529
525
525
538
585
603
588
592
587
592
564
564
570
567
564
572
587
578
557
596
634
648
643
648
651
646
657
651
626
576
531
529
529
540
537
526
469
450
462
468
448
458
465
455
456
451
479
500
517
517
495
516
532
513
507
535
576
605
614
602
603
595
604
606
567
505
479
490
493
495
500
507
504
494
499
499
527
540
559
573
562
565
561
562
550
566
567
562
553
562
569
554
560
569
569
557
564
552
520
504
522
508
510
508
543
605
647
651
631
626
639
634
600
568
542
542
555
554
553
533
513
515
504
509
504
503
510
480
449
434
437
441
442
441
431
448
441
446
438
446
450
437
441
454
440
453
449
448
437
423
507
646
733
695
669
683
713
710
663
623
589
592
608
599
584
593
595
599
571
525
514
511
513
507
492
497
502
494
466
447
434
423
410
419
423
403
373
348
349
357
361
355
352
349
365
368
403
443
437
405
402
467
586
639
625
598
616
639
623
622
636
629
630
620
623
624
619
620
632
618
619
624
617
626
632
621
618
620
635
625
620
617
615
632
630
602
532
498
511
526
510
505
505
496
467
462
466
478
464
463
462
459
464
459
470
477
464
464
477
484
491
478
473
477
482
472
480
477
494
515
524
536
523
532
537
518
531
530
526
517
519
534
535
520
537
523
528
521
516
532
529
531
528
528
523
537
541
527
518
539
537
512
527
546
522
505
538
571
419
136
