532
516
457
484
500
482
479
480
421
378
382
410
402
382
397
427
397
390
446
528
575
579
551
557
577
569
560
532
533
527
540
551
554
537
536
520
544
555
574
568
555
552
567
561
563
581
604
569
510
482
489
482
481
491
505
448
401
364
370
356
401
430
454
455
470
557
592
590
576
588
596
572
593
626
652
635
614
573
529
519
542
541
523
535
540
513
469
445
444
453
446
447
457
442
440
451
454
452
448
449
454
442
438
459
447
440
456
455
453
453
463
457
433
410
411
409
377
392
415
404
379
459
606
685
671
645
653
655
578
549
567
576
572
552
572
567
537
526
540
549
539
530
556
597
625
629
612
604
611
636
589
500
462
472
473
470
475
476
484
477
474
481
480
463
475
486
480
480
477
477
475
485
489
471
461
520
619
684
655
645
656
665
642
654
672
635
558
535
544
544
543
534
527
470
426
416
476
512
549
549
534
531
538
546
542
535
536
546
540
547
545
540
536
547
560
554
552
564
557
555
546
577
617
627
627
621
622
612
571
551
546
573
563
553
520
522
507
518
520
515
506
518
508
510
523
514
509
510
506
494
497
500
500
515
508
495
496
530
536
545
561
575
570
560
565
561
567
572
567
588
597
581
569
578
587
586
587
548
531
546
551
543
542
548
589
608
593
587
599
579
491
435
464
501
430
366
416
557
622
617
595
610
615
604
605
610
618
610
614
621
621
607
609
622
613
615
608
610
619
596
551
525
525
533
527
528
535
514
462
453
458
469
451
449
443
475
508
533
540
517
524
528
521
523
535
538
530
526
530
537
530
538
521
532
533
530
520
527
526
523
532
522
533
534
521
527
534
537
522
530
530
523
537
525
527
523
528
540
531
542
532
533
516
516
536
528
530
545
543
529
503
548
572
417
123
