566
530
496
525
525
505
522
594
638
609
607
611
633
629
595
536
503
506
509
512
505
505
495
530
590
638
631
616
623
635
629
606
616
630
624
615
632
657
599
532
506
506
507
519
499
500
526
586
612
621
572
510
479
486
486
472
482
483
475
449
443
442
444
452
432
447
436
444
455
433
425
486
574
619
625
606
582
495
441
443
483
476
457
460
482
453
437
484
574
598
599
599
596
595
604
596
603
604
604
593
604
601
604
598
595
606
577
550
518
528
533
536
518
516
540
553
572
572
561
571
576
558
568
593
629
619
603
620
607
594
600
624
589
558
542
543
543
543
533
542
536
535
570
580
586
590
583
595
592
573
517
502
509
510
514
495
508
506
500
522
595
633
619
607
614
602
590
606
614
581
508
482
491
497
483
486
508
514
520
523
522
526
530
523
532
534
563
587
572
571
578
579
574
576
552
462
417
482
587
625
612
603
624
636
617
611
633
622
617
597
560
536
540
540
535
508
524
525
516
507
527
524
518
503
486
486
491
495
459
453
453
447
454
447
454
456
466
503
527
518
501
512
523
514
505
529
609
634
614
625
620
618
613
628
635
591
518
480
475
482
486
478
469
484
483
478
481
490
492
477
472
520
589
641
640
620
617
630
641
625
623
644
652
599
545
484
498
502
492
487
490
498
497
491
495
488
508
513
534
517
520
527
574
584
578
574
569
586
593
542
470
434
427
440
448
449
448
433
493
568
627
625
598
601
620
620
586
543
524
523
532
541
531
534
534
535
516
521
538
527
526
529
532
528
517
514
532
528
520
529
523
519
523
534
528
521
528
520
529
527
528
522
525
524
509
531
536
519
532
537
525
538
522
532
530
517
523
523
511
518
531
526
530
529
534
526
516
537
535
514
512
554
524
503
553
568
409
127
