567
544
487
506
540
502
506
527
529
499
536
607
622
605
627
626
614
609
624
627
584
533
507
496
499
535
589
617
634
636
599
532
500
501
507
504
507
496
495
529
591
613
613
602
599
596
595
605
578
507
461
472
492
483
495
489
477
440
436
458
441
426
477
562
624
634
612
584
507
439
444
470
465
452
465
472
460
457
459
446
451
470
487
449
447
489
564
628
606
593
601
610
604
603
602
594
596
612
611
583
544
523
518
543
533
531
527
527
533
533
527
529
521
539
560
560
565
566
565
560
567
566
596
611
614
599
565
541
551
547
542
545
544
539
547
572
572
590
587
582
590
580
583
590
585
561
529
487
498
511
509
494
528
595
634
624
615
620
628
620
609
609
597
595
608
603
574
511
480
485
497
490
490
502
501
516
532
529
515
521
541
567
579
584
576
563
571
599
547
463
432
452
444
435
489
584
626
620
610
619
617
594
604
621
629
630
621
614
622
623
621
619
561
535
544
550
535
536
546
533
539
527
533
515
513
527
526
531
514
527
522
517
491
494
488
486
481
485
492
499
487
460
450
461
463
463
453
463
466
502
519
516
508
504
542
594
624
631
617
598
629
637
585
502
464
479
500
489
475
491
492
488
481
478
476
475
490
477
473
511
592
636
627
633
647
651
630
628
641
639
624
626
648
601
524
480
492
502
501
483
506
506
499
513
531
528
527
517
537
561
583
586
572
565
576
586
573
548
484
434
436
460
462
446
435
497
584
616
614
612
581
602
621
584
530
523
533
532
522
527
524
536
512
523
527
525
524
542
534
523
528
539
521
524
524
519
519
520
524
523
525
536
535
513
523
525
521
514
532
548
515
499
548
573
408
125
