570
543
474
491
558
592
597
631
642
590
511
504
507
509
489
532
596
633
636
627
643
595
544
490
499
505
507
508
487
507
522
571
617
608
588
591
613
622
576
526
490
472
479
475
444
436
450
455
439
422
487
571
616
611
595
612
614
602
618
615
569
505
449
448
464
467
457
457
497
567
609
604
594
597
593
590
598
603
594
600
605
579
546
519
523
539
532
527
534
543
524
528
530
520
528
566
574
581
559
575
579
566
560
573
600
605
608
608
607
595
612
621
600
559
547
535
544
532
540
546
547
551
564
577
584
584
575
581
577
580
590
587
584
582
569
532
505
501
513
511
509
507
500
532
589
649
629
614
610
617
613
611
608
608
598
590
609
612
563
505
494
480
488
489
499
480
499
499
488
513
521
535
571
575
581
582
579
572
581
588
549
487
445
439
442
485
576
631
607
597
605
630
614
613
628
622
619
627
636
626
631
634
609
570
532
545
557
542
539
542
561
542
531
542
522
521
519
522
510
511
524
517
516
493
491
499
497
502
485
462
448
462
463
440
441
466
522
531
516
546
609
643
618
612
614
610
606
621
635
600
515
472
483
492
469
474
483
472
474
489
505
473
464
519
587
651
647
630
644
646
639
628
643
640
627
613
621
644
608
534
487
491
497
497
489
495
526
527
525
537
523
533
563
588
569
569
585
580
546
488
452
451
455
464
443
441
479
580
623
619
597
605
617
609
606
614
633
617
602
544
522
522
539
533
545
530
529
525
528
525
533
525
529
527
530
530
531
539
526
530
541
529
521
537
535
515
534
533
511
529
530
540
528
527
555
525
495
546
573
406
136
