623
563
485
522
554
525
497
530
533
511
513
535
521
511
513
556
575
601
607
598
595
617
612
593
583
588
600
568
577
587
594
567
533
503
503
512
515
498
456
435
445
455
462
444
445
465
459
468
472
463
455
445
437
429
449
447
438
422
405
412
407
401
416
417
427
410
416
404
420
405
407
408
417
412
430
456
473
487
469
471
493
473
464
478
476
474
465
482
474
471
483
484
468
460
519
616
652
642
635
662
613
561
520
529
526
526
530
529
476
466
470
476
470
471
479
471
472
461
496
540
567
562
560
558
553
566
582
610
617
598
596
617
624
583
524
490
503
499
498
516
479
386
341
360
377
361
345
364
390
391
392
394
402
387
393
403
395
400
403
404
389
400
413
380
367
465
598
697
684
654
667
677
646
578
570
592
582
567
568
561
563
552
568
572
571
554
558
553
532
558
549
536
533
561
594
624
619
608
613
623
618
577
547
518
528
530
535
530
538
537
548
551
555
547
552
549
553
537
524
515
521
518
516
513
513
519
526
557
568
562
564
575
566
565
581
593
590
592
581
580
601
614
573
487
440
444
461
453
444
482
509
484
476
491
483
476
502
552
576
554
560
574
563
563
571
566
531
524
544
547
529
571
609
638
618
610
623
624
622
616
601
591
593
614
607
596
603
609
604
610
610
595
543
523
530
526
525
515
523
533
527
509
492
469
473
491
495
468
468
467
463
462
454
439
428
432
445
419
405
408
414
391
401
438
501
537
540
520
520
535
526
518
518
534
528
529
533
546
519
524
542
534
524
521
547
535
502
529
552
516
507
548
561
408
130
