573
554
498
527
554
542
522
533
545
592
617
635
608
601
632
597
556
525
545
545
540
539
540
534
537
555
572
587
579
582
570
580
585
562
508
465
478
494
479
496
481
438
414
416
432
422
421
421
439
429
421
426
426
409
408
428
420
422
424
434
417
429
462
495
502
484
475
488
482
481
499
528
554
561
530
514
487
501
509
508
506
512
538
575
626
637
575
494
447
448
455
456
462
457
441
441
476
545
582
580
574
572
585
575
575
578
589
584
569
571
592
619
622
624
622
618
635
625
613
586
571
572
567
586
564
567
569
573
581
603
591
596
583
587
594
584
592
556
563
560
557
556
554
560
565
547
540
515
514
529
524
504
507
536
592
612
606
613
594
606
612
588
545
524
526
520
512
515
528
536
504
457
425
423
425
430
421
424
441
451
448
430
436
446
429
426
485
578
621
616
602
599
608
618
616
575
513
466
471
505
483
469
476
478
467
469
488
487
486
480
498
508
483
470
535
603
631
646
630
633
637
642
604
557
524
521
544
539
536
523
534
553
512
471
462
462
479
482
465
465
479
460
435
424
419
431
428
424
426
434
446
451
444
468
477
488
476
471
467
464
442
439
456
456
441
444
443
426
423
440
448
430
408
470
560
620
613
609
598
609
607
617
576
516
468
476
487
493
481
454
423
385
385
403
392
393
385
407
403
435
461
450
449
460
449
428
486
580
664
637
619
637
653
594
535
512
505
515
509
516
520
510
501
499
498
496
492
480
503
487
490
485
497
525
544
531
536
535
541
533
540
535
529
529
530
528
532
529
532
522
533
524
532
528
523
527
530
521
533
544
535
524
534
520
530
520
533
529
523
533
523
521
524
538
529
528
528
545
525
537
544
531
509
522
553
527
497
553
574
424
122
