674
650
598
621
656
609
568
576
578
569
575
587
587
571
585
592
593
569
524
504
493
503
502
501
502
498
495
494
497
499
502
506
499
460
453
459
457
443
439
453
455
449
448
445
447
442
440
428
427
418
425
414
434
436
450
436
452
460
485
476
470
473
480
478
462
467
453
460
455
455
459
453
453
466
481
486
472
505
469
472
504
572
618
599
587
595
604
585
593
596
590
587
597
605
596
575
586
561
497
458
483
488
480
469
493
488
489
476
496
469
461
509
586
628
618
617
621
617
590
593
597
604
583
589
591
596
589
598
609
590
597
605
602
610
581
521
511
514
518
510
500
506
523
524
495
471
447
455
470
450
444
443
461
457
457
452
471
472
490
488
477
480
511
587
628
619
618
605
594
577
578
601
569
526
479
481
501
507
469
443
415
417
421
419
425
431
420
431
453
449
462
463
472
453
464
472
516
549
543
526
542
536
537
539
535
549
543
547
546
530
539
531
529
543
537
541
547
580
614
602
589
596
607
567
509
481
472
486
508
551
611
610
563
488
460
475
479
452
401
392
395
414
409
394
396
461
587
664
666
632
633
662
651
622
570
555
555
560
572
561
549
565
549
521
503
515
516
506
518
531
530
520
527
543
532
529
534
536
524
517
552
631
654
660
644
647
642
655
635
592
579
579
593
589
588
594
583
588
578
577
580
581
577
576
592
592
548
501
476
492
482
483
474
471
482
486
512
535
530
518
528
545
532
517
514
534
529
529
532
528
529
522
536
530
532
523
537
523
519
537
535
527
521
540
526
509
530
534
523
518
535
536
520
532
549
512
510
558
572
415
135
