522
503
456
444
521
581
610
623
619
598
596
620
634
561
466
417
403
437
454
506
519
529
513
522
518
521
536
547
559
547
549
552
554
577
617
653
634
592
567
592
584
591
575
594
606
555
506
449
447
428
403
405
418
405
391
445
533
588
572
563
558
578
554
544
534
541
540
541
550
540
553
560
580
563
557
564
565
559
562
585
575
582
577
585
574
579
590
584
576
550
545
540
542
545
552
568
573
554
570
577
547
505
498
494
503
507
497
508
503
494
530
587
610
597
585
603
597
549
532
545
553
553
541
548
558
535
544
575
579
562
564
569
571
553
532
517
502
521
517
509
505
511
528
537
535
534
563
618
665
672
623
546
507
513
528
518
544
580
607
585
579
579
587
575
576
597
585
529
514
507
518
520
508
511
521
594
616
626
630
614
627
598
609
642
599
545
505
521
534
523
521
554
620
643
646
638
648
615
521
474
478
496
498
477
478
477
462
464
473
471
459
475
477
459
453
501
596
643
636
609
638
656
595
522
475
491
489
490
481
479
514
557
575
590
577
566
578
592
577
531
512
531
515
517
523
519
509
536
572
598
594
586
590
602
595
582
577
562
554
573
546
523
531
534
525
516
571
636
684
662
669
658
643
603
574
568
579
569
566
576
581
564
531
523
525
521
526
535
536
526
527
528
537
528
531
527
513
533
534
537
529
532
519
524
531
531
526
525
521
537
536
527
519
535
529
511
526
529
521
525
533
533
514
531
557
529
501
541
570
427
122
