562
537
490
511
532
510
500
520
519
499
517
575
587
583
573
593
600
580
571
582
595
554
474
430
428
447
459
446
442
466
450
440
466
460
450
438
482
574
631
606
592
547
547
533
539
538
532
547
544
548
542
559
572
593
595
582
583
600
598
572
571
563
553
563
597
628
661
649
650
649
653
650
657
621
579
536
540
563
555
541
555
548
533
521
513
503
497
509
510
511
505
508
494
457
459
450
454
449
451
457
452
467
463
455
453
471
473
440
451
505
612
672
669
656
647
677
683
608
498
427
423
445
442
423
434
440
444
440
427
433
457
523
568
566
557
555
568
548
561
565
568
553
550
558
556
558
604
629
616
605
607
631
622
591
549
515
506
536
539
510
507
562
626
667
673
659
651
657
663
647
600
573
578
592
589
571
567
565
554
554
550
561
552
562
549
555
556
568
562
561
550
573
597
622
630
627
618
624
639
605
564
541
534
534
541
544
543
521
502
494
489
485
477
483
487
489
493
477
468
467
475
471
463
451
466
465
464
481
487
476
478
481
475
466
499
564
599
597
577
579
578
572
594
620
640
633
626
627
635
638
607
557
539
535
543
550
538
541
550
532
507
504
493
498
495
500
486
486
498
477
481
486
470
465
466
462
467
468
472
467
464
464
469
461
449
440
445
444
437
418
409
400
411
404
398
392
414
417
387
377
382
393
389
382
390
392
377
390
393
373
373
413
485
531
525
517
520
526
520
512
528
513
502
539
590
639
623
613
618
625
617
614
633
633
606
558
527
549
532
531
544
548
540
524
482
465
481
478
487
486
506
540
526
526
520
529
531
529
523
531
526
528
540
529
507
525
539
526
520
527
520
521
534
541
526
541
521
534
526
510
535
539
513
524
553
520
505
543
577
413
126
