545
529
477
502
524
515
490
508
520
561
605
602
582
565
599
604
549
462
410
442
466
453
439
455
473
430
430
483
581
627
617
608
607
614
615
616
628
600
545
539
550
547
530
537
529
543
577
595
586
582
589
595
583
570
585
572
553
581
633
646
653
639
621
575
547
545
552
542
543
545
561
543
505
518
510
519
503
511
507
486
464
445
440
449
461
458
451
468
482
454
446
446
508
607
687
680
597
480
422
432
459
446
436
437
449
444
428
429
447
474
536
573
571
543
556
559
560
558
569
607
612
610
621
627
614
607
627
603
550
524
510
517
564
625
676
670
660
652
671
659
639
608
582
577
586
584
592
592
585
562
561
563
565
561
559
555
561
557
550
564
563
557
554
564
605
623
627
618
625
640
610
555
542
533
540
551
546
531
495
485
480
488
491
476
487
502
492
461
455
460
478
450
468
461
455
458
480
485
480
482
489
469
469
497
562
585
586
579
580
593
623
641
634
624
634
636
609
562
546
544
546
544
546
539
514
497
490
480
478
493
491
464
472
466
467
468
464
462
470
468
460
454
453
428
433
441
453
449
444
426
390
385
423
398
382
381
394
383
379
407
498
526
514
517
524
507
509
548
606
621
622
620
635
630
622
623
605
556
522
529
530
516
483
476
487
472
466
484
513
526
524
538
537
526
522
525
523
522
528
517
527
526
530
524
515
526
530
537
520
519
523
532
524
526
524
525
522
527
531
530
531
527
521
526
525
528
519
524
529
535
523
534
533
523
531
530
521
516
525
538
521
518
536
535
513
522
539
528
502
555
579
409
115
