600
567
524
554
584
553
550
572
567
538
558
603
618
628
633
594
537
491
500
515
498
506
518
507
529
579
619
605
588
591
610
599
608
606
611
591
590
614
604
574
507
480
473
487
490
489
486
480
482
487
478
484
477
481
486
482
469
478
486
490
480
480
481
480
476
482
472
465
497
502
460
403
365
361
351
403
504
562
554
527
542
570
565
572
574
570
567
567
576
589
593
586
585
597
597
563
501
442
462
469
451
445
500
601
633
628
614
635
632
619
622
631
615
624
624
620
623
620
630
627
604
557
534
537
549
545
544
545
536
530
547
544
526
514
521
511
499
481
489
508
497
496
486
489
475
493
497
481
474
454
463
463
464
451
460
450
459
467
458
436
422
434
424
425
440
446
454
450
461
460
448
444
464
492
508
511
498
491
500
499
488
505
511
508
502
503
511
502
512
500
494
503
498
501
496
493
507
505
496
501
501
492
504
500
507
481
502
500
489
490
475
502
503
472
469
467
471
476
481
469
475
459
465
463
460
468
460
456
475
478
475
464
478
474
467
471
469
449
451
457
448
455
439
443
450
444
448
456
449
453
452
457
455
446
452
451
441
455
457
451
422
410
417
404
408
439
406
392
459
585
624
612
606
606
585
507
466
482
502
481
489
492
483
497
564
626
599
579
603
612
560
462
422
435
442
435
433
444
443
433
432
438
442
436
436
446
434
436
437
445
427
431
432
444
435
438
412
386
356
365
383
371
359
427
534
610
626
636
647
650
655
627
641
645
633
640
640
635
640
644
640
640
640
645
630
599
566
561
598
594
551
508
499
494
499
498
497
521
522
526
519
529
526
521
537
521
529
528
524
529
520
527
519
525
535
527
531
519
526
532
521
522
540
520
527
534
531
521
526
536
534
523
550
539
502
523
548
526
508
550
566
413
130
