608
586
543
570
583
553
549
566
583
568
572
587
574
568
570
578
582
570
581
583
570
579
570
568
572
571
576
572
565
573
569
570
575
587
569
579
576
578
566
581
594
603
603
591
604
595
598
595
592
582
583
580
580
549
517
484
500
499
496
480
461
452
457
460
449
447
448
452
449
452
458
485
482
484
481
479
480
466
458
465
478
470
443
434
419
429
428
408
424
427
396
359
331
345
359
341
351
436
466
469
434
498
589
640
621
625
621
627
613
613
625
618
603
589
594
597
594
596
593
577
530
502
507
514
506
506
512
508
489
461
453
453
453
445
445
448
445
445
455
451
463
464
462
463
454
451
461
450
464
453
457
449
429
433
423
431
432
425
437
425
422
419
435
436
413
410
411
418
386
399
413
395
392
453
571
615
610
609
592
534
500
493
516
500
493
534
551
539
531
553
544
528
551
589
602
584
593
612
574
501
486
489
482
493
499
491
475
503
572
607
600
596
613
604
596
593
621
587
514
475
480
485
486
493
505
483
457
453
445
451
451
446
445
447
470
482
476
474
473
470
475
481
480
475
455
412
400
419
425
403
406
404
400
395
421
406
405
420
419
401
402
428
453
467
484
470
467
471
470
478
461
497
545
590
586
576
583
570
584
620
634
623
623
618
636
621
614
632
613
545
521
532
536
530
525
517
541
541
530
528
531
527
549
537
531
538
536
518
520
526
515
530
546
512
479
448
463
469
450
463
478
447
422
397
405
421
414
402
404
412
403
413
405
395
419
420
404
389
459
568
632
622
601
602
613
612
599
619
609
607
608
610
605
578
546
501
511
515
501
503
525
563
575
561
564
561
573
554
562
566
565
566
558
566
560
565
567
568
561
568
564
566
565
556
565
571
574
576
562
571
575
572
574
566
559
558
519
519
523
533
537
525
520
533
521
534
524
522
517
530
540
522
518
538
534
522
530
530
536
524
510
519
524
516
518
543
529
515
537
529
520
531
548
534
501
553
566
405
116
