497
474
419
450
459
449
421
425
419
424
423
429
427
436
414
407
409
403
390
379
438
547
619
603
592
577
553
525
508
542
536
531
535
530
544
589
612
620
601
586
562
521
514
545
535
491
476
494
498
491
485
497
492
467
455
466
455
457
457
464
450
451
448
444
435
451
443
450
440
444
446
443
449
437
430
469
562
618
609
583
590
612
573
502
470
473
533
639
702
692
665
661
704
707
657
619
595
588
574
596
600
563
495
468
463
473
449
417
421
421
437
428
410
418
481
559
615
602
576
587
595
600
586
583
600
584
561
545
518
525
529
523
518
538
566
581
579
573
571
582
602
617
611
626
618
589
536
485
481
552
642
686
679
672
685
674
597
566
567
585
566
571
581
572
513
489
495
504
544
560
561
562
546
565
560
552
566
576
559
560
572
565
572
574
591
587
577
587
610
561
498
489
488
486
485
514
496
474
537
645
699
671
677
697
674
576
538
554
557
553
557
562
553
550
572
534
492
466
478
481
473
469
478
472
474
474
478
475
479
471
465
523
631
700
690
668
671
699
675
675
670
685
664
657
684
684
651
609
595
601
597
588
599
606
564
496
433
449
460
457
441
452
479
457
431
407
350
354
361
372
350
341
414
512
559
547
540
546
554
537
552
532
557
550
545
543
543
544
553
554
554
536
547
561
565
572
579
582
582
565
569
578
592
596
606
608
591
596
592
569
547
523
522
531
529
531
530
525
512
470
463
446
450
464
465
459
459
469
511
534
537
519
532
539
532
518
526
538
530
521
529
521
517
517
524
533
526
529
525
520
530
530
523
509
531
527
520
517
533
537
513
523
544
524
497
549
574
416
131
