614
577
528
559
580
554
545
562
555
555
562
621
630
615
621
633
604
625
650
616
526
491
510
528
505
512
506
513
502
529
575
608
607
613
597
602
601
592
604
584
599
607
609
569
500
468
483
499
475
466
486
500
462
395
380
368
373
378
356
372
370
374
373
369
382
397
374
359
405
504
559
549
541
557
565
573
571
567
592
570
566
578
579
584
597
601
589
583
584
595
571
507
449
470
475
455
449
496
592
639
622
620
620
632
624
630
631
619
607
627
630
629
629
628
626
619
620
626
626
636
635
607
555
527
536
545
556
543
537
521
512
516
519
522
509
516
500
491
499
494
495
490
479
498
482
485
488
488
498
491
486
466
463
464
470
468
458
475
458
438
422
436
446
427
429
441
418
412
417
442
462
446
453
451
436
460
480
504
500
490
497
499
491
498
492
506
514
511
504
503
503
501
514
506
508
507
497
500
512
498
495
501
496
497
500
495
491
498
483
497
499
495
498
502
495
499
486
498
481
471
469
474
473
462
459
473
468
464
464
461
461
454
466
469
485
483
479
481
477
484
471
458
448
454
454
438
448
454
444
428
410
414
400
412
416
411
409
461
561
629
630
616
608
621
617
582
523
475
462
483
487
474
473
515
559
587
600
596
584
606
614
556
474
434
435
437
434
433
439
438
434
437
437
442
436
441
440
417
394
361
368
385
393
367
347
422
533
592
583
568
566
584
587
575
575
602
621
625
595
575
577
587
570
577
584
570
512
474
491
499
485
493
502
507
516
535
528
538
519
527
527
534
529
528
527
532
537
521
533
523
529
529
524
531
521
509
524
528
522
520
532
532
521
535
519
512
526
549
523
494
547
563
414
132
