624
595
546
563
585
570
570
596
604
588
586
599
594
582
614
607
601
591
586
598
597
607
567
503
471
475
485
486
480
494
489
455
452
453
490
542
584
584
564
559
569
570
552
572
581
611
629
633
631
624
629
640
630
601
561
515
514
532
535
528
539
540
522
477
448
460
461
459
455
494
502
496
502
500
501
481
493
498
488
483
519
587
637
618
608
602
582
556
559
578
560
562
563
574
564
555
553
557
553
541
562
584
593
594
600
601
588
592
602
599
594
602
571
521
489
496
513
473
429
419
415
416
435
474
498
476
488
469
474
514
542
569
561
561
571
562
572
570
540
505
469
475
495
477
469
483
477
471
468
477
484
476
468
506
532
553
548
548
553
557
544
562
589
602
589
589
598
595
564
502
494
486
499
489
489
482
527
551
593
596
584
572
576
600
546
474
429
440
440
440
448
472
496
481
476
477
505
557
572
583
559
551
537
555
559
573
594
594
582
583
593
596
549
504
467
481
490
476
485
485
502
486
469
470
473
469
480
469
476
470
465
469
467
469
475
466
484
531
570
565
555
573
614
609
569
518
482
473
496
506
486
481
524
563
582
594
584
550
475
432
432
458
446
436
437
455
467
485
487
490
465
477
516
555
586
574
573
568
575
560
574
586
557
485
448
454
474
462
463
482
473
461
477
487
467
456
487
557
581
585
588
573
538
515
523
535
533
518
542
538
527
524
543
533
529
529
532
520
518
522
530
529
522
540
532
517
523
539
538
519
523
541
526
509
542
533
518
538
548
519
502
562
577
409
135
