543
524
483
502
531
509
505
506
524
522
562
596
591
581
555
489
432
417
448
456
443
441
450
467
429
446
487
565
620
613
597
597
613
610
603
624
610
552
535
531
544
541
538
541
549
567
585
590
585
584
594
593
586
584
596
580
563
576
573
567
564
591
569
546
581
642
655
642
658
657
655
647
654
628
560
530
545
565
544
543
555
543
512
498
504
513
506
498
507
505
504
492
457
449
453
449
450
442
453
453
441
459
475
455
435
516
613
672
668
656
656
662
654
647
650
664
667
608
488
421
429
450
443
426
427
465
516
567
577
562
543
551
567
552
548
572
607
616
609
614
620
611
608
623
588
534
514
525
536
517
552
636
674
670
655
667
675
644
596
583
587
574
576
576
585
581
583
587
585
581
591
599
583
581
575
586
585
586
585
588
594
591
583
582
593
585
595
577
581
583
584
590
589
594
560
556
554
550
551
557
560
557
553
563
552
551
550
568
563
559
573
612
633
614
612
620
624
604
570
542
533
543
550
547
518
503
486
490
477
463
463
462
468
477
469
486
479
483
477
477
497
555
592
592
567
571
594
617
626
629
631
635
596
566
539
538
540
520
493
499
498
481
477
480
486
477
478
477
472
458
466
470
460
462
473
464
443
441
451
443
440
442
447
429
411
405
415
406
386
389
406
399
379
416
484
536
510
513
519
515
503
548
606
628
622
597
619
630
606
617
634
643
605
543
527
524
528
541
534
544
524
482
472
473
474
478
484
506
538
527
521
530
533
535
522
526
532
537
540
523
517
527
529
548
537
519
523
535
531
508
533
537
530
515
533
531
502
520
555
510
499
560
579
412
128
