505
489
457
478
500
476
455
470
481
482
487
487
486
467
469
488
477
472
483
506
570
614
634
611
604
603
625
637
581
477
417
418
440
446
419
429
463
508
542
537
531
512
534
551
564
550
538
570
617
655
642
633
632
641
623
609
596
585
589
597
598
551
499
463
455
479
481
453
427
407
404
414
409
390
415
425
412
389
445
523
588
576
563
547
534
538
541
552
542
539
545
537
542
546
562
570
565
568
593
578
568
556
548
541
540
548
544
537
538
547
541
544
573
575
555
516
504
495
509
507
504
500
488
523
584
592
585
584
596
592
562
529
521
549
542
530
546
552
573
564
566
580
575
571
574
565
558
527
512
511
507
531
528
532
540
541
531
526
578
646
682
654
647
658
658
645
644
659
630
545
512
517
533
536
564
603
593
579
584
581
570
579
597
593
564
538
510
501
537
597
623
626
608
619
600
559
521
523
531
546
520
524
546
606
644
648
648
647
643
648
641
636
626
627
647
637
650
643
640
636
664
656
612
526
484
490
483
481
458
476
468
476
465
453
465
501
584
648
634
625
638
657
653
590
533
490
475
496
503
481
481
507
553
586
584
579
569
573
575
591
570
535
516
513
518
530
533
511
515
525
519
514
514
536
584
605
600
593
593
595
604
586
560
561
561
557
559
557
572
557
539
536
543
522
532
543
535
533
569
636
666
671
658
666
665
655
668
641
606
570
576
602
570
567
581
590
565
537
533
538
527
544
524
525
531
524
533
511
528
524
524
534
538
538
530
520
530
527
529
541
544
529
523
531
527
526
536
545
519
525
536
535
521
522
530
524
494
550
576
407
129
