475
467
416
415
426
414
406
428
417
410
412
405
433
467
492
489
480
471
484
493
529
549
549
542
529
549
548
511
456
426
415
441
433
431
430
462
533
581
580
561
570
599
633
628
643
633
647
626
612
587
577
587
592
579
590
603
595
553
502
471
466
479
490
482
472
492
494
490
464
415
403
379
392
404
383
374
405
451
481
477
466
484
466
473
500
553
579
548
559
557
560
577
605
620
625
620
616
619
634
625
598
526
478
485
500
498
493
497
472
460
453
468
456
437
429
436
441
434
442
444
448
436
440
450
441
422
405
375
374
400
404
384
369
424
444
479
467
466
455
471
465
497
520
524
513
500
509
512
534
558
590
577
569
573
578
583
581
562
496
467
460
489
470
448
511
593
609
603
605
591
563
506
453
459
469
487
456
443
508
618
679
669
654
670
653
599
573
580
591
577
587
597
595
589
564
539
510
502
512
518
498
463
460
457
467
460
451
467
464
467
458
460
471
466
464
460
467
454
459
465
469
473
480
481
478
478
487
484
470
472
477
475
474
478
479
473
487
462
419
404
411
416
407
407
415
410
406
422
417
405
389
397
391
382
393
409
374
370
452
598
675
663
621
614
592
587
604
584
539
494
515
521
511
486
510
537
498
470
461
457
451
458
455
463
474
478
489
486
481
482
489
501
517
536
538
532
532
535
532
534
528
528
532
519
533
531
523
525
525
539
528
526
537
525
515
528
542
530
517
529
532
511
526
540
536
515
530
542
539
492
550
570
410
130
