546
525
483
502
530
500
436
444
461
443
447
455
464
431
397
400
394
397
408
410
398
386
447
561
605
611
587
594
609
582
586
609
626
621
624
645
615
544
520
531
540
533
532
528
539
537
543
528
522
561
624
664
673
653
659
668
656
667
661
677
677
647
605
561
555
572
573
566
566
571
570
554
561
569
561
562
590
603
618
606
619
613
612
606
609
604
590
542
515
526
543
521
518
552
615
640
626
628
629
635
645
651
619
561
521
512
533
528
517
523
531
523
490
465
478
467
471
467
477
469
468
478
485
498
481
513
553
559
559
561
569
564
564
555
561
568
549
556
554
546
553
546
570
578
608
612
601
598
611
591
508
478
482
490
492
495
492
491
487
502
526
506
515
520
514
515
538
592
614
595
595
601
606
597
614
572
501
461
474
484
442
425
440
446
438
427
435
431
425
428
440
425
431
440
444
435
420
456
552
602
596
588
581
583
580
586
599
596
590
580
545
533
529
531
525
538
549
532
524
546
553
553
576
572
564
563
573
538
475
434
454
463
442
442
477
449
431
478
579
620
605
597
604
605
607
614
619
627
623
609
623
615
619
623
616
629
624
602
515
483
467
481
480
472
487
486
471
453
450
460
460
448
433
502
640
718
697
653
683
706
686
701
694
693
686
683
699
686
686
690
704
695
692
686
680
690
670
686
679
688
686
696
674
688
702
692
659
620
599
601
593
605
607
576
536
499
507
529
508
510
508
518
521
508
464
457
451
464
450
448
452
452
437
448
448
464
481
489
474
470
482
476
473
452
446
439
443
450
460
453
428
417
381
384
395
400
396
394
404
402
401
400
391
387
390
382
401
395
396
409
388
387
380
410
439
459
460
455
449
453
458
454
443
493
562
589
579
567
584
586
576
576
600
568
535
518
524
536
520
537
534
517
528
521
524
530
530
527
532
533
527
524
522
519
527
528
521
527
520
516
527
537
527
517
524
529
525
534
550
528
510
554
570
405
125
