668
628
578
605
637
602
604
611
594
531
515
526
523
530
517
541
537
516
521
524
509
520
535
543
519
505
493
491
498
491
487
491
478
485
474
454
460
465
462
462
448
414
395
407
427
411
422
409
416
403
400
387
384
389
394
391
386
391
393
380
404
453
493
487
475
482
509
555
574
570
570
572
578
585
577
566
582
607
610
616
612
617
624
608
630
598
539
491
499
519
516
509
515
519
490
473
468
459
465
471
466
455
485
494
502
506
491
496
493
492
484
489
488
495
501
487
460
450
449
454
458
474
493
476
466
517
599
649
639
638
639
655
653
610
567
521
527
539
534
529
530
520
502
484
470
507
491
485
494
495
469
422
410
403
404
405
418
418
412
383
384
380
366
393
388
378
369
459
589
669
640
640
651
653
597
571
593
591
571
581
598
566
502
480
494
511
491
496
500
473
422
386
387
403
406
417
445
447
414
427
441
428
418
470
573
621
610
602
611
607
623
616
592
549
516
526
534
525
527
526
527
519
518
532
515
529
562
579
555
562
565
562
546
530
531
530
536
542
530
525
561
643
688
694
673
673
700
684
665
627
601
601
621
604
601
618
610
573
541
522
516
531
520
529
530
533
525
529
519
528
522
528
513
525
521
521
526
521
523
525
510
523
520
539
506
476
470
484
495
473
460
519
589
625
617
605
621
642
624
582
550
512
508
539
522
516
508
558
610
620
627
607
615
617
628
608
602
609
626
619
614
630
629
597
532
505
494
502
498
502
480
472
464
459
470
469
462
464
457
444
443
469
511
545
525
529
528
535
530
528
534
537
522
525
538
528
537
531
534
525
516
539
530
523
512
527
533
524
527
541
538
521
541
527
505
524
555
516
502
540
565
409
130
