571
533
481
509
535
514
508
511
517
540
589
632
603
520
505
523
512
501
502
502
512
496
514
506
486
511
515
506
487
529
608
644
637
634
634
628
618
615
622
623
632
643
630
590
527
501
498
525
505
493
501
532
584
606
599
605
599
603
611
610
582
511
483
479
486
488
490
498
492
480
488
495
490
450
456
445
436
476
575
621
618
590
596
623
626
572
512
446
459
476
456
450
459
477
465
451
491
574
619
605
599
605
605
590
592
614
596
604
590
606
578
547
522
529
525
531
524
525
535
514
520
540
560
559
555
560
566
567
557
575
598
618
615
618
593
555
544
535
538
542
545
538
560
574
579
594
583
578
576
597
565
516
496
517
511
491
521
603
632
623
607
609
621
612
613
624
625
618
597
597
601
597
598
612
593
611
615
567
521
489
487
495
481
492
522
545
526
524
534
531
530
566
577
579
571
575
603
573
534
506
557
618
618
597
603
620
630
622
625
630
621
613
625
605
550
531
536
549
544
541
550
548
535
524
529
512
508
520
526
511
497
494
498
489
491
502
490
449
448
461
458
453
451
474
457
444
462
504
514
527
525
527
512
506
536
591
630
627
616
613
624
635
612
612
627
620
584
517
473
477
498
497
484
469
475
493
484
476
515
589
634
638
628
636
635
633
628
616
534
495
485
510
513
490
504
519
517
519
530
526
522
524
524
527
531
578
592
583
579
576
590
584
546
492
436
437
459
473
428
442
491
567
610
619
608
584
552
511
521
537
531
517
531
527
541
524
521
532
529
529
531
536
526
530
532
539
515
532
533
532
528
515
521
536
525
524
524
534
521
540
537
517
520
530
535
510
532
544
509
503
543
573
424
124
