614
572
523
559
572
551
532
568
571
545
552
575
560
546
570
612
631
615
640
635
617
620
628
623
614
624
627
619
619
635
632
594
529
490
500
505
507
507
510
515
509
501
508
508
515
490
508
526
497
485
537
575
619
605
600
604
608
599
607
603
598
600
606
594
604
600
612
558
525
466
469
490
481
476
476
484
486
486
485
486
494
477
460
412
347
345
415
506
558
555
546
553
556
540
552
545
546
559
573
566
575
572
592
590
595
593
568
493
454
471
464
451
482
587
645
634
615
634
628
631
622
638
626
621
620
629
610
557
541
547
546
527
519
510
509
512
511
506
515
507
495
484
486
499
493
483
485
492
490
475
488
480
483
470
478
457
470
461
477
465
462
432
420
434
439
433
421
436
411
419
423
438
426
432
451
455
457
448
447
459
448
456
479
486
502
498
493
496
494
491
496
496
495
488
495
493
501
511
510
517
514
510
520
510
511
497
503
502
501
520
493
501
495
496
494
499
501
499
494
498
496
495
470
468
463
468
462
465
463
463
467
464
468
486
473
452
448
459
449
445
444
422
407
409
421
423
403
401
456
576
633
625
611
623
593
507
458
483
501
479
454
500
580
599
588
610
559
461
418
433
461
430
423
446
449
399
392
384
361
363
428
532
602
598
586
578
583
602
626
632
642
626
644
650
641
637
635
626
635
632
631
586
567
571
585
558
589
588
556
512
501
490
506
493
503
527
525
530
531
541
534
522
524
531
526
531
533
529
530
519
535
531
522
516
527
520
525
518
536
537
530
537
531
525
528
547
526
524
525
534
533
522
518
546
516
495
554
580
409
137
