657
633
583
585
623
617
553
488
456
439
465
471
442
452
468
465
448
451
454
438
430
401
397
408
415
396
386
467
597
687
663
629
660
688
640
562
550
561
567
562
547
570
563
546
545
548
538
552
550
545
542
546
586
604
563
483
445
459
472
454
469
482
452
435
435
444
424
423
429
430
425
428
429
427
425
432
433
416
417
479
563
616
629
605
611
622
618
578
513
471
481
466
421
380
393
405
390
393
405
428
381
392
432
483
510
518
513
508
520
508
502
522
581
625
623
608
604
619
620
607
608
613
593
540
502
504
505
513
496
514
502
463
445
457
441
424
426
428
430
432
422
433
414
407
390
402
401
401
400
394
381
416
458
476
473
468
482
475
471
491
539
547
546
543
539
532
513
516
531
531
527
520
546
582
604
584
598
603
587
599
592
605
601
596
601
617
607
596
603
600
580
571
553
551
568
564
542
524
485
510
510
501
505
545
600
631
633
612
618
634
633
589
519
451
468
476
484
462
457
502
576
617
607
606
609
609
603
612
601
597
606
597
597
585
593
607
604
602
601
600
606
582
601
605
578
537
522
523
529
524
525
525
515
537
552
561
547
558
588
589
605
610
567
503
457
468
472
470
501
553
604
597
590
589
604
600
569
515
493
493
500
496
506
527
519
507
515
522
505
511
544
629
670
654
644
660
678
635
598
586
594
597
589
589
597
582
564
540
539
550
546
511
473
484
481
487
478
492
521
531
524
520
530
527
530
526
519
533
537
528
521
523
524
537
540
531
534
529
528
524
522
524
524
522
518
521
523
529
541
529
538
528
527
528
526
530
523
518
515
531
526
526
527
533
536
520
524
522
526
531
519
523
526
530
527
518
537
528
513
529
541
516
526
532
540
517
526
545
522
506
546
569
406
128
