656
624
582
606
621
546
509
526
558
535
513
511
492
474
495
504
491
489
475
481
455
451
478
476
444
420
426
412
410
413
423
395
406
426
415
403
392
395
388
382
381
393
395
388
398
392
389
375
412
469
492
495
494
556
584
572
580
601
623
616
597
621
632
574
529
508
501
507
507
508
502
486
492
507
495
472
459
472
464
465
464
458
461
477
489
501
492
507
495
497
491
491
495
483
496
498
481
460
445
446
446
450
462
448
451
446
443
439
454
456
474
486
470
484
486
470
477
512
599
636
643
628
634
650
650
619
562
530
526
537
534
539
519
499
492
486
501
483
500
492
465
427
399
407
423
425
411
413
413
417
424
419
409
405
408
410
410
410
411
418
413
414
428
417
394
387
383
399
393
387
391
407
384
354
443
600
676
650
630
637
648
647
641
646
658
658
643
646
606
579
583
597
571
577
589
583
521
479
509
514
482
487
508
503
462
422
389
376
393
404
404
378
393
433
435
430
436
443
423
420
473
579
624
619
615
608
617
622
608
540
506
519
541
528
526
529
524
523
516
529
561
560
572
562
553
563
566
560
530
542
539
533
535
536
526
520
581
649
699
685
685
657
638
597
595
616
604
584
603
611
603
589
608
615
580
546
527
521
526
516
524
521
536
531
518
510
527
531
494
461
433
445
444
444
441
480
484
485
479
469
488
481
464
461
513
585
632
636
615
606
630
628
590
543
509
519
524
522
531
505
523
549
587
618
620
619
602
631
627
600
530
482
492
521
507
492
493
504
494
466
457
466
466
459
473
463
464
449
452
448
456
465
453
443
446
473
515
528
531
519
527
529
518
526
528
515
536
513
521
525
544
525
534
525
539
531
520
531
536
524
537
530
533
532
524
527
519
528
531
536
525
525
524
515
530
523
535
529
520
531
526
521
534
535
532
534
536
532
528
527
538
526
539
528
531
516
532
525
519
519
540
525
513
529
555
524
505
550
575
404
134
