578
551
516
536
545
529
524
587
622
606
616
620
633
611
579
566
520
523
533
554
525
530
528
548
564
578
580
582
563
596
589
553
498
487
484
483
492
488
487
464
441
405
402
424
431
421
419
421
442
463
477
510
519
549
550
544
537
547
551
537
541
527
519
494
496
506
502
495
530
585
618
628
616
616
638
635
588
496
432
438
481
464
442
488
563
594
586
573
579
590
574
592
609
633
621
622
629
620
627
641
624
621
623
626
596
584
567
567
575
578
565
574
577
584
577
589
584
596
582
565
555
566
548
561
557
571
551
560
557
547
553
555
557
525
505
505
532
513
510
545
594
613
615
611
613
614
621
589
539
528
521
530
517
520
520
502
455
420
424
441
418
424
437
434
418
445
447
421
418
474
564
623
605
589
595
618
609
564
520
472
474
497
501
470
466
536
602
647
633
629
630
653
609
551
531
542
549
520
481
462
461
479
489
467
435
420
433
432
428
428
417
421
433
439
447
439
438
449
461
474
469
478
482
474
465
454
453
457
447
442
463
457
452
436
441
433
425
443
443
428
410
464
569
630
623
609
614
614
612
617
572
524
476
478
498
497
470
427
397
399
396
385
396
402
442
455
446
443
443
433
492
586
659
642
611
618
642
642
590
546
513
504
524
518
503
508
518
505
490
487
490
500
494
496
497
492
513
544
544
523
541
549
529
540
534
539
528
522
543
523
524
530
528
526
525
532
538
518
526
549
532
517
540
532
506
517
549
526
507
550
580
411
130
