650
620
564
595
631
574
513
515
545
515
509
532
520
502
534
564
575
571
566
584
584
564
546
536
543
526
535
549
592
614
627
618
614
617
630
638
592
543
499
491
507
517
505
481
532
595
631
618
605
615
617
611
626
629
572
503
469
463
439
420
427
429
421
422
433
420
405
461
586
655
632
629
634
645
629
625
627
636
628
641
617
624
630
642
636
623
626
632
623
619
618
605
608
611
619
619
620
634
588
517
479
494
486
431
408
437
430
405
454
577
644
602
584
602
601
591
588
602
596
589
595
600
589
588
587
596
588
591
599
583
584
594
609
571
538
531
518
517
542
630
674
639
553
529
549
550
551
542
552
540
512
514
525
521
512
515
516
510
515
516
515
514
511
520
501
484
475
478
486
482
492
490
482
478
476
465
474
454
470
473
452
462
476
463
478
458
469
472
474
473
481
497
519
520
494
506
517
516
502
529
573
588
593
592
595
589
599
591
585
598
606
603
585
602
598
590
597
593
599
589
537
513
514
528
520
519
528
527
528
525
507
470
451
457
459
462
462
440
440
432
427
420
426
421
419
435
454
420
410
458
580
638
621
612
608
624
610
603
632
593
486
409
426
456
434
421
489
566
585
586
576
592
574
576
607
585
577
580
591
576
572
601
629
635
642
653
635
590
568
580
545
489
448
448
465
451
451
454
463
441
399
383
384
388
375
384
397
367
360
427
563
624
613
592
605
617
611
612
604
610
603
611
609
610
618
615
602
603
610
608
550
519
508
528
530
526
542
534
540
526
510
497
492
483
499
492
481
518
529
522
527
524
515
526
531
522
523
523
535
526
528
525
528
519
532
534
522
523
534
532
520
528
547
517
514
535
524
516
527
542
529
488
542
569
404
128
