670
631
571
595
633
589
578
623
611
592
601
627
578
473
434
449
470
448
435
443
420
388
418
424
407
375
467
610
677
667
657
671
639
573
544
558
559
563
546
556
562
566
544
538
549
558
547
534
552
574
584
608
603
595
585
607
604
564
487
439
462
461
460
465
466
457
430
425
429
421
430
424
408
473
562
632
599
489
458
486
493
476
492
489
468
414
394
407
406
390
386
417
482
522
523
501
505
512
509
499
525
592
614
618
599
601
606
607
581
535
517
507
498
507
502
516
533
502
459
451
454
452
462
442
427
419
430
436
437
419
428
425
417
404
404
392
401
390
388
393
417
451
485
479
464
466
480
477
480
488
536
551
539
541
537
539
544
542
527
518
526
521
528
515
509
548
589
605
599
589
593
584
596
592
594
588
584
586
586
594
587
583
578
564
565
569
559
557
560
561
563
555
554
524
506
512
521
521
499
507
562
600
618
624
629
583
517
458
464
484
490
464
458
511
579
614
605
602
607
611
598
615
609
596
605
607
603
587
620
594
593
589
588
611
586
539
512
520
541
566
551
554
566
601
596
597
609
617
573
514
455
464
495
470
469
506
575
604
587
583
599
596
585
603
610
579
524
492
486
494
496
499
495
510
502
492
504
499
502
499
490
485
491
498
505
500
482
498
501
493
493
523
522
515
500
545
635
663
668
648
666
671
636
606
590
592
595
594
584
601
587
553
549
544
539
539
561
539
502
469
476
486
492
480
475
504
527
537
534
522
522
527
527
528
525
527
520
516
524
517
516
521
531
540
524
521
529
524
534
522
527
525
536
526
532
520
535
525
520
529
525
532
520
527
541
531
521
521
534
532
493
557
569
408
124
