646
614
560
598
617
569
531
532
529
513
539
598
613
595
599
595
604
597
590
584
582
590
591
594
599
569
522
514
513
506
460
429
443
462
459
446
450
449
451
458
468
472
463
460
467
466
455
469
466
443
435
435
438
435
443
447
441
424
405
419
426
463
483
483
478
469
480
476
460
455
507
609
648
647
634
646
644
611
547
507
537
547
518
522
545
531
519
480
463
465
467
476
476
468
484
472
469
482
478
484
474
492
537
563
563
547
560
558
550
557
564
556
586
612
628
609
602
617
603
605
598
551
460
389
356
362
356
351
361
357
366
374
406
396
373
388
406
392
374
461
612
685
676
654
658
680
665
644
605
586
580
582
587
560
568
566
577
553
570
563
552
548
546
541
545
537
535
537
561
595
621
617
606
612
624
615
586
539
536
519
525
527
520
517
534
529
526
529
522
546
557
545
548
541
561
562
557
558
557
541
560
544
561
550
535
527
504
494
525
510
504
517
527
513
507
531
558
565
578
572
563
574
573
588
594
591
588
582
585
594
596
558
488
429
440
446
463
460
482
506
485
479
485
484
480
485
477
484
496
555
577
557
554
568
546
525
550
605
631
621
626
621
629
626
628
621
612
612
630
611
587
591
606
601
609
602
596
546
522
540
533
520
520
543
518
497
487
496
503
471
489
474
467
453
471
453
448
439
435
431
427
442
423
412
404
403
403
391
430
490
532
543
531
528
526
519
529
532
526
523
527
541
521
529
527
528
526
529
523
520
524
522
539
520
511
537
541
526
526
532
533
525
537
544
529
523
520
538
522
513
537
539
506
519
545
529
505
549
585
406
130
