613
578
516
535
578
567
536
576
574
546
550
583
626
624
623
642
623
586
541
499
489
501
527
582
606
609
595
591
599
603
603
598
599
608
598
590
595
596
592
574
520
483
477
495
501
458
392
367
377
367
357
420
501
563
566
532
545
568
568
568
577
581
567
563
571
577
578
579
604
602
559
495
461
462
464
468
459
458
452
490
589
637
634
615
625
624
624
610
627
628
627
605
562
538
532
554
546
534
529
520
511
519
498
514
518
518
515
497
495
502
497
489
495
497
496
480
504
492
486
484
493
483
453
464
464
473
455
465
469
464
422
419
428
430
458
435
464
454
447
449
453
444
456
459
443
444
460
486
511
503
495
497
498
493
493
500
499
501
508
513
499
506
510
497
505
498
496
501
503
494
488
502
501
486
497
497
497
499
498
496
489
507
503
493
483
506
497
489
475
477
459
477
462
471
466
463
462
461
465
475
469
473
471
481
477
470
463
474
463
461
446
451
450
449
462
434
419
417
425
415
406
464
575
644
635
610
607
641
632
578
516
479
472
486
489
480
487
499
483
460
504
565
607
580
600
602
582
467
426
438
440
425
431
443
418
379
377
382
374
352
420
536
602
588
573
578
602
621
652
648
642
632
651
638
639
647
642
628
598
573
587
579
563
570
579
588
544
518
483
495
493
498
496
482
486
502
521
527
530
528
522
529
534
534
524
522
532
528
521
523
535
523
528
527
520
520
533
530
522
529
520
528
518
519
535
533
518
528
540
526
535
543
534
503
522
541
517
504
564
577
407
123
