615
585
525
562
577
570
565
584
580
561
567
581
561
564
581
605
600
599
590
601
605
594
580
586
589
582
573
582
586
562
499
488
481
498
499
493
483
465
466
454
464
462
434
454
462
477
480
471
475
475
474
482
473
478
476
479
477
460
460
470
460
465
458
474
456
430
400
412
420
419
414
417
420
399
367
342
341
351
363
342
338
377
436
465
453
443
457
441
452
497
585
641
614
617
617
618
610
614
621
601
591
595
605
599
598
583
536
496
490
512
519
502
513
522
506
484
456
454
435
455
442
449
451
447
453
441
436
447
447
448
464
469
464
451
464
469
449
436
439
448
428
432
431
437
426
431
421
419
419
440
422
394
393
416
405
396
396
422
388
384
452
575
629
611
593
601
613
604
610
598
611
603
605
609
592
598
622
598
527
489
503
513
506
493
504
502
508
535
541
541
531
537
549
544
534
546
540
535
546
541
539
537
540
544
588
593
600
573
514
489
500
506
489
485
518
584
608
611
585
588
602
615
575
514
471
491
505
491
486
500
501
499
471
445
442
440
435
438
441
449
436
452
474
480
481
473
482
476
461
457
456
464
459
448
449
450
438
410
403
413
409
399
413
431
405
403
406
421
398
385
430
454
467
458
490
557
599
590
578
567
581
588
576
577
586
611
624
627
617
621
611
619
634
599
552
524
525
531
526
541
514
481
445
457
469
459
463
460
468
470
457
464
450
444
425
397
396
453
543
618
631
592
591
621
622
587
541
501
493
509
526
507
510
518
520
499
513
515
502
503
518
550
562
560
572
561
556
566
572
566
532
523
526
538
537
524
528
526
517
527
529
526
525
526
534
541
529
521
525
534
539
519
530
535
524
520
532
525
521
529
536
514
505
549
570
419
126
