654
628
561
604
626
610
576
560
530
524
514
539
517
485
495
491
494
476
486
480
455
457
460
454
448
462
479
449
421
415
403
417
416
404
406
411
425
381
390
374
394
376
380
381
378
404
454
492
494
468
476
486
482
470
504
553
577
568
575
583
585
565
586
605
623
607
603
620
621
611
618
624
632
585
533
501
507
506
519
507
489
476
460
464
480
474
463
465
472
490
485
499
497
497
492
506
498
502
498
499
493
496
498
507
495
482
459
450
449
449
463
482
491
476
476
488
486
476
525
605
654
643
638
655
647
639
645
645
632
557
510
530
544
524
516
520
537
526
506
506
476
499
512
477
432
411
413
416
417
419
409
413
411
392
378
368
397
412
384
367
443
572
683
652
634
647
661
653
632
604
578
580
604
604
554
520
498
494
495
486
499
506
506
494
498
489
493
487
487
503
505
500
491
501
493
487
492
480
420
379
389
429
424
427
432
444
430
426
435
438
414
433
443
416
408
473
573
625
614
606
627
599
547
508
519
530
529
525
522
532
531
554
575
570
569
566
569
559
527
522
571
644
696
687
678
674
688
685
694
669
613
589
599
613
609
579
550
520
515
514
526
513
528
535
499
461
440
442
449
474
474
477
467
504
586
617
620
620
611
611
604
621
628
599
540
507
503
539
591
619
617
617
622
626
610
616
621
609
529
460
450
462
466
463
464
450
449
453
458
449
447
452
452
447
471
506
526
529
529
522
532
523
533
527
525
524
523
523
525
533
525
525
532
532
515
531
535
528
521
529
527
523
530
545
521
517
537
543
530
525
518
530
513
513
540
530
506
552
576
412
132
