565
543
493
522
539
514
509
529
533
510
516
528
514
520
527
506
474
436
452
476
462
448
456
470
458
457
466
471
458
464
458
459
429
445
445
422
361
353
357
356
341
353
367
393
392
410
409
402
420
434
398
380
472
615
674
593
547
563
590
564
577
601
628
620
621
610
633
620
580
508
474
493
494
481
484
503
473
394
359
374
390
355
357
391
375
356
409
508
570
543
540
539
547
546
543
551
543
541
539
551
551
542
546
540
534
553
564
546
530
538
541
556
547
532
542
526
519
522
522
516
514
520
523
515
540
548
542
521
540
567
605
623
607
613
612
623
631
606
584
570
569
568
568
566
570
570
570
574
552
558
563
562
564
562
554
564
553
552
568
567
553
579
605
629
645
637
607
576
528
528
537
520
536
535
525
502
500
501
501
484
484
518
540
580
579
576
569
593
619
631
618
623
626
634
620
620
581
578
563
572
568
572
562
565
567
568
555
576
620
635
630
628
637
660
625
574
537
553
550
547
532
525
507
506
517
520
502
512
513
497
477
483
481
483
496
473
462
438
447
454
463
441
449
456
446
448
454
455
454
435
421
412
414
433
421
417
432
431
426
410
431
413
406
471
556
638
614
597
626
643
588
529
507
526
522
513
493
521
516
527
526
501
444
421
424
420
426
415
425
426
432
423
427
421
429
431
420
429
424
427
429
423
435
427
428
430
435
439
425
430
425
436
424
426
424
430
438
425
428
437
430
428
429
431
441
430
440
445
425
384
355
351
355
366
360
378
374
349
357
351
375
354
355
403
520
597
628
628
635
624
622
626
632
636
615
579
537
517
522
535
509
525
523
521
528
521
534
526
522
525
525
532
524
536
529
534
519
526
528
525
535
535
522
531
530
537
516
526
534
522
512
531
523
518
529
523
523
530
530
538
532
529
526
519
508
533
544
515
526
540
533
520
527
547
526
500
551
577
416
127
