686
655
609
630
626
584
565
562
542
495
495
496
462
443
461
477
461
453
460
459
447
439
443
438
436
450
446
438
444
456
447
440
442
450
444
436
451
437
429
449
448
447
428
436
436
440
441
435
423
420
444
450
440
437
444
446
445
444
465
480
466
482
487
483
468
461
462
445
448
460
459
463
455
450
473
478
476
485
475
483
487
481
475
469
480
478
479
473
483
487
471
454
497
576
604
610
598
594
596
592
586
602
591
602
597
599
585
593
596
586
593
578
586
597
597
594
600
584
590
595
584
585
602
563
508
466
477
476
478
476
488
472
468
470
487
470
488
487
482
469
509
589
642
619
605
622
626
609
592
593
597
591
587
615
602
580
535
516
507
527
520
510
508
523
496
460
453
452
460
455
460
445
456
473
484
497
487
496
483
487
479
482
481
468
510
581
639
613
604
611
609
598
578
587
575
580
574
590
583
557
507
478
477
487
488
485
484
499
480
424
410
431
424
426
424
441
457
467
454
463
453
448
458
443
479
518
539
530
534
544
538
537
539
566
596
584
596
606
590
603
610
564
500
463
486
489
471
466
513
566
605
616
572
506
457
469
476
460
464
455
481
451
465
467
448
400
402
404
394
407
394
407
395
400
406
406
379
398
421
387
374
444
591
659
636
629
648
653
626
636
655
627
573
546
556
563
547
554
557
562
542
528
514
509
527
526
530
530
528
532
529
520
553
619
664
666
630
596
591
587
583
585
586
583
578
586
577
558
571
589
553
502
474
473
487
487
467
482
486
521
526
527
527
521
536
528
521
531
536
529
525
527
516
525
520
536
529
517
522
522
518
517
535
527
520
523
539
507
522
543
530
518
514
545
530
499
549
587
417
131
