575
545
492
514
545
510
498
531
541
511
515
541
525
504
475
458
449
456
457
461
449
464
468
440
427
441
447
418
353
352
363
357
348
365
407
385
393
472
617
692
704
662
661
695
683
645
595
570
569
572
576
569
566
573
589
612
626
628
628
614
618
626
635
616
620
610
632
623
611
631
636
598
522
480
484
494
502
485
481
498
501
455
397
380
368
368
381
372
367
357
411
494
556
547
537
527
557
551
543
548
555
542
525
522
511
521
519
522
524
514
522
517
519
511
539
540
541
544
527
562
606
629
637
611
623
626
629
602
572
561
559
569
572
567
566
577
576
575
566
559
566
550
565
574
567
548
559
566
567
569
560
561
571
559
564
578
603
639
650
636
628
632
646
613
555
522
529
539
552
529
526
520
513
543
584
576
555
563
577
567
572
571
574
569
559
572
571
557
562
586
611
629
622
612
628
627
624
624
641
615
583
558
577
573
571
559
567
570
605
638
653
632
648
645
615
563
538
540
545
553
530
551
546
533
520
505
516
512
512
504
494
475
473
509
473
446
450
459
449
447
462
464
435
436
440
413
396
464
576
642
635
607
616
620
621
625
603
534
504
504
490
453
412
438
438
414
421
433
426
418
430
432
419
419
418
441
425
431
449
437
417
438
454
412
378
350
364
375
360
369
364
364
365
375
359
358
379
367
340
396
521
601
579
553
559
567
555
580
631
635
640
615
642
638
633
629
627
607
591
609
605
588
601
606
598
603
602
585
538
507
515
537
511
519
520
512
518
521
541
525
523
522
539
526
538
526
520
529
528
522
526
511
537
534
520
521
521
530
522
533
524
534
514
530
537
526
534
534
520
511
537
539
509
523
529
533
511
531
548
518
504
543
562
417
128
