621
593
534
563
577
575
579
606
609
591
601
615
596
583
611
574
526
467
489
486
445
441
459
479
455
452
493
546
564
561
557
567
584
572
563
575
564
561
561
585
611
641
622
632
638
632
627
633
643
609
560
520
534
542
527
523
535
552
519
467
469
485
500
486
518
591
626
617
603
612
619
620
588
580
556
567
574
564
567
562
569
563
559
579
556
564
560
566
570
558
565
577
551
555
556
554
556
547
561
589
599
614
581
598
618
604
568
509
492
466
439
425
429
424
416
431
460
501
497
484
480
494
501
541
565
573
562
569
581
571
567
576
581
574
548
498
464
464
478
467
479
474
483
489
492
471
485
476
457
476
470
462
475
464
479
536
561
558
538
548
576
585
600
603
602
584
599
607
572
507
491
489
499
488
503
487
487
522
566
591
587
571
578
590
570
571
596
579
580
581
579
572
572
586
573
585
592
575
588
581
589
577
577
591
597
555
480
426
420
457
480
480
469
480
486
494
492
521
557
575
572
580
574
580
569
557
544
560
548
559
547
552
566
575
592
589
585
589
601
589
566
504
466
482
499
499
475
477
477
455
469
465
473
459
489
538
562
553
549
552
544
535
559
588
596
594
605
598
590
607
603
574
536
482
484
498
497
485
484
516
560
580
576
578
576
593
592
593
585
565
582
591
545
467
413
438
447
454
467
490
490
480
478
491
482
475
473
500
567
576
555
492
447
450
476
460
465
470
475
467
471
480
471
466
471
465
465
491
548
591
578
580
584
577
580
562
566
539
520
527
533
525
528
525
536
528
527
527
527
521
521
527
526
524
526
524
533
513
527
527
532
530
519
534
535
528
529
531
520
520
538
535
529
523
529
532
511
526
544
524
499
543
584
413
131
