572
551
512
529
550
525
519
533
543
531
523
541
527
512
542
605
614
604
607
611
617
611
623
629
607
606
618
618
601
555
533
526
541
537
539
527
530
567
595
579
579
592
610
557
502
474
498
476
454
423
417
434
426
411
421
431
472
477
487
486
467
474
494
527
578
531
520
511
496
498
522
592
633
620
622
638
586
500
427
445
464
479
441
460
474
548
588
584
573
608
631
631
601
620
639
599
583
560
566
570
576
577
582
574
593
595
587
594
592
593
560
561
560
558
553
558
562
552
532
504
516
502
537
597
635
593
541
496
537
536
516
516
535
538
513
447
416
427
426
437
420
424
429
426
417
431
446
434
416
435
440
436
419
435
440
430
422
469
565
608
607
596
592
599
609
566
514
472
473
484
485
460
461
487
489
475
485
484
501
496
480
499
483
486
477
517
592
650
641
619
629
645
635
622
620
636
642
648
643
634
625
631
625
632
631
642
614
551
517
531
542
539
529
524
540
519
486
466
472
475
466
463
466
466
449
425
422
438
444
431
441
448
434
438
443
438
430
439
470
491
478
464
482
479
472
457
448
448
445
446
456
449
458
452
458
457
444
457
449
449
449
436
422
419
480
570
612
622
622
602
621
611
603
571
522
472
467
493
501
496
470
416
388
398
408
401
384
403
422
429
442
457
442
422
454
466
444
426
502
600
646
643
645
642
624
620
628
617
538
505
498
522
523
510
510
515
511
508
516
495
482
494
490
482
491
502
488
471
487
513
533
533
541
542
534
537
521
520
520
521
530
524
527
537
531
513
530
538
532
529
533
527
527
526
525
523
533
535
531
524
528
521
532
530
538
525
531
523
539
527
526
535
531
526
521
549
545
528
526
537
530
497
543
576
422
139
