608
581
536
569
587
555
550
606
632
613
603
625
620
611
613
639
618
608
626
630
632
618
619
625
612
628
641
624
621
632
645
616
585
550
516
505
519
520
517
491
434
388
383
400
407
401
387
415
418
403
404
432
402
391
476
630
700
687
665
692
676
615
582
599
597
580
582
586
597
589
594
588
586
586
559
513
469
490
505
489
468
482
485
471
411
390
390
396
393
407
400
389
398
396
391
413
468
500
479
488
494
487
484
511
541
564
567
556
559
551
562
567
560
539
524
533
533
545
570
596
600
588
585
592
595
585
576
576
559
573
591
567
570
593
636
655
653
646
657
664
631
561
519
533
541
534
527
534
528
478
442
481
508
509
506
510
511
506
507
540
569
589
590
605
581
529
474
494
496
478
489
498
503
490
477
503
514
504
495
508
537
560
556
554
568
570
563
553
523
514
501
518
521
502
506
545
607
639
638
634
616
569
549
541
551
544
552
549
559
546
507
493
501
512
484
453
432
432
445
442
444
434
433
445
457
442
440
454
470
439
426
494
631
717
701
650
619
599
596
585
589
601
589
590
605
611
566
525
499
501
507
504
497
485
459
441
461
463
446
424
425
416
421
414
431
419
365
340
359
351
354
348
367
362
336
375
428
422
408
466
586
641
635
616
620
613
620
618
591
550
491
504
524
516
503
497
473
468
444
465
473
458
479
482
485
476
478
501
504
520
524
527
528
539
535
519
535
524
522
522
522
526
538
522
524
525
542
520
536
529
526
516
533
532
533
524
537
532
531
536
537
533
528
526
523
517
511
533
534
524
526
527
524
509
524
531
521
519
535
534
522
521
533
517
500
550
578
419
133
