487
474
424
448
450
416
407
412
417
407
414
413
424
463
490
501
519
555
570
540
520
555
564
521
446
418
432
431
418
440
439
412
471
550
585
579
583
578
578
588
620
650
646
638
642
649
648
640
655
647
623
600
582
565
507
479
480
484
490
464
415
387
380
401
390
380
416
467
486
483
474
477
483
471
468
497
581
613
598
591
579
581
541
546
570
605
640
628
618
620
601
621
618
620
625
626
625
639
626
642
618
613
626
615
613
617
626
627
619
618
641
621
610
628
630
580
518
493
514
520
499
505
508
490
461
446
460
465
447
463
460
479
451
437
443
437
451
437
443
442
444
445
443
442
450
442
443
443
446
448
464
441
392
380
386
385
388
403
441
472
469
460
459
462
474
493
515
513
499
499
527
564
590
577
586
582
584
578
574
577
576
578
576
581
571
573
586
596
552
504
464
464
471
476
454
458
497
549
601
622
591
583
601
608
572
492
448
477
486
466
454
514
603
670
657
653
656
668
671
657
644
594
575
576
592
594
581
583
592
588
563
526
507
509
522
511
508
506
519
517
503
511
502
518
517
511
504
475
443
457
460
458
453
468
455
473
464
459
459
462
470
463
468
480
485
483
470
470
491
486
470
475
488
481
486
481
481
469
471
484
492
458
428
422
417
406
391
382
382
398
383
377
384
387
404
382
365
449
578
669
661
632
657
678
654
634
649
679
634
601
587
582
574
600
600
582
535
494
527
528
507
506
511
526
520
506
482
446
447
451
452
448
455
466
481
492
489
479
471
483
490
482
464
495
512
513
523
530
538
533
530
535
529
538
522
531
525
530
533
535
522
525
522
524
519
523
522
533
516
533
521
527
520
529
521
523
536
541
510
524
537
534
518
536
540
517
520
544
533
515
540
550
532
503
545
568
419
129
