648
613
559
583
620
589
560
538
523
509
526
536
512
514
554
602
608
603
616
598
603
601
605
593
599
597
573
522
505
505
513
506
507
519
502
510
518
488
457
449
452
462
452
449
462
468
454
479
458
463
467
465
474
457
467
472
463
461
473
471
463
466
472
466
441
434
438
427
418
404
406
412
395
442
467
472
472
489
475
459
504
598
655
650
630
638
662
613
540
527
523
524
530
528
523
530
535
528
520
523
522
529
533
534
526
520
518
526
528
516
479
467
465
478
465
469
466
478
468
472
469
474
475
459
463
473
478
475
481
491
531
569
567
555
547
557
563
587
616
612
594
600
613
609
579
521
494
499
510
497
499
503
505
489
504
505
498
488
496
501
502
494
509
487
505
507
497
498
486
495
499
501
487
509
493
505
482
493
497
501
490
500
505
497
474
394
351
359
377
347
355
377
395
389
403
424
391
357
462
610
693
679
656
679
660
606
584
590
588
580
574
579
566
558
555
565
564
559
556
559
549
546
548
557
537
532
528
566
599
627
623
611
619
624
619
617
596
556
510
538
541
530
529
529
558
554
546
560
553
553
558
550
552
521
514
519
518
518
513
508
522
550
570
581
563
574
576
553
558
578
592
575
587
603
602
580
587
609
557
469
444
452
463
457
441
451
450
447
462
478
483
508
551
574
575
561
551
558
519
543
559
535
530
549
598
621
630
624
625
629
611
606
609
596
610
612
604
597
601
586
600
610
606
594
557
517
514
534
527
518
488
484
484
477
486
490
476
480
487
474
458
449
456
467
457
473
459
464
451
472
473
447
430
423
436
426
430
429
431
411
405
402
403
408
414
396
397
438
496
532
541
511
521
532
523
533
544
527
516
527
535
534
521
537
532
541
530
532
526
512
528
532
510
536
532
532
518
529
529
523
530
535
518
516
529
532
519
519
532
531
510
533
548
521
501
544
574
417
146
