621
591
528
562
576
558
548
580
579
561
560
585
589
567
555
587
596
602
603
606
590
598
602
613
593
594
587
591
585
581
585
587
554
522
489
486
499
492
497
495
503
484
464
457
456
473
451
457
453
462
452
446
460
469
481
479
468
476
477
474
477
466
464
466
470
460
474
455
453
426
409
394
415
409
389
360
352
348
380
431
483
464
448
449
468
448
441
450
445
455
450
461
465
447
463
459
457
447
457
448
449
457
472
452
436
485
577
642
629
614
619
622
611
624
618
612
590
598
584
593
601
603
583
534
492
503
519
504
506
513
499
463
441
446
451
451
458
470
452
458
458
460
460
452
457
458
466
460
462
455
439
438
433
443
437
448
430
429
438
429
433
425
420
420
427
420
419
402
400
386
397
410
384
379
439
560
630
623
598
617
624
578
527
492
494
504
509
499
502
510
535
548
553
535
529
537
549
534
542
540
537
538
547
553
582
586
597
580
593
611
599
561
520
494
486
492
493
480
492
507
479
482
514
563
611
594
590
596
620
613
575
537
472
477
491
496
488
458
441
447
436
427
444
444
443
446
442
431
446
456
467
487
483
484
482
488
483
468
460
446
459
458
458
449
468
465
453
429
405
407
402
405
409
405
405
407
413
409
414
395
403
418
419
409
411
406
409
396
403
410
409
412
410
407
396
401
413
458
478
465
466
472
475
470
466
478
459
490
556
588
590
568
579
585
584
576
595
615
624
629
616
624
630
607
545
513
536
538
522
534
530
508
471
446
454
462
456
467
464
438
419
412
412
413
415
406
388
453
579
651
608
520
495
517
506
507
505
510
496
522
561
566
563
566
585
581
546
544
535
518
517
538
526
527
522
547
526
527
526
537
533
530
538
535
520
526
544
525
539
533
532
527
526
530
525
514
525
544
514
517
544
540
509
524
550
525
503
544
579
408
128
