683
649
592
627
637
552
514
535
544
524
525
548
539
524
524
501
476
483
511
469
428
426
465
468
457
458
476
466
454
484
539
564
563
561
552
566
564
557
587
611
607
602
599
612
607
594
612
609
580
521
496
494
496
494
501
499
504
496
495
503
494
503
502
487
480
478
461
454
500
572
612
590
566
560
569
566
551
567
575
564
561
570
560
550
550
554
543
551
565
559
557
556
565
594
602
618
600
616
619
627
578
505
472
479
491
496
476
496
485
479
493
496
487
509
554
595
572
568
576
591
574
510
481
489
481
480
472
473
478
481
472
471
478
475
481
485
479
484
479
480
473
488
474
488
485
478
480
487
474
488
480
486
478
481
477
469
482
494
483
480
496
504
524
532
517
517
496
522
510
508
508
534
564
606
603
598
607
602
594
590
605
594
596
589
605
566
508
481
489
482
486
478
483
478
455
453
473
466
458
465
479
528
544
536
537
545
536
535
521
560
628
650
660
652
650
651
653
656
635
574
541
545
545
547
549
544
555
565
552
590
612
597
571
525
460
472
512
591
602
592
596
603
590
532
526
518
514
523
528
497
466
439
439
457
450
435
449
447
449
426
418
408
400
409
402
395
408
406
408
408
439
452
438
432
439
443
438
426
459
441
440
438
460
440
445
449
449
435
392
386
396
382
401
408
368
353
446
598
680
666
652
658
656
609
577
592
608
572
581
592
586
596
559
509
448
463
475
468
460
477
499
463
441
474
556
611
619
596
602
604
610
596
590
603
589
596
591
601
581
575
537
524
529
527
533
528
521
524
529
525
521
525
529
528
529
528
531
529
532
531
524
521
526
531
525
536
525
515
517
538
534
536
525
541
530
507
524
530
530
524
532
538
508
525
545
524
496
549
589
416
127
