496
481
438
456
468
451
431
450
441
407
418
433
427
410
431
418
418
415
436
426
412
417
415
402
387
403
404
384
374
451
563
629
616
597
588
617
613
587
547
539
532
528
549
598
629
583
546
531
526
507
472
480
493
491
482
493
483
493
491
482
490
495
487
491
479
485
485
484
480
480
475
484
493
485
486
467
461
443
459
464
451
441
466
448
449
445
440
439
435
436
440
431
430
473
563
614
610
594
599
599
578
514
475
472
491
488
478
478
487
482
494
494
505
484
464
515
627
697
702
678
678
705
687
665
632
594
547
498
464
457
466
481
460
456
450
423
414
432
441
420
419
463
556
600
603
586
592
615
610
600
566
537
516
502
523
546
551
578
590
579
578
586
592
571
568
581
609
618
618
613
621
603
525
477
481
552
632
678
707
679
676
673
679
678
680
695
693
652
592
566
567
583
582
573
577
584
582
557
512
483
484
495
476
486
510
560
568
559
549
567
568
558
576
571
577
568
569
573
569
583
586
586
585
593
580
582
583
592
588
581
573
587
589
589
566
517
481
473
498
501
479
477
537
649
693
705
668
663
703
705
650
574
540
562
560
553
564
571
535
487
473
470
458
470
487
458
468
518
636
699
681
663
675
680
685
670
658
612
584
585
606
596
578
585
599
603
551
487
457
455
462
454
461
466
436
386
361
362
365
365
373
363
369
411
501
580
555
527
548
558
551
544
572
580
564
574
593
596
580
594
598
563
521
525
531
525
507
532
521
523
477
453
470
466
457
449
461
462
462
474
509
532
535
526
531
534
529
528
525
529
522
524
528
528
518
522
534
531
509
525
535
535
519
530
545
528
521
521
538
507
519
551
520
508
552
565
410
132
