490
471
434
441
482
448
433
434
435
415
411
431
422
416
430
436
417
414
424
425
404
394
416
402
396
402
408
385
391
448
555
611
605
590
596
607
602
573
551
526
524
540
527
526
523
560
586
605
606
611
617
615
601
598
607
588
549
518
521
523
542
531
531
529
524
530
530
522
485
482
494
491
487
477
462
454
459
453
465
456
463
459
458
453
463
448
441
441
440
443
442
446
441
423
463
561
615
581
505
476
489
487
485
482
507
466
479
539
637
705
698
699
688
693
697
693
685
696
687
705
703
707
691
686
696
704
668
617
592
561
499
443
453
471
459
441
419
440
439
430
429
437
437
427
437
431
439
428
429
429
420
468
530
562
518
507
538
579
578
579
578
564
576
615
626
610
603
624
625
607
612
613
616
600
619
628
595
527
500
506
495
487
528
641
705
682
653
674
704
660
588
564
577
579
583
577
572
565
560
567
581
563
517
494
482
489
494
483
485
518
547
560
570
566
558
563
566
564
562
561
570
561
568
564
574
562
571
573
578
577
592
581
586
570
519
478
492
512
483
465
527
653
698
699
676
694
705
652
586
550
542
555
561
562
543
574
547
503
455
487
477
460
459
526
645
693
683
677
673
685
682
680
664
617
591
577
596
586
596
589
604
589
560
493
454
422
392
366
363
388
369
366
368
371
370
358
366
370
369
358
386
375
358
407
512
563
548
538
549
553
537
543
584
580
570
569
581
584
577
577
584
562
573
580
588
590
606
597
594
593
614
602
579
543
517
517
511
527
525
503
481
459
454
460
482
516
538
532
534
521
520
526
532
528
528
533
520
522
541
534
521
526
532
531
513
541
537
523
503
567
573
423
136
