576
531
501
525
548
495
465
456
464
458
450
464
459
456
471
469
450
455
462
456
429
433
434
420
425
424
422
371
340
366
355
346
348
357
364
354
366
365
361
360
402
421
410
398
416
402
402
404
421
386
380
478
608
698
685
665
672
689
695
660
606
559
566
573
580
572
573
579
611
623
619
616
626
628
607
624
637
595
502
466
482
505
488
488
497
471
398
365
376
389
370
367
413
515
552
561
548
547
550
559
540
536
529
518
520
522
527
513
529
541
543
539
527
562
606
625
619
619
618
619
611
620
618
612
568
572
570
573
576
569
560
570
563
561
571
562
559
556
556
565
565
557
558
566
574
613
626
627
627
640
631
629
611
642
635
603
551
522
533
531
534
530
540
542
521
505
483
495
499
493
482
531
557
577
569
564
570
582
571
569
582
582
574
573
557
565
570
579
567
564
587
627
631
633
630
618
582
555
566
584
621
635
610
567
546
541
548
547
553
544
518
500
520
509
515
508
508
504
490
477
485
487
487
485
451
453
446
457
454
446
440
437
424
431
417
417
422
425
420
413
464
569
637
628
579
523
520
518
514
513
519
492
439
415
419
431
419
436
415
427
425
427
427
422
437
440
438
434
433
440
440
442
431
394
367
359
360
375
351
356
374
358
342
408
528
588
568
555
569
584
560
555
592
616
637
639
635
634
638
639
631
613
593
597
589
601
564
536
521
525
527
518
510
515
526
541
516
529
524
527
523
528
525
529
535
529
524
528
535
536
514
521
519
519
535
529
527
517
525
520
524
529
523
527
520
537
525
525
521
526
522
529
535
528
539
523
524
530
545
525
523
543
534
514
530
546
535
518
541
535
523
519
534
533
517
527
553
524
493
551
568
416
131
