609
585
535
559
591
571
569
598
601
584
587
583
520
463
483
494
467
456
465
475
461
454
492
558
579
564
567
579
557
570
592
626
624
644
643
631
613
554
532
524
547
541
512
484
451
487
513
495
487
519
582
637
600
565
569
572
552
553
564
563
557
552
556
550
543
550
553
561
556
553
539
551
548
567
556
540
563
585
602
604
593
599
599
577
529
486
486
489
490
490
493
477
436
418
428
437
423
422
422
433
420
431
436
474
494
486
482
484
487
483
481
510
551
579
572
570
566
564
575
567
581
572
544
507
483
480
485
473
473
476
482
471
481
477
474
462
498
537
560
559
545
549
553
563
550
542
546
572
591
604
602
597
594
589
591
604
574
514
478
485
505
502
482
498
493
476
501
551
589
582
565
589
600
549
470
432
432
430
435
440
450
466
495
481
477
490
495
481
476
506
569
574
588
555
565
576
567
558
549
536
558
578
577
595
588
591
590
602
595
569
509
482
489
500
480
485
491
481
483
487
486
498
486
484
491
486
482
474
481
476
464
469
491
531
558
555
547
553
557
539
553
553
562
551
546
556
545
554
554
561
552
540
558
585
591
602
604
567
514
492
483
499
513
545
598
593
578
579
598
596
533
474
428
432
428
446
441
429
432
442
469
486
492
475
474
476
518
552
585
589
571
562
589
583
564
558
587
582
543
491
448
453
462
459
455
455
462
470
460
464
486
477
465
459
486
536
588
599
576
581
585
583
565
547
524
535
523
539
530
526
527
524
530
524
525
540
530
531
530
536
526
508
525
524
522
528
535
534
528
524
532
520
522
534
543
531
510
530
524
520
525
546
521
506
551
574
414
122
