560
531
481
524
587
585
569
588
599
545
459
432
431
442
442
438
446
435
431
449
469
441
455
459
445
444
495
575
623
617
593
600
615
624
617
613
606
605
601
616
608
592
605
621
617
613
602
612
607
627
613
616
593
558
531
545
550
541
543
582
591
592
596
591
582
583
580
565
565
573
585
567
561
591
628
658
667
623
563
523
549
545
548
537
551
539
511
498
500
491
465
439
445
440
438
446
459
435
438
454
460
446
458
480
458
443
505
617
664
665
649
650
649
675
666
608
486
411
409
458
446
421
419
465
523
564
567
552
553
558
574
563
559
575
578
585
621
623
603
604
631
630
586
535
523
529
522
529
530
524
517
520
551
614
669
657
647
652
669
674
632
599
590
581
594
582
588
561
550
551
554
560
558
559
538
553
560
566
556
562
559
561
557
545
570
602
619
621
627
616
619
612
625
619
623
622
626
619
614
627
616
627
629
623
630
617
626
635
625
616
636
626
605
559
534
533
541
541
534
524
508
479
482
484
491
482
483
477
460
456
458
462
468
452
470
458
464
475
479
470
478
475
486
472
462
496
556
587
589
587
576
587
590
624
640
642
635
636
631
631
644
608
566
535
539
554
547
545
550
547
513
493
492
474
483
486
490
475
485
490
474
466
461
466
471
462
474
462
474
475
472
465
463
452
451
448
442
447
434
414
393
395
409
399
396
418
415
401
397
405
389
384
389
397
387
376
425
488
532
513
511
516
514
504
531
602
637
621
617
616
620
628
617
606
560
528
526
542
540
513
496
487
468
477
494
509
534
526
529
531
532
536
528
532
531
523
519
528
523
516
520
525
529
538
520
526
531
525
514
534
539
522
525
536
537
508
523
545
526
499
551
568
400
130
