615
508
399
450
488
447
432
459
475
431
403
408
402
404
414
405
401
406
398
410
417
413
396
405
411
407
397
468
605
694
685
635
645
656
657
647
671
668
662
668
651
580
535
551
565
562
548
563
563
537
547
551
536
554
585
603
602
598
593
592
600
610
585
496
442
455
477
467
453
435
434
425
434
434
424
466
579
647
615
590
605
605
585
602
634
579
493
453
480
482
476
481
481
463
421
402
403
408
399
388
404
440
490
522
508
508
507
512
499
517
583
621
605
594
602
617
576
523
495
503
512
509
504
510
518
503
504
499
509
499
466
447
450
460
452
452
445
463
445
439
434
430
428
431
433
437
424
426
408
389
398
395
396
394
387
400
402
402
395
404
454
473
483
464
454
486
528
551
546
534
538
542
528
520
514
523
513
531
528
520
517
528
511
529
538
587
611
599
592
593
602
583
604
608
591
590
594
593
570
559
558
560
556
562
574
555
506
497
513
518
503
512
514
505
499
527
605
626
634
625
612
629
640
600
514
453
473
474
462
492
574
608
615
586
597
604
601
593
595
600
576
588
615
579
521
531
527
526
514
530
526
531
548
564
558
543
561
577
567
497
458
499
576
617
600
567
527
498
496
497
508
492
491
503
515
504
502
515
521
502
501
547
627
666
668
656
628
604
597
592
593
588
587
606
576
558
552
561
549
490
477
479
496
477
485
491
484
473
494
522
524
523
528
525
526
526
525
523
530
535
526
518
529
531
528
528
534
515
518
531
535
533
515
521
536
526
529
524
539
529
527
522
528
523
536
537
514
516
538
531
511
518
544
525
498
545
571
410
129
