593
562
519
549
572
555
546
570
556
550
564
605
649
635
607
554
502
487
516
515
503
518
523
504
508
503
505
499
507
501
508
501
500
501
524
579
615
598
586
602
615
590
586
628
584
497
468
475
490
493
478
480
472
485
469
407
351
368
385
372
346
408
512
557
549
538
544
545
545
552
574
567
580
569
575
566
567
566
552
575
585
593
593
603
584
584
596
615
567
490
488
584
646
637
596
600
631
624
619
636
641
620
618
625
629
609
568
536
536
538
547
545
552
548
536
524
511
496
517
516
519
515
494
483
490
493
492
481
501
488
491
492
499
498
473
494
494
495
490
479
473
453
456
468
466
451
449
429
426
422
437
434
429
434
439
454
461
459
453
453
444
458
484
494
496
484
495
505
499
499
494
515
513
497
502
501
504
519
510
496
487
495
504
491
495
488
485
498
498
490
494
493
503
498
508
493
493
489
467
460
461
476
463
470
461
460
472
474
482
473
476
477
480
472
471
484
463
435
451
459
443
427
423
406
416
419
428
411
405
411
413
405
415
409
407
387
456
572
636
620
565
518
475
462
483
497
481
471
505
563
590
598
595
563
469
417
421
441
444
435
434
425
382
368
362
378
394
365
351
421
536
605
603
575
593
588
580
591
626
652
644
634
642
648
635
637
649
648
647
636
650
634
626
649
633
625
591
575
571
579
574
592
582
560
519
491
480
495
498
495
485
510
518
529
532
535
533
535
539
526
527
518
540
513
526
529
530
524
521
540
525
530
533
537
520
525
544
532
524
526
543
521
509
533
536
509
516
541
524
495
544
569
411
131
