562
535
493
516
526
499
523
614
643
617
614
626
626
613
615
624
617
601
626
623
612
609
634
619
607
602
624
594
531
503
503
506
501
509
514
502
508
527
593
630
639
616
616
639
633
597
522
501
494
506
519
507
510
531
580
609
609
602
602
611
608
596
597
599
602
577
515
468
483
494
472
483
489
482
453
436
450
448
437
437
456
440
431
483
564
617
613
608
611
636
625
569
486
434
456
453
465
455
467
457
440
485
572
620
596
608
597
605
593
586
600
621
588
574
553
523
531
541
524
520
522
536
564
566
566
566
570
570
568
578
610
627
594
546
531
540
539
542
544
565
577
586
587
587
583
584
579
524
493
499
512
511
511
515
505
491
525
609
630
607
610
619
638
612
622
628
623
632
639
618
603
608
621
584
501
481
484
488
483
479
499
496
499
517
528
522
530
559
585
590
565
572
591
583
543
489
445
444
463
448
437
448
457
457
446
457
459
440
451
465
451
440
494
578
629
614
605
608
617
609
615
638
628
625
614
620
620
622
635
630
608
556
541
530
548
538
522
510
530
518
513
521
523
499
494
485
499
502
502
495
496
457
449
451
466
460
446
455
463
502
523
523
514
509
518
529
502
505
528
595
619
622
606
619
639
633
593
508
462
472
491
482
492
487
491
481
487
478
486
490
476
491
494
483
476
465
487
482
484
479
480
486
477
476
471
480
499
493
479
478
469
486
476
480
487
486
490
478
482
491
495
488
474
477
516
592
649
637
625
639
642
626
615
640
652
593
537
485
489
511
502
495
498
511
526
527
520
525
521
525
541
570
578
572
573
570
583
580
548
474
437
420
494
578
609
622
602
599
625
619
592
549
513
523
536
536
518
540
526
524
528
531
532
530
538
536
532
532
531
530
526
532
530
518
526
533
527
517
526
533
519
528
541
526
500
522
551
526
506
545
572
399
122
