680
653
597
621
651
646
628
626
574
522
528
553
541
526
543
556
529
492
480
507
495
489
494
497
470
443
417
421
424
429
454
470
462
455
458
465
455
444
480
550
556
561
555
582
572
557
560
568
598
611
616
616
600
617
613
589
538
491
504
506
498
508
499
508
504
496
476
485
473
479
473
474
485
470
480
482
476
484
473
475
474
488
480
475
461
498
568
607
600
600
592
594
591
598
598
596
557
545
558
576
565
567
567
569
565
579
564
551
550
559
549
553
562
550
546
565
592
627
609
614
618
623
636
612
609
615
608
596
607
617
576
527
470
474
492
483
491
492
493
493
495
499
497
486
526
565
587
588
575
582
579
584
593
567
505
464
477
482
472
479
498
510
516
515
505
513
543
575
599
605
598
592
602
594
583
603
602
574
520
483
483
483
484
478
476
483
463
454
463
480
461
455
463
461
453
465
524
553
529
519
543
533
511
556
636
662
664
657
662
657
656
651
652
660
652
633
572
538
544
546
555
540
548
562
555
578
619
619
592
587
607
617
566
508
466
462
525
581
605
599
605
607
608
584
587
596
600
609
596
609
613
598
598
580
534
495
516
525
516
501
517
527
495
468
435
448
446
441
456
434
412
398
412
401
400
401
400
405
409
416
429
447
445
440
439
444
447
450
437
452
444
452
445
444
405
379
386
399
389
380
392
414
384
364
455
591
679
653
638
655
658
669
639
616
584
601
593
588
587
592
597
592
595
605
600
560
506
463
475
473
462
461
472
485
479
460
430
423
391
401
464
562
608
617
592
604
612
600
612
615
601
581
586
595
596
577
600
585
562
538
539
528
531
530
526
528
524
530
517
525
527
532
525
530
547
521
533
540
531
527
529
535
518
517
525
540
538
522
541
527
522
531
548
533
503
550
579
417
123
