577
550
483
514
528
520
488
471
451
438
449
452
445
449
469
467
432
419
447
427
418
432
437
418
368
362
361
370
349
364
368
369
390
418
419
398
405
428
399
376
467
632
708
683
659
681
684
680
681
661
594
561
564
576
572
572
629
624
599
614
636
591
505
480
495
485
484
493
452
391
372
381
374
347
393
505
569
544
529
546
556
537
512
524
518
516
531
521
515
521
518
518
513
523
530
509
526
539
551
541
538
541
544
541
566
594
612
621
613
619
607
622
608
578
568
567
567
570
576
562
557
560
563
570
563
571
563
572
557
556
596
599
632
631
632
625
631
641
608
565
520
533
539
535
520
503
490
495
495
492
494
520
561
576
576
564
568
568
596
621
633
616
628
635
607
579
564
571
569
556
565
576
565
586
615
643
653
635
642
646
640
603
559
540
542
558
551
543
547
544
513
514
523
513
496
483
497
488
490
485
485
489
469
449
445
443
450
460
451
443
446
455
460
445
458
446
451
447
450
464
431
434
430
413
428
426
430
408
400
462
572
637
633
594
605
629
592
533
513
521
517
502
504
531
497
449
427
423
424
431
419
419
433
429
426
427
433
443
430
423
433
429
427
427
426
429
420
434
416
429
434
436
439
420
429
434
429
424
432
428
435
427
425
427
427
420
438
431
428
441
439
441
444
434
430
426
443
446
435
436
446
452
424
385
363
356
374
373
344
343
416
521
589
573
557
561
571
577
577
618
631
635
624
637
632
632
632
638
634
634
629
626
625
643
641
631
636
639
641
640
627
626
634
631
630
612
599
599
596
599
587
608
612
572
529
518
516
526
510
517
518
504
516
524
530
537
528
529
525
533
528
530
526
526
532
522
529
540
539
531
526
524
532
536
532
532
514
532
540
528
522
524
524
522
522
534
526
519
532
534
521
527
541
531
503
528
543
527
497
544
580
423
131
