690
661
594
621
644
630
611
598
585
582
574
594
590
581
558
523
502
486
516
508
481
459
453
459
447
459
458
463
456
462
445
433
436
440
445
458
441
425
416
404
433
418
418
419
430
425
418
418
440
437
445
437
436
442
441
449
438
453
444
445
443
439
443
432
440
448
436
427
446
475
478
472
483
478
473
466
464
460
456
454
464
448
449
456
462
482
476
467
469
474
476
482
470
458
510
573
622
614
596
586
603
596
582
609
598
585
585
599
592
586
593
595
579
573
590
577
581
588
593
576
497
468
467
478
477
478
478
480
476
495
479
474
512
581
627
618
607
623
611
616
620
607
608
619
620
618
611
607
603
590
585
603
596
585
597
603
574
524
506
516
520
516
523
519
510
511
517
495
463
449
455
446
455
445
451
457
455
484
495
486
477
486
488
478
479
486
490
482
490
483
475
481
489
477
464
507
582
620
614
610
613
610
596
607
603
617
607
588
580
577
590
564
506
480
492
503
489
484
503
510
473
429
418
418
429
422
428
419
435
450
482
507
550
545
528
536
551
537
533
534
566
579
595
592
590
564
510
471
469
486
484
476
469
496
581
603
594
599
614
578
505
452
449
482
470
466
464
470
455
471
477
468
450
412
379
364
456
596
657
645
627
614
567
507
507
522
518
495
514
521
524
529
530
540
520
555
527
522
550
622
667
655
645
645
645
645
651
645
610
569
579
592
588
589
598
584
581
582
597
587
566
583
585
573
565
584
585
581
586
594
560
505
460
480
475
481
484
477
490
506
533
525
530
518
544
532
522
527
531
530
515
526
533
522
515
540
526
516
515
541
527
521
526
544
526
509
545
531
498
523
536
528
493
553
575
413
123
