499
470
431
457
476
462
427
451
431
418
413
418
398
409
412
403
390
436
556
621
608
572
599
625
604
575
552
523
522
543
530
525
523
543
576
612
601
606
599
609
585
557
527
530
534
534
521
543
534
509
498
482
492
480
488
489
481
489
484
483
479
485
484
486
481
488
484
482
495
493
479
469
451
461
464
449
452
467
458
454
445
440
442
432
455
447
416
420
491
569
609
615
599
564
523
479
478
505
491
463
459
535
643
709
705
675
691
691
707
693
690
709
700
657
616
584
589
604
600
581
592
606
577
497
462
465
485
462
449
454
436
413
476
569
613
615
588
601
597
597
607
613
573
525
525
527
534
527
525
527
510
539
564
576
579
579
566
564
591
605
620
624
631
593
525
484
484
515
509
492
494
508
496
479
474
543
643
708
692
670
686
699
653
596
582
567
585
572
568
589
580
584
571
580
563
581
580
583
574
570
574
555
576
585
580
563
581
571
565
567
585
571
577
575
585
551
519
492
492
482
495
504
492
488
502
552
571
552
548
560
571
558
564
558
557
568
561
563
565
559
565
573
572
567
569
562
573
567
581
577
597
581
581
582
583
578
561
583
597
568
508
529
633
709
693
659
676
695
683
650
594
552
537
559
568
540
544
569
542
470
453
529
637
699
680
668
679
683
692
682
659
616
597
585
587
597
595
566
484
435
450
459
454
454
471
465
455
457
463
433
386
366
367
359
417
518
572
557
529
551
556
531
536
561
584
585
578
596
573
574
586
591
599
596
604
601
586
593
613
582
553
520
521
533
532
542
540
514
471
453
455
461
468
455
461
462
461
478
456
461
482
509
545
532
534
530
539
530
520
514
533
527
530
525
534
530
524
531
530
523
524
536
513
520
543
521
533
525
535
536
518
524
534
530
525
534
540
527
522
539
521
517
541
533
526
522
548
537
518
526
544
517
510
558
575
411
133
