665
628
571
583
623
612
570
543
518
516
516
526
524
524
526
506
483
493
491
502
496
492
474
459
470
480
446
422
402
415
413
401
399
399
382
387
382
384
378
385
391
391
374
395
399
377
412
465
508
495
475
501
564
589
586
567
579
575
569
580
578
599
618
619
588
528
498
512
513
496
467
470
471
472
469
470
460
464
468
491
494
504
503
493
503
498
491
486
498
500
479
490
505
504
485
458
449
445
448
465
485
484
487
514
611
670
649
637
631
640
644
647
624
560
532
540
551
525
529
550
533
499
494
485
496
490
502
479
423
397
418
422
412
404
423
408
389
398
400
403
379
401
401
392
380
446
591
666
658
623
654
674
645
586
582
590
589
579
602
596
567
521
480
496
491
498
461
411
378
394
396
388
397
396
395
393
421
437
415
423
434
434
431
425
444
430
411
464
571
636
610
603
606
615
602
632
609
550
514
530
535
526
508
521
515
524
538
562
581
571
567
554
541
517
529
534
526
523
559
644
690
685
681
676
698
666
620
590
615
605
589
603
610
577
538
524
523
533
518
531
510
460
431
450
468
442
445
462
478
469
470
496
479
462
509
591
635
629
612
616
608
615
634
601
536
501
512
525
520
517
517
515
527
590
627
617
597
625
641
594
517
483
507
500
490
460
466
449
464
444
450
464
509
536
540
528
530
539
533
525
526
524
540
526
543
530
524
543
538
521
527
528
523
527
532
534
521
525
537
531
516
541
538
525
507
529
533
529
522
552
520
490
539
577
428
134
