525
516
461
498
508
484
470
496
501
480
471
429
386
374
403
398
382
387
412
417
391
392
443
525
578
578
551
558
569
576
553
536
537
527
528
548
535
544
552
567
567
567
570
577
602
592
585
579
597
600
574
508
468
482
497
496
487
494
455
383
362
375
367
362
351
375
361
356
390
443
461
439
449
463
448
441
484
562
615
596
588
592
592
587
580
593
590
579
583
575
572
593
579
585
608
585
584
583
603
619
626
643
626
619
632
646
607
560
536
517
464
440
454
466
437
417
407
390
380
446
593
683
681
644
645
609
552
560
583
553
545
528
542
545
541
535
538
561
604
622
636
609
625
622
617
599
612
619
620
594
625
642
589
502
475
474
488
478
481
489
478
462
472
475
472
531
622
691
633
571
545
548
539
549
547
546
557
565
533
456
417
419
448
437
442
450
444
419
458
517
555
546
537
530
547
548
561
569
562
570
559
560
570
604
627
632
618
627
631
626
625
628
629
627
609
624
629
628
629
601
579
553
549
535
504
498
508
503
499
499
507
506
505
503
507
492
504
512
490
489
521
537
562
553
556
542
546
545
558
565
554
556
561
583
590
594
594
578
584
595
574
565
542
543
539
537
552
547
540
552
549
543
541
562
588
596
594
601
589
599
588
602
597
589
609
612
550
484
450
449
432
412
367
367
390
377
374
360
431
555
620
616
588
600
615
607
602
616
595
539
509
531
542
529
520
528
514
458
455
447
456
472
453
451
466
513
538
531
518
534
546
516
525
530
538
523
525
530
527
511
532
529
516
520
540
530
519
517
522
526
515
521
515
528
522
526
529
533
531
532
516
522
528
528
508
521
542
521
492
549
578
407
123
