658
613
579
588
601
536
512
523
544
515
510
556
589
606
602
609
602
609
622
593
581
584
591
589
590
596
582
534
501
508
508
504
508
512
505
506
523
502
460
432
452
452
439
441
448
450
452
466
479
476
470
469
451
436
429
438
447
438
429
444
444
433
425
405
403
402
418
417
404
411
414
413
414
417
415
396
428
470
492
468
473
488
468
459
530
609
655
637
629
645
643
637
658
624
564
505
513
544
530
518
542
527
482
463
459
470
476
470
475
478
462
470
468
474
465
473
483
466
482
474
476
461
481
482
475
485
478
466
501
539
575
550
557
571
563
560
580
603
612
601
602
608
603
598
617
590
526
484
504
509
515
490
496
508
507
458
387
342
354
372
358
352
403
413
397
402
420
388
375
454
604
695
660
652
672
680
663
660
649
600
572
581
597
569
579
594
581
564
552
572
565
553
555
569
552
544
542
543
544
544
544
541
574
610
611
608
605
631
620
610
609
607
600
599
608
618
597
609
613
611
602
607
618
611
606
615
623
625
618
622
620
615
603
607
617
611
617
613
600
607
608
605
588
544
525
528
529
531
528
525
535
532
555
550
555
549
546
532
514
515
526
515
523
520
513
514
509
507
528
552
581
583
566
577
561
575
574
571
588
600
599
580
590
599
611
558
487
440
438
456
466
442
445
440
462
472
493
492
482
493
502
547
567
572
553
557
549
530
522
560
597
624
630
622
624
619
598
604
619
601
605
608
577
543
510
491
491
484
474
466
460
455
458
460
453
459
471
465
462
463
466
457
435
437
446
433
433
438
437
429
417
397
398
399
400
406
392
385
433
488
536
541
516
521
537
528
517
517
531
532
511
539
531
534
525
531
546
518
519
526
519
525
540
526
523
525
543
541
527
520
542
522
522
542
530
516
519
537
530
501
525
551
526
492
544
573
412
126
