694
668
589
611
665
647
601
577
546
528
528
557
539
511
502
493
473
503
492
473
438
431
465
467
458
454
452
462
467
453
452
479
534
574
563
548
558
566
560
551
555
592
577
600
605
600
594
610
619
576
512
498
481
496
501
500
501
506
507
494
476
481
477
500
472
463
505
567
600
596
589
596
599
594
594
596
605
591
593
598
583
566
559
568
567
562
549
549
553
553
560
552
559
547
568
607
613
605
593
614
617
598
611
609
589
510
471
491
502
497
488
502
490
486
512
558
599
595
550
516
481
480
480
481
480
464
495
500
522
532
511
515
511
528
513
506
526
574
601
602
604
596
599
598
596
592
606
592
571
514
482
478
489
491
482
495
494
495
492
491
462
456
481
519
543
531
537
531
533
540
532
518
574
627
668
659
643
664
634
571
545
553
554
544
543
552
566
575
607
610
601
594
610
613
564
508
470
475
494
480
471
477
489
490
485
473
476
456
473
518
575
608
601
606
603
586
540
508
517
530
521
505
510
460
439
443
440
443
431
443
436
440
428
447
452
445
438
450
451
433
416
417
391
405
395
404
412
399
401
401
394
399
430
447
434
442
438
440
438
444
436
442
441
433
443
438
440
450
428
403
389
388
401
387
371
392
389
400
397
399
392
381
387
381
392
388
393
395
396
386
388
388
390
383
398
389
382
383
392
392
396
384
389
381
383
393
389
386
375
389
378
387
374
386
385
375
379
404
359
363
450
596
669
663
645
650
671
651
653
600
592
596
599
584
591
606
560
495
466
467
480
472
471
474
455
421
417
407
395
452
559
616
606
593
600
601
602
581
600
585
580
600
604
578
539
534
522
537
530
535
531
528
528
530
519
535
527
531
513
536
522
514
528
543
525
529
539
530
523
518
544
526
506
540
581
419
132
