652
640
583
593
635
622
561
496
454
442
448
457
445
426
416
407
405
400
411
397
404
408
419
400
397
404
403
395
406
410
402
405
411
414
404
397
422
408
394
398
419
409
396
420
433
394
386
467
600
689
678
653
655
664
659
644
658
677
661
656
662
666
634
588
558
550
562
549
566
564
559
551
559
558
550
538
548
545
538
544
549
555
537
563
598
599
588
593
601
597
581
610
608
557
496
453
456
456
478
454
445
450
442
416
416
462
572
619
622
606
617
581
517
456
480
491
487
469
475
497
461
422
398
397
399
386
417
490
513
506
507
522
504
505
534
587
606
614
610
576
536
494
506
509
466
440
440
460
454
450
466
461
440
448
437
439
432
425
448
429
419
393
389
396
403
395
410
395
402
415
448
479
469
473
487
536
556
535
531
548
560
548
528
535
526
514
517
517
522
513
525
550
568
595
604
591
593
602
600
577
594
600
582
570
571
568
563
565
568
566
549
522
508
501
501
525
493
489
547
628
591
506
453
475
487
465
493
575
612
599
587
604
615
599
597
596
602
602
596
599
598
603
573
533
514
529
529
524
532
544
566
562
542
557
598
613
605
619
608
565
503
470
470
484
476
463
486
572
607
596
599
589
594
599
614
595
517
489
493
504
498
486
508
522
504
517
525
518
496
554
621
663
657
652
655
653
651
652
656
642
596
592
591
599
590
598
599
590
584
591
595
582
566
541
539
543
549
553
549
550
544
563
541
534
556
553
535
511
485
489
482
482
485
490
489
480
487
489
497
508
533
532
528
528
519
529
530
530
540
532
528
529
530
527
524
531
515
532
533
540
516
528
531
528
530
534
528
540
525
537
535
527
536
543
530
518
524
532
518
520
532
537
526
527
537
523
527
518
529
519
526
550
532
496
543
583
410
130
