532
506
469
493
496
482
491
573
624
616
590
602
620
595
585
615
601
573
521
470
454
473
471
473
474
468
449
395
391
464
544
598
599
586
589
586
608
569
527
512
521
515
509
528
518
496
443
412
429
449
429
402
368
342
348
360
366
343
355
379
450
472
482
463
454
462
497
554
599
598
582
582
599
590
574
510
479
472
486
478
466
477
485
476
472
470
477
472
463
476
487
483
472
480
482
490
484
479
480
493
480
471
468
503
566
593
587
577
594
600
586
586
561
569
541
554
564
553
550
566
557
538
538
577
617
609
616
612
623
622
610
627
607
607
611
623
571
487
418
430
464
458
433
432
455
449
425
416
481
582
618
625
611
590
531
492
496
517
514
489
496
506
501
495
482
493
478
489
484
485
487
542
581
571
560
567
582
565
563
571
581
553
523
508
515
513
504
505
511
497
510
503
490
461
426
441
447
430
437
440
414
373
356
369
371
360
368
366
361
366
387
394
369
371
395
365
358
431
539
600
589
566
587
594
578
576
578
575
573
574
572
575
586
587
589
576
576
590
574
581
589
581
577
590
596
567
544
505
504
518
519
514
514
547
580
612
594
580
583
587
586
593
603
573
519
460
475
488
485
473
489
493
476
482
496
508
502
490
508
501
488
492
507
574
587
583
565
578
584
575
586
581
572
592
617
629
613
615
610
612
621
637
593
520
462
472
481
482
471
475
476
464
508
580
606
614
591
604
605
589
598
607
598
592
593
586
588
593
580
559
546
543
553
552
551
553
561
557
551
564
568
550
557
559
568
536
497
467
471
468
478
461
470
510
536
540
530
519
524
529
542
541
537
525
521
533
517
514
530
532
517
518
533
532
521
533
532
531
522
540
532
534
516
530
527
509
523
544
522
505
551
572
407
128
