519
504
455
452
433
392
376
392
405
377
388
411
394
374
405
405
390
413
412
406
377
436
534
584
567
561
563
572
565
552
568
557
564
571
567
566
566
567
577
575
571
557
563
560
573
567
562
565
571
562
556
570
551
538
534
548
559
551
570
559
559
559
572
559
560
569
584
591
586
575
590
591
589
595
603
599
582
589
581
583
594
596
608
567
519
468
478
491
491
479
480
497
499
448
398
360
364
370
377
383
369
353
394
431
463
453
446
464
451
442
483
569
602
598
580
581
593
583
615
646
633
640
627
640
624
635
605
551
516
523
539
531
528
543
545
509
466
449
459
463
446
407
383
398
400
391
360
472
604
694
667
653
661
678
661
660
669
666
649
647
661
654
654
658
664
655
661
657
655
667
681
651
589
561
557
581
567
563
563
567
547
528
538
543
530
532
544
537
534
533
559
590
627
619
611
621
621
637
581
515
466
467
489
493
467
473
519
615
677
661
647
663
669
637
567
539
553
554
531
539
563
522
447
426
446
447
433
446
513
544
542
535
538
544
541
553
565
568
554
555
556
563
574
611
634
645
618
630
635
639
607
578
553
554
568
553
543
556
560
535
528
510
517
515
513
509
498
507
503
503
500
505
497
518
545
556
560
552
561
550
571
568
555
545
560
562
551
565
585
577
582
579
566
545
547
541
556
543
548
564
582
591
612
584
584
604
617
579
481
451
461
471
445
458
470
449
397
373
371
368
388
396
370
358
426
547
638
617
580
603
601
605
591
618
612
599
607
624
596
551
535
529
534
529
512
459
454
444
462
455
450
464
456
470
502
541
532
526
528
536
524
517
525
526
525
516
532
537
521
523
527
525
505
523
537
529
527
535
542
515
518
543
534
515
530
553
540
499
555
564
416
133
