639
619
584
566
566
522
495
533
539
524
523
526
548
582
609
608
591
596
599
614
597
593
603
582
589
569
520
492
502
522
501
515
517
518
491
457
443
446
455
448
455
443
456
466
483
469
470
473
472
441
428
445
448
437
425
423
403
412
414
416
400
395
423
472
487
471
461
480
467
454
522
601
649
654
639
640
634
633
642
629
555
524
520
540
535
512
477
464
460
460
469
468
473
487
478
473
480
482
467
466
488
538
560
566
554
546
581
597
611
610
600
619
597
611
620
585
524
486
497
507
506
500
493
473
388
339
350
369
367
358
359
372
354
347
347
368
388
400
404
393
387
378
462
600
691
684
658
654
663
669
667
664
611
579
563
585
563
546
561
579
563
554
564
560
548
537
541
552
536
534
572
595
618
625
611
591
620
632
597
547
519
522
533
522
512
529
537
542
558
550
547
537
525
516
515
528
511
519
523
519
522
508
515
523
517
516
525
514
508
529
528
515
500
537
552
572
572
569
556
561
573
570
579
575
601
595
581
592
600
560
491
447
445
456
451
445
438
455
474
494
486
474
491
493
484
477
506
545
575
569
563
577
564
558
558
573
555
538
533
536
551
534
530
560
610
632
623
622
623
633
611
623
627
618
604
616
612
577
540
523
524
537
531
529
536
531
524
529
525
489
484
489
490
485
467
480
491
483
484
473
461
468
464
462
452
434
436
435
437
431
448
435
427
409
402
402
414
406
391
392
437
506
547
520
505
533
533
515
514
529
531
529
529
532
528
529
532
538
519
522
530
541
523
528
531
530
524
531
531
517
525
540
535
519
540
540
515
518
529
531
515
531
557
519
505
546
580
413
130
