690
646
596
623
668
652
602
569
531
503
547
555
514
485
476
487
485
487
502
480
439
421
429
433
431
431
422
425
428
429
429
415
429
450
461
469
464
451
457
490
541
575
565
556
558
567
566
556
569
580
600
608
614
602
602
597
615
627
591
531
488
503
509
522
518
501
505
480
467
464
476
483
471
471
514
563
598
606
587
591
572
570
563
563
571
577
564
560
567
562
564
559
566
551
549
555
546
544
583
601
618
619
600
606
612
619
615
610
622
585
515
478
487
506
478
488
483
487
490
489
495
509
502
481
485
492
478
480
525
557
598
601
579
596
586
563
511
476
478
489
483
480
493
486
494
502
522
516
506
509
539
585
597
607
597
564
508
466
474
503
486
484
494
499
480
467
467
458
465
472
459
451
490
528
542
527
556
625
662
649
649
654
654
653
658
629
576
538
557
553
546
545
551
563
581
603
615
581
502
454
468
493
468
483
488
474
476
485
483
488
469
512
563
596
610
598
579
541
510
505
530
529
515
503
522
519
512
515
520
515
519
521
524
484
439
442
454
428
397
393
411
408
389
399
406
414
435
449
455
431
435
448
442
442
445
455
442
430
449
457
438
403
390
389
393
394
391
367
380
400
369
357
457
605
673
664
639
652
659
659
630
614
576
584
592
602
576
589
609
557
491
458
470
466
474
475
473
454
426
418
404
407
431
389
396
453
561
626
607
591
591
623
611
592
590
595
593
588
585
596
592
581
598
606
592
585
598
590
582
541
523
526
534
541
526
528
530
535
527
518
531
542
526
529
517
534
522
517
538
523
524
518
533
519
521
527
528
526
518
528
514
515
521
534
520
500
557
576
408
129
