688
655
598
617
651
623
619
619
598
573
580
566
518
485
503
510
497
497
509
513
494
465
457
458
449
461
465
469
447
445
451
428
436
438
452
431
424
417
418
416
425
418
422
427
444
437
460
436
438
435
443
463
478
479
467
471
476
468
468
479
461
444
455
454
456
454
455
461
460
454
465
470
475
466
506
583
613
610
580
591
601
600
592
587
597
604
584
598
589
589
595
606
592
572
576
598
583
576
582
585
545
507
476
468
476
482
481
471
483
486
488
474
486
489
476
463
507
592
625
622
616
614
616
609
623
623
610
580
596
602
600
572
551
510
496
509
523
521
519
511
518
495
471
452
446
455
461
443
444
469
474
495
488
478
487
485
479
474
484
478
481
487
465
465
511
584
625
605
613
613
610
621
617
617
584
587
590
553
512
484
486
498
490
479
486
478
482
487
484
483
499
490
491
494
511
477
479
482
492
503
495
511
507
474
437
420
424
421
420
422
433
422
416
430
419
422
415
440
456
483
515
534
548
525
537
552
548
534
544
583
602
596
576
599
612
567
500
477
472
503
492
467
473
523
563
604
612
588
593
604
611
570
507
451
447
464
465
471
442
422
401
390
402
425
387
379
451
580
648
656
623
629
652
635
631
655
636
637
643
636
648
634
645
647
642
625
637
637
647
631
634
657
653
607
567
549
557
549
522
496
510
520
512
506
534
540
525
515
554
624
660
661
656
665
663
621
594
577
586
586
583
591
583
590
587
593
584
593
582
571
573
576
583
578
584
587
554
508
474
476
486
478
503
540
521
513
530
528
532
510
527
535
517
528
535
534
520
530
525
515
517
533
536
514
520
543
522
505
543
559
409
126
