590
552
495
529
550
526
520
558
602
602
607
608
603
609
611
604
557
535
532
539
536
526
525
554
570
581
585
588
578
597
593
554
508
488
478
483
470
450
425
415
432
429
408
415
440
473
493
484
478
490
482
474
489
532
557
551
536
546
542
545
556
538
511
500
496
511
504
485
489
535
595
625
618
616
614
639
638
585
495
432
430
490
553
577
590
621
620
631
623
635
608
585
571
576
566
584
595
597
591
573
589
599
587
578
549
565
559
552
555
566
554
553
528
517
511
534
514
508
512
546
582
609
627
616
620
612
624
615
588
557
523
501
463
428
411
420
443
418
424
440
445
433
418
432
444
418
418
486
556
606
603
601
594
618
615
570
511
474
465
484
476
469
476
478
481
485
491
493
497
486
485
472
519
600
650
640
629
619
631
643
635
616
557
528
528
539
533
532
542
539
534
533
541
520
486
461
473
465
466
475
472
464
470
472
463
453
412
426
438
432
424
426
432
431
422
444
446
438
431
444
460
475
490
459
468
476
474
463
449
445
465
457
433
442
454
454
441
463
453
451
435
433
424
425
469
570
626
626
597
626
637
599
518
478
477
493
482
492
474
486
496
462
420
390
389
402
395
384
407
402
391
384
416
434
457
457
452
452
454
438
447
439
449
447
432
437
501
596
649
648
595
541
508
507
507
523
502
518
514
519
521
510
517
518
514
524
517
523
514
520
507
515
517
503
490
496
497
494
488
487
498
504
536
543
539
533
536
542
532
531
534
530
525
531
531
538
524
529
541
542
525
525
528
521
531
533
525
522
528
518
522
521
541
528
524
539
536
533
530
524
534
513
521
538
537
517
524
547
525
500
550
569
411
126
