662
636
582
573
566
508
518
537
543
522
494
503
495
490
494
492
481
486
478
471
461
459
469
455
461
466
456
429
409
406
408
413
420
415
407
389
376
407
461
493
493
475
514
558
581
589
599
621
612
609
606
626
623
602
600
608
599
601
611
620
613
614
618
620
579
524
486
497
500
510
501
512
511
491
467
469
455
458
467
461
463
474
495
506
507
485
496
503
492
491
494
496
496
488
494
488
494
497
497
486
451
440
453
448
450
455
451
470
488
489
483
494
505
483
470
538
612
651
637
646
639
649
642
597
564
528
524
536
538
531
553
534
525
528
531
548
536
527
530
538
531
525
513
489
488
494
504
490
486
501
505
470
430
409
404
421
418
395
393
403
402
380
406
400
387
386
455
598
679
661
626
645
661
628
587
600
585
584
590
577
585
590
591
586
584
591
588
593
580
587
591
571
529
482
481
505
508
477
419
392
394
402
394
393
384
385
383
419
432
423
427
455
441
419
474
576
628
618
612
609
609
602
604
616
600
549
502
527
528
526
530
562
570
569
566
566
567
570
576
573
558
538
524
537
539
530
533
569
640
700
698
676
681
685
681
677
676
685
698
684
677
678
662
626
597
612
610
607
591
604
617
586
540
518
513
522
528
529
516
518
538
503
474
450
430
459
455
438
445
450
450
465
478
490
479
475
476
514
589
646
622
602
607
625
589
541
512
517
522
526
499
536
588
626
592
523
493
495
502
496
496
506
505
481
474
460
463
464
460
458
453
455
451
453
453
445
452
451
454
461
455
447
443
452
460
441
454
470
504
543
532
526
528
535
528
520
533
533
533
519
530
542
530
525
538
531
514
535
541
529
528
529
524
531
530
530
527
529
537
529
524
518
535
530
510
520
546
519
505
547
585
421
133
