694
644
554
565
599
584
560
582
606
560
519
502
506
490
494
518
520
489
472
446
459
462
462
465
449
452
451
441
434
438
440
440
446
439
430
427
420
425
417
423
449
441
442
446
447
437
450
441
447
435
445
449
438
431
440
470
476
473
472
473
475
478
474
455
445
461
451
462
456
453
462
464
453
463
481
474
465
484
476
466
459
511
562
597
610
609
588
597
596
610
595
582
579
578
581
596
599
554
497
474
468
483
494
490
477
486
475
486
482
487
487
483
473
510
583
630
621
614
624
624
618
604
615
633
619
618
617
599
591
596
608
602
597
606
609
599
602
607
588
538
506
524
524
512
528
533
494
462
447
455
463
456
458
460
457
460
496
490
480
476
487
489
466
508
583
633
608
611
623
627
612
592
573
573
574
586
566
514
488
479
490
481
478
471
502
503
503
479
446
410
426
432
413
412
429
436
408
413
448
464
444
444
478
527
530
544
539
537
527
532
538
573
599
605
588
591
600
610
558
517
471
479
486
508
560
617
621
602
579
608
625
570
495
468
456
459
435
391
393
413
414
371
370
453
584
658
666
617
628
648
652
612
560
555
551
548
556
554
550
542
560
564
567
556
557
553
546
516
519
508
511
519
522
521
523
526
539
516
530
528
541
527
566
632
649
643
636
645
669
657
647
652
649
592
569
575
582
582
576
583
594
595
595
594
581
582
578
582
583
588
553
505
471
480
476
491
468
488
488
513
528
527
523
525
536
527
525
522
526
518
537
520
529
525
534
537
512
530
530
523
532
544
531
506
509
530
528
526
523
536
522
520
529
546
510
516
556
525
500
546
574
420
140
