534
501
469
485
522
502
460
424
400
374
389
401
397
397
393
408
395
392
395
442
527
592
577
560
558
573
554
558
558
562
537
526
539
545
521
536
553
553
552
565
576
553
546
579
586
563
571
568
586
585
606
597
586
597
609
570
503
472
485
491
485
490
500
463
388
363
373
361
378
358
368
353
393
441
458
449
443
458
462
435
489
555
603
590
588
600
595
568
596
636
639
632
626
631
633
631
635
643
643
638
635
628
626
627
638
646
606
558
521
529
538
533
531
536
525
478
443
451
467
461
436
453
412
388
404
431
396
382
455
604
682
663
659
670
643
576
555
569
568
567
558
554
529
540
548
538
531
526
564
604
610
621
597
585
524
465
453
536
624
668
671
648
641
656
658
657
666
648
658
670
655
647
672
671
635
585
541
534
545
552
548
542
553
561
550
547
545
557
547
544
537
553
518
473
424
427
440
469
511
550
555
532
548
549
541
534
538
557
550
549
561
569
564
562
577
618
629
638
616
639
624
634
638
610
562
516
497
516
534
519
523
526
520
511
527
511
521
504
512
508
500
510
484
494
514
541
552
556
547
558
558
560
561
560
564
562
571
561
554
557
582
590
582
583
586
586
572
590
552
537
547
552
551
544
558
585
606
604
596
595
590
603
608
566
497
448
457
468
447
456
469
462
406
360
391
396
369
356
436
555
628
613
598
605
613
608
602
600
616
621
607
614
622
608
602
616
617
608
543
520
536
535
543
543
531
509
472
455
455
464
451
439
455
485
510
537
522
522
519
526
523
523
522
528
529
533
531
525
528
531
529
536
526
522
528
521
536
518
515
529
533
516
520
544
526
494
549
568
414
136
