660
624
574
599
631
587
592
617
580
536
508
516
522
513
510
520
535
559
585
594
572
566
579
581
562
571
567
525
530
545
551
531
539
568
585
613
623
617
607
618
621
588
528
496
514
531
496
507
519
503
485
535
610
641
607
621
632
589
508
464
477
480
468
465
479
476
429
410
428
426
397
465
580
648
628
619
638
650
633
622
624
620
619
621
649
591
506
479
489
475
481
474
479
479
479
472
440
410
405
477
579
627
627
605
612
593
593
588
590
604
607
579
543
534
525
525
522
526
508
518
557
613
665
652
646
651
645
641
644
648
634
630
643
644
651
636
644
654
648
641
655
648
645
644
649
637
637
658
666
624
564
545
551
563
549
549
549
560
549
536
526
500
504
520
517
506
513
527
504
486
490
489
484
479
491
485
479
465
454
450
472
459
470
463
473
473
462
469
455
467
466
470
465
473
478
483
478
465
462
487
500
502
540
575
592
602
581
590
598
607
579
585
604
612
591
542
521
522
531
516
512
524
531
506
462
442
451
458
450
451
458
452
453
452
461
434
420
426
432
428
418
431
424
430
422
431
436
422
414
423
428
435
454
433
419
457
562
634
620
586
627
630
582
478
437
431
444
461
443
431
474
546
603
583
577
597
617
582
568
592
627
647
648
652
634
643
657
639
582
570
576
589
568
576
574
551
479
453
460
458
444
461
461
447
405
374
363
373
397
371
364
429
547
637
634
595
602
620
610
594
617
602
603
607
620
606
595
608
619
592
546
522
531
536
521
518
496
489
489
492
482
491
492
521
534
527
522
518
524
528
527
539
536
520
530
526
537
522
523
540
520
524
530
543
530
545
544
523
511
525
530
518
518
538
535
515
524
540
529
489
553
576
410
135
