673
651
586
620
637
621
608
641
651
613
587
575
577
581
565
589
586
572
588
590
573
585
582
596
587
578
571
579
572
585
581
584
582
584
586
576
581
579
587
585
575
592
572
563
525
507
505
502
510
491
494
503
511
484
461
454
454
461
450
437
445
444
442
448
430
432
433
427
417
417
430
446
445
448
445
437
443
435
444
452
478
462
462
475
475
449
442
456
452
457
450
464
470
479
476
474
487
482
468
505
580
609
604
598
599
601
596
587
601
587
595
595
590
588
591
596
581
586
582
586
577
585
582
550
503
462
464
478
480
470
458
483
482
483
491
490
480
474
521
589
619
625
614
617
617
611
611
619
616
598
590
592
608
595
587
596
601
600
583
539
512
500
530
529
506
511
522
521
485
461
444
446
454
448
450
454
455
453
447
456
475
495
486
492
487
483
462
507
587
633
616
617
606
615
615
602
600
602
612
617
627
628
603
607
614
625
617
628
616
605
623
615
605
614
618
628
620
612
629
606
612
606
609
618
625
612
598
577
577
584
571
577
583
588
571
511
492
494
501
498
484
490
501
474
440
413
416
433
418
418
426
412
417
425
449
445
449
461
455
452
479
525
549
537
529
541
543
531
528
538
532
536
545
531
533
546
588
599
592
592
596
568
519
482
480
500
473
471
486
502
479
468
499
587
619
614
599
611
611
569
502
451
446
473
482
459
453
473
472
401
373
462
578
658
650
634
627
664
651
607
583
534
554
563
548
519
502
509
515
515
540
538
535
523
534
522
517
555
613
656
652
633
655
651
629
598
581
576
585
591
579
582
585
582
587
586
597
577
582
583
584
558
504
472
476
488
487
473
469
476
477
486
511
538
541
530
525
522
529
524
527
537
525
527
536
523
520
536
535
528
534
526
521
516
532
532
525
519
530
530
511
517
540
535
511
522
544
524
502
544
568
414
136
