500
484
430
443
474
453
438
448
476
453
428
432
419
420
426
437
424
421
425
421
397
386
446
552
604
615
589
601
601
596
592
609
591
548
522
535
544
533
528
532
556
583
607
619
597
592
616
626
594
533
538
532
533
519
523
535
537
518
480
477
490
478
481
484
489
485
476
459
454
460
461
446
448
446
460
460
439
455
445
440
442
447
437
421
431
477
559
628
608
588
587
614
621
564
497
514
632
727
716
666
690
708
662
602
585
605
593
574
596
610
550
485
469
461
472
474
460
470
464
466
485
469
448
431
423
428
430
427
415
472
555
606
596
597
593
593
550
507
523
534
522
516
539
558
576
585
566
567
578
579
564
574
608
608
620
612
639
590
528
492
502
495
485
544
643
695
690
669
683
701
688
662
596
567
569
592
554
498
483
486
497
490
483
491
497
487
504
500
485
489
491
488
510
549
575
574
558
558
573
566
567
568
563
553
571
574
569
579
577
581
581
580
590
594
583
585
563
509
477
537
655
706
705
681
693
692
681
676
685
689
674
683
703
647
567
552
560
556
500
455
470
488
461
448
520
634
692
704
670
665
685
679
658
625
583
589
612
601
594
600
614
575
496
449
456
460
454
447
457
460
457
461
439
401
351
346
414
506
558
550
527
545
554
553
534
550
583
585
584
574
572
575
574
574
588
570
592
600
593
586
590
597
577
534
532
521
513
475
441
458
476
465
447
466
513
533
518
534
530
528
524
543
538
535
527
531
535
530
531
534
527
518
527
528
513
539
525
523
517
529
536
521
523
543
522
520
526
541
525
513
531
535
516
527
538
533
503
556
562
407
138
