643
627
568
603
602
540
504
519
531
515
512
526
538
581
617
613
595
586
607
601
586
598
589
590
587
595
569
522
492
516
511
504
510
518
514
494
474
445
445
452
449
445
445
446
460
464
465
477
461
454
478
481
464
465
464
469
474
476
475
478
466
475
478
466
473
463
454
437
446
450
425
417
401
417
398
404
422
404
421
474
477
469
462
482
478
468
512
608
656
643
619
647
651
632
633
658
631
551
514
528
512
480
464
479
468
482
459
457
465
470
479
463
454
490
478
479
475
468
468
478
486
460
476
487
535
566
564
549
549
570
587
615
610
604
611
607
610
607
615
617
570
519
489
480
496
514
464
377
342
354
368
360
381
414
398
368
462
600
689
666
657
650
610
571
571
597
592
590
589
582
576
564
567
562
563
551
543
534
550
596
618
611
607
623
620
600
618
589
548
515
528
542
522
515
528
525
535
537
551
551
549
546
561
550
541
530
525
519
528
519
514
506
514
517
515
511
519
520
508
522
520
510
512
517
560
557
570
562
573
575
564
569
563
570
571
597
580
591
597
598
587
599
595
564
474
445
450
458
434
444
484
499
481
490
497
491
487
476
489
478
471
506
548
566
565
576
585
562
557
553
557
576
570
564
550
564
565
556
543
532
537
535
544
541
537
536
537
591
636
641
605
611
618
602
589
597
600
584
540
516
529
532
523
513
526
522
505
474
485
499
485
476
474
463
467
470
471
462
436
427
438
431
439
451
433
412
397
406
397
400
406
411
398
390
434
491
540
529
518
531
542
519
526
523
523
523
528
533
523
528
527
535
520
530
532
533
515
525
529
520
518
535
536
517
514
541
535
509
515
542
533
501
538
576
414
134
