514
489
452
476
511
484
456
526
591
629
601
624
635
562
465
411
427
417
437
440
506
547
531
511
517
542
516
521
533
542
550
545
563
549
549
552
562
551
546
568
613
640
640
631
643
646
630
623
628
640
637
633
642
629
637
636
633
642
624
598
587
586
600
582
574
591
604
552
496
461
474
477
472
464
470
469
481
458
432
386
396
424
412
406
397
390
440
536
588
571
555
563
568
559
569
561
557
535
538
543
555
541
533
552
549
547
571
557
562
560
571
582
587
575
585
585
581
586
572
547
539
539
549
549
546
560
569
563
552
552
567
573
547
526
488
486
509
516
495
499
520
571
592
595
588
596
596
606
584
573
560
541
533
553
542
540
543
568
573
560
578
571
570
569
562
543
535
513
513
525
509
514
517
523
518
531
544
533
533
539
545
533
532
548
550
542
527
570
625
673
669
658
656
675
675
621
555
511
510
534
524
527
517
520
541
586
593
603
595
589
596
584
583
605
601
593
595
596
603
578
568
586
597
561
537
515
507
509
547
605
634
629
604
600
630
642
585
546
528
529
539
523
561
605
648
650
626
614
644
643
605
527
484
496
493
495
469
452
464
464
457
459
458
471
464
459
484
477
452
438
509
599
643
659
665
596
531
474
467
493
512
485
482
506
552
576
572
528
513
523
508
516
523
512
521
536
583
607
591
581
581
572
570
565
567
538
563
577
556
526
523
539
532
522
568
646
676
666
670
663
662
668
671
648
598
564
571
587
577
572
580
584
578
555
543
530
534
530
526
519
522
526
534
523
520
525
520
524
529
538
530
525
528
530
519
521
527
527
532
520
533
533
524
517
545
535
524
533
551
526
504
543
556
403
125
