644
625
561
585
552
505
510
529
536
501
510
532
564
572
579
575
561
573
588
560
542
539
548
544
531
535
546
564
588
626
637
582
538
505
499
497
511
498
495
533
588
637
615
590
607
623
576
496
455
480
488
473
471
468
465
479
461
466
463
460
470
472
467
461
439
418
414
433
430
423
427
441
411
399
468
575
646
638
606
622
635
620
620
625
613
623
628
623
627
622
582
499
466
474
495
498
465
445
435
410
418
429
432
414
406
467
577
631
616
614
622
622
610
605
592
588
595
594
600
588
601
582
569
547
517
507
537
524
524
513
525
536
504
513
553
613
655
640
637
654
654
649
646
654
661
645
636
637
646
645
650
657
647
641
642
647
636
621
583
544
543
548
540
540
553
553
540
532
500
512
523
517
515
510
502
502
499
480
490
475
480
482
483
487
473
464
460
460
457
464
462
464
470
466
464
482
498
514
516
509
506
507
511
514
532
575
605
600
582
592
594
594
596
591
605
584
593
626
587
526
505
523
528
521
520
526
504
475
440
451
445
460
455
458
447
430
429
429
430
433
426
425
415
435
434
434
442
455
428
427
474
573
632
622
588
589
616
628
588
482
425
445
450
437
436
452
438
419
460
555
618
596
571
582
591
587
576
601
612
640
657
640
598
575
576
589
565
574
588
591
546
496
456
437
472
476
428
368
424
567
640
609
593
611
612
607
595
615
591
550
516
525
517
525
521
533
528
503
521
527
524
505
494
480
494
504
515
520
533
520
528
539
524
524
533
529
528
530
530
531
524
524
535
526
529
530
538
524
521
544
533
514
530
535
524
516
526
534
514
521
548
526
489
547
570
407
130
