539
515
462
485
514
499
448
410
395
381
395
405
394
384
390
402
402
405
414
403
404
405
412
402
404
406
394
403
411
403
405
404
397
399
401
402
397
390
444
539
588
565
547
563
560
568
556
555
561
560
570
580
558
571
579
575
556
578
578
566
561
566
561
548
546
534
531
537
558
573
561
556
572
567
560
577
591
593
597
591
598
596
609
566
511
475
483
497
452
391
369
360
356
390
433
465
460
455
442
443
476
549
601
590
575
589
590
589
594
624
633
616
612
645
650
619
550
518
531
558
519
464
432
456
470
433
399
404
389
402
417
398
384
395
415
394
385
462
594
682
675
655
654
671
659
632
587
565
556
574
573
555
558
575
546
524
534
543
545
517
542
557
598
614
626
606
602
625
632
577
506
474
474
479
482
484
467
458
523
635
672
665
654
663
669
643
657
663
670
663
634
575
523
543
558
519
449
420
437
434
428
454
516
538
538
540
533
540
528
543
528
535
542
556
556
561
567
555
562
571
615
629
649
621
619
620
622
605
573
545
566
562
549
555
556
549
561
570
550
532
507
504
512
504
498
509
501
496
504
502
502
495
497
499
522
536
564
556
532
559
555
556
547
559
551
555
554
553
556
562
570
573
582
589
581
581
587
583
572
573
577
592
595
584
579
602
601
602
561
490
446
432
428
386
364
387
391
360
356
435
560
618
611
600
602
608
607
615
618
613
614
609
601
614
626
587
546
510
518
531
524
534
524
544
534
533
537
537
541
508
471
447
450
478
451
438
475
527
531
529
524
528
524
530
529
527
517
533
537
522
528
536
535
516
537
541
520
522
544
541
521
515
541
526
506
546
580
412
129
