620
577
535
569
585
546
558
634
618
530
508
539
529
506
516
536
495
421
396
404
397
406
428
415
392
474
626
689
698
665
665
635
589
586
607
597
593
593
590
584
586
588
580
579
591
568
512
472
476
512
497
478
506
500
458
424
403
384
390
429
462
489
496
483
493
490
497
484
492
503
491
495
479
503
539
564
566
560
562
575
551
532
536
534
535
541
535
533
555
569
599
588
589
591
596
586
591
595
578
561
568
580
558
561
589
649
661
652
647
646
654
655
656
618
564
515
516
553
522
477
444
464
457
454
449
472
463
448
478
501
503
518
512
517
501
496
526
582
597
604
601
600
602
596
594
569
505
472
484
495
498
488
481
488
498
499
496
502
491
495
502
508
539
567
565
556
559
568
572
540
519
517
505
514
520
515
513
506
549
600
630
642
631
615
585
538
537
553
546
541
558
545
508
502
516
521
496
445
432
441
431
433
442
443
438
438
451
447
431
455
461
431
428
509
644
692
692
682
685
683
614
578
594
610
599
591
597
607
605
578
526
517
505
494
479
450
464
455
454
452
465
451
429
417
432
436
420
425
426
427
421
431
429
424
417
417
427
422
422
418
435
415
421
432
414
367
334
359
353
348
361
415
435
423
423
434
424
407
470
571
646
629
619
618
618
618
632
602
545
507
516
515
511
519
523
516
498
502
514
511
508
518
510
509
497
517
497
469
463
467
468
463
460
464
466
459
469
479
494
485
480
463
482
477
474
473
493
515
535
523
529
522
531
510
531
518
523
533
531
534
525
533
530
520
525
530
529
527
515
528
529
517
522
528
517
529
539
523
518
528
533
517
523
552
548
529
510
549
525
505
537
570
407
137
