691
658
591
619
642
617
614
620
597
562
583
603
590
565
517
501
493
506
489
467
449
466
459
462
457
457
454
432
431
438
436
428
432
420
415
415
425
426
420
419
419
439
428
438
448
438
440
457
471
482
472
469
480
479
468
457
454
462
452
455
453
475
466
478
486
473
469
514
583
618
614
610
599
599
610
592
604
605
604
599
600
592
585
593
600
576
584
590
595
573
594
600
559
497
463
478
486
480
472
493
472
468
476
491
474
470
493
491
472
472
515
589
632
627
606
622
627
620
612
593
597
604
599
580
549
515
502
519
526
519
510
466
449
444
453
453
455
461
488
482
478
490
500
473
467
506
572
629
620
605
607
618
603
615
628
609
609
594
578
585
575
589
576
578
581
600
563
517
484
490
498
496
494
478
439
415
423
434
421
430
452
466
454
444
472
516
548
545
531
527
544
587
595
599
588
599
611
603
565
503
466
470
481
478
491
472
473
517
576
607
601
601
624
593
503
444
413
409
393
397
398
386
375
454
594
662
643
594
569
558
554
558
560
554
557
542
512
500
509
539
539
527
535
535
516
517
561
622
655
646
635
654
670
657
654
627
596
573
566
586
575
581
585
578
597
585
584
580
594
591
588
596
595
579
589
593
582
583
583
595
564
505
482
481
487
490
480
480
476
487
512
525
522
520
542
533
530
526
533
524
523
524
521
529
524
524
530
531
541
518
521
535
519
516
533
534
521
534
544
522
519
528
541
523
526
537
534
518
525
541
529
516
542
532
517
516
531
536
524
520
547
525
496
550
574
411
109
