579
550
500
529
550
530
508
554
616
623
619
617
608
605
620
624
622
617
634
625
615
615
603
556
525
529
531
541
531
544
536
529
551
571
584
578
576
575
571
580
589
556
495
487
484
490
477
480
488
494
475
492
493
498
482
435
417
418
434
418
419
426
438
483
487
484
480
478
503
541
557
542
539
554
549
555
545
547
542
548
543
542
521
487
511
508
512
490
519
508
496
523
604
644
616
620
631
593
495
441
485
555
585
576
571
591
578
572
591
609
627
642
609
585
574
563
568
575
573
575
578
585
596
586
587
586
579
597
575
559
559
550
563
565
561
554
516
527
512
528
513
515
520
505
510
522
516
524
532
520
517
531
584
627
623
589
545
527
514
525
528
528
490
458
428
418
429
437
433
433
423
424
429
428
434
442
437
431
436
433
416
427
482
566
615
617
605
599
610
611
567
515
466
473
485
491
471
475
487
488
484
488
484
484
487
493
497
465
497
496
488
492
494
479
477
482
486
493
486
488
502
478
481
494
505
478
494
499
475
470
517
608
639
642
624
610
563
532
523
533
534
527
521
487
451
470
470
481
473
471
450
441
426
430
420
413
422
423
428
413
440
426
431
416
425
442
438
439
441
462
427
436
437
439
445
442
433
436
451
478
471
469
473
464
469
470
469
466
458
455
456
455
455
432
429
415
433
444
423
426
469
580
630
607
593
597
618
595
622
623
581
513
478
489
500
474
478
500
502
464
420
394
393
405
406
381
397
412
428
446
455
446
433
452
452
442
428
483
588
640
635
615
624
637
641
609
545
501
499
524
523
523
510
520
529
518
530
519
519
510
515
512
512
514
503
493
482
486
503
485
487
484
514
520
522
536
538
532
539
544
545
534
522
520
522
527
540
536
509
530
535
520
513
533
523
519
527
521
527
518
516
531
530
517
535
545
533
524
535
542
501
521
554
515
497
556
574
422
116
