533
517
460
465
527
584
607
614
603
591
597
588
611
604
587
499
453
467
483
481
451
474
482
474
475
481
436
399
417
434
412
383
451
561
609
603
588
590
586
599
600
570
537
510
530
503
444
407
433
427
403
378
348
345
356
370
352
350
384
452
474
473
457
464
477
480
469
466
505
556
603
602
589
589
606
602
556
491
467
487
484
466
474
475
476
477
474
502
480
459
494
566
597
592
587
592
594
587
599
582
566
557
543
563
554
546
548
551
564
593
625
623
614
618
605
614
617
634
584
477
424
440
457
444
435
443
451
431
421
415
473
568
628
637
605
607
627
625
588
520
491
483
488
500
493
492
509
497
493
487
486
490
485
488
489
478
514
571
586
565
573
596
580
584
568
575
578
569
583
560
526
505
512
530
506
510
500
510
502
508
505
505
510
499
514
509
501
510
499
501
516
517
499
449
429
426
441
442
440
443
439
446
421
373
353
352
374
368
356
368
361
369
384
391
398
366
377
399
364
355
413
536
604
586
571
592
589
586
580
596
596
586
578
583
588
578
581
598
593
579
583
591
590
561
531
510
504
517
510
512
511
510
529
587
614
610
590
600
618
610
597
597
586
584
593
591
565
503
472
476
489
489
484
490
495
496
496
502
488
490
496
480
484
499
500
486
517
563
585
579
581
583
586
583
567
577
588
620
615
620
607
623
632
592
519
477
480
478
483
470
474
479
504
573
618
599
575
595
620
607
589
609
603
600
593
598
607
600
605
609
609
597
587
600
589
604
599
603
576
554
544
533
539
549
543
548
554
554
564
563
554
567
562
555
550
573
568
536
498
463
457
480
531
541
536
530
532
534
522
540
518
515
533
534
522
518
529
523
523
520
539
517
528
538
542
527
518
539
529
512
522
534
528
510
553
576
412
126
