628
615
579
576
553
503
506
531
528
505
498
540
549
566
585
586
572
582
582
566
544
540
552
549
540
535
543
544
601
625
637
617
610
630
609
520
483
516
588
613
602
602
612
608
623
624
577
492
446
461
482
479
466
468
437
404
418
437
439
409
423
431
404
400
468
574
650
637
618
618
626
640
623
625
642
623
582
504
467
478
494
484
485
484
479
476
491
463
431
413
420
422
465
560
632
624
591
609
630
615
588
599
609
577
529
513
522
506
553
600
648
645
648
647
646
639
644
645
651
651
620
578
540
558
560
548
544
552
543
527
508
521
522
522
509
501
480
472
485
490
471
451
474
459
456
467
460
469
483
454
470
462
460
481
514
516
511
513
513
510
510
540
572
600
594
577
581
598
589
581
604
602
595
593
611
588
536
528
515
529
525
529
530
509
462
435
456
468
450
458
463
437
425
439
425
414
430
441
440
414
430
450
426
421
496
574
626
635
624
578
491
434
435
453
427
431
445
442
421
473
546
604
584
598
584
599
585
587
586
605
622
660
642
631
634
618
596
570
579
591
587
550
473
442
450
477
460
446
458
447
441
466
476
430
387
380
382
378
397
381
369
361
429
544
636
611
591
610
615
615
594
615
614
603
597
613
618
592
542
524
515
522
535
499
477
488
488
496
485
495
498
517
527
536
535
535
525
541
528
522
527
526
520
523
523
530
520
524
514
515
530
536
545
525
530
526
518
522
522
537
521
515
531
527
516
538
520
516
521
538
528
524
537
536
532
523
535
536
509
522
536
522
504
541
580
417
125
