615
589
541
559
586
569
589
625
626
608
620
641
617
612
632
605
537
502
528
534
513
515
538
506
418
394
397
418
403
401
408
408
405
417
433
404
407
423
425
394
400
480
624
689
695
657
667
682
684
669
685
689
672
687
673
679
686
661
613
597
589
621
602
579
592
623
610
592
588
599
561
500
465
487
495
470
426
393
392
405
401
389
403
402
395
403
419
466
498
497
480
483
490
488
484
506
555
576
573
565
556
564
566
554
569
563
572
570
557
534
525
537
535
523
523
532
535
520
530
562
579
597
588
582
565
567
570
575
556
584
635
651
619
557
522
540
542
522
538
522
518
491
449
465
472
466
456
463
468
451
472
499
520
515
510
520
513
499
501
520
505
507
511
519
490
503
530
579
597
600
604
595
588
606
596
575
505
490
488
490
489
477
498
498
489
483
493
493
475
494
489
488
498
500
504
491
505
514
503
523
545
569
562
559
546
533
516
497
529
527
511
489
547
608
646
636
620
627
643
643
596
565
547
543
553
558
547
536
511
501
510
507
514
516
488
450
424
434
439
451
443
443
433
444
442
435
448
454
456
441
440
461
442
425
489
629
714
705
679
693
699
681
674
692
700
695
689
710
703
661
632
595
567
519
502
502
493
500
489
472
458
451
465
458
451
455
461
459
471
455
428
422
425
437
414
427
415
426
422
435
423
411
431
435
424
413
424
429
406
372
360
352
343
352
351
347
364
420
448
419
402
464
577
627
640
628
602
544
515
483
516
526
511
514
526
514
498
472
474
466
458
466
479
472
481
478
494
486
481
479
518
548
524
517
525
537
520
525
535
527
527
536
528
525
526
520
530
529
528
532
529
523
534
535
528
532
536
534
534
522
528
530
523
539
533
524
527
532
528
535
525
534
516
522
539
526
529
539
538
518
512
525
540
520
528
546
518
505
558
580
423
135
