500
476
436
451
467
453
448
452
447
415
410
409
398
382
398
414
401
393
407
409
387
390
452
556
610
605
601
612
604
609
605
594
559
523
526
549
543
528
539
543
532
531
553
592
612
607
600
591
553
523
517
527
526
530
526
531
517
495
476
485
487
482
456
450
457
454
452
458
457
444
433
454
440
429
427
476
563
609
607
592
576
602
621
579
522
485
485
494
486
483
473
496
484
480
485
492
493
485
490
491
493
477
482
546
645
710
710
696
692
675
611
573
596
610
595
582
601
617
564
488
461
472
479
473
479
473
466
462
469
468
441
436
442
422
429
484
569
613
611
594
590
586
606
597
573
534
516
526
524
528
518
528
506
530
555
582
570
572
581
579
573
597
596
617
621
613
600
621
620
587
521
496
503
496
494
552
640
705
698
669
671
698
687
632
593
565
565
575
589
573
548
533
495
485
494
495
493
491
492
486
503
554
578
559
556
550
571
562
561
563
576
563
561
562
558
554
560
568
573
559
569
561
565
565
586
589
585
577
582
593
583
581
588
572
515
472
500
501
480
476
541
643
700
710
681
687
688
701
653
590
556
550
559
556
542
552
546
545
556
552
525
486
466
470
483
478
471
462
519
633
704
682
664
665
657
595
578
592
596
589
585
600
603
585
599
611
563
481
440
466
470
466
442
461
469
434
391
362
374
374
373
365
367
368
364
367
369
379
362
356
401
503
552
566
541
557
547
544
552
575
577
573
573
580
583
576
579
575
574
583
595
609
577
541
532
530
522
521
522
534
513
469
451
453
464
467
452
455
458
469
450
473
486
515
526
534
524
530
537
526
514
519
537
536
526
520
529
518
512
524
528
537
533
527
541
533
518
530
522
514
522
524
518
522
545
532
507
518
543
526
504
552
574
413
127
