556
530
487
505
519
507
497
493
475
440
429
433
392
383
398
433
397
378
447
547
606
600
589
595
592
594
604
618
640
631
629
644
631
606
548
523
528
535
544
522
530
561
629
666
667
659
638
595
552
556
570
569
559
569
569
572
608
633
617
600
608
631
607
530
521
528
529
530
529
533
525
514
561
618
650
652
640
639
644
649
642
620
568
511
521
530
543
519
519
538
536
518
478
466
462
467
457
480
476
476
480
470
466
476
504
503
491
498
509
490
492
511
553
575
569
557
555
564
564
561
560
543
549
556
543
542
564
596
596
620
606
618
608
607
613
575
510
483
475
499
486
486
500
504
488
490
516
516
518
511
523
514
513
534
583
610
594
597
605
604
608
605
609
604
595
596
615
615
602
603
621
579
496
461
466
467
460
474
472
457
441
443
428
417
457
544
599
591
571
597
590
581
574
599
572
542
528
539
549
531
538
533
545
550
564
581
563
559
564
564
558
556
576
564
561
582
573
560
560
576
557
554
579
575
531
475
457
439
437
489
569
623
607
588
610
614
600
600
610
614
616
623
624
624
611
621
628
616
629
628
591
513
459
470
487
480
464
484
464
445
462
465
449
434
496
650
716
704
673
677
687
688
693
666
625
590
606
614
604
574
532
499
496
511
529
509
508
509
518
503
497
524
511
473
441
466
451
446
449
456
457
450
450
467
448
448
445
449
451
447
447
451
455
443
447
464
476
487
486
479
469
475
470
439
457
447
443
439
455
444
429
397
374
388
396
393
389
384
385
390
381
416
446
467
458
463
462
457
448
473
549
593
583
570
579
586
586
560
536
518
525
530
531
532
536
533
535
518
528
506
528
530
533
530
528
525
525
533
521
534
518
525
532
531
529
539
536
519
518
527
525
499
523
546
535
497
545
578
420
121
