498
469
434
451
457
444
438
469
447
418
410
425
428
414
422
437
419
407
403
403
396
405
418
373
394
451
567
616
600
593
591
592
597
600
605
598
604
603
611
612
597
600
588
595
601
599
601
602
588
601
608
604
580
551
536
523
517
549
583
596
547
528
527
537
538
532
524
536
533
519
489
484
472
475
489
487
479
466
457
460
457
450
447
457
440
424
476
572
614
612
602
597
583
503
470
476
492
497
487
491
489
491
481
465
525
637
701
702
681
688
710
681
673
699
695
688
686
697
690
682
677
686
688
688
691
698
693
697
695
665
617
574
584
605
603
563
488
449
448
470
468
456
458
436
436
425
434
437
444
421
428
472
563
607
587
584
596
614
592
586
592
607
581
539
529
519
519
518
520
531
526
527
522
518
524
524
534
526
524
517
519
529
561
583
577
567
578
601
608
613
607
608
602
613
620
609
618
627
615
617
612
623
619
599
622
635
588
528
487
494
498
502
517
501
490
559
639
700
679
674
676
687
679
676
663
612
565
565
581
581
571
557
528
487
486
510
506
485
485
505
549
568
567
568
556
570
578
581
570
564
579
595
579
572
581
595
573
590
603
559
498
484
510
485
475
532
641
695
679
698
697
662
585
537
538
570
558
539
501
477
492
478
453
513
630
701
692
656
671
706
688
686
676
680
673
669
686
680
654
618
588
584
594
595
584
592
607
572
489
446
444
467
446
467
457
462
465
454
459
460
475
438
396
366
369
375
366
408
529
570
554
521
549
561
542
537
546
553
541
550
555
548
556
577
582
580
570
582
568
569
576
582
582
577
595
593
592
594
594
601
591
604
581
544
512
532
533
525
514
542
537
513
475
450
465
467
471
457
467
472
518
529
529
535
537
524
524
538
532
524
521
533
519
522
523
526
532
523
533
533
525
527
530
538
524
529
535
532
520
532
534
518
531
539
530
522
540
538
513
529
542
530
498
555
572
415
137
