649
622
565
590
625
603
569
544
517
517
519
528
529
513
516
524
534
512
514
537
587
621
617
600
606
595
606
599
613
606
601
601
596
605
600
592
583
592
580
582
585
586
582
534
495
501
515
509
500
458
444
438
452
457
448
451
456
458
470
462
466
469
453
435
425
446
441
446
444
425
419
405
418
409
413
417
419
402
416
414
417
402
413
415
412
407
428
457
481
483
476
477
477
483
487
482
474
511
601
656
657
615
625
636
645
610
556
521
532
539
533
527
529
535
519
480
465
471
475
471
467
472
471
462
477
478
474
476
476
482
454
481
547
570
556
562
559
560
547
553
569
595
602
607
621
584
511
482
507
505
491
489
502
469
385
339
360
377
358
338
375
418
397
383
405
406
378
370
459
606
694
688
661
675
677
667
676
671
665
668
656
677
684
663
649
677
678
642
595
582
586
596
582
587
589
591
567
559
567
558
552
561
561
556
547
534
536
545
539
557
598
614
604
601
612
622
620
589
552
524
522
539
535
529
526
537
538
559
550
547
553
528
509
527
522
514
515
519
532
518
522
517
521
513
509
515
513
535
556
572
563
562
565
569
573
577
598
603
590
589
600
591
575
595
601
558
485
434
437
453
452
442
447
451
461
473
497
486
473
473
515
537
561
576
565
544
528
534
544
535
542
548
596
626
626
625
627
628
634
622
617
634
620
616
607
617
628
619
613
600
595
600
600
593
617
599
580
539
516
520
523
526
525
535
518
513
507
466
458
470
469
468
468
461
457
470
456
438
434
427
437
427
412
405
392
398
428
494
552
534
511
521
533
525
517
525
530
523
531
537
526
529
539
538
523
531
543
532
528
522
530
533
520
527
522
518
534
535
540
517
528
560
526
501
556
583
407
141
