652
624
569
614
628
600
603
617
596
533
526
536
542
528
511
515
485
478
487
494
456
455
448
454
465
462
459
456
456
460
473
465
443
427
393
404
423
421
404
416
407
414
409
410
418
402
392
395
394
382
383
373
376
420
460
509
493
477
475
481
489
480
486
499
542
584
586
566
589
602
604
617
628
592
529
498
502
516
508
505
492
473
455
460
462
463
458
469
475
478
478
504
498
494
498
499
511
492
498
509
492
494
504
489
496
497
477
466
439
433
449
454
441
450
461
479
492
485
492
469
464
517
597
660
642
629
632
638
642
617
564
527
527
534
527
524
514
545
525
492
488
500
494
478
496
501
471
422
419
406
394
394
400
366
367
441
578
671
673
634
649
659
649
653
668
649
634
652
669
651
639
650
653
645
638
653
654
646
640
647
645
641
645
659
645
656
648
636
601
581
584
584
584
585
605
567
515
486
492
478
417
382
395
437
436
420
433
449
412
419
474
586
638
619
600
612
632
595
549
515
529
524
528
527
530
521
524
528
546
574
573
568
560
578
568
561
565
556
550
523
532
529
538
527
536
538
517
512
566
640
694
688
675
690
687
687
679
675
693
699
665
626
592
594
617
620
584
539
516
523
532
526
526
535
514
460
438
444
477
490
471
485
485
489
479
470
514
587
628
636
618
610
628
625
624
641
594
543
511
503
524
531
522
518
512
535
578
620
633
613
615
626
619
580
527
497
488
507
507
489
471
462
452
462
460
464
470
455
470
460
462
449
461
466
466
473
459
459
453
466
475
454
456
463
471
449
458
444
439
443
459
455
443
441
476
506
527
532
521
543
527
530
530
524
525
536
518
530
539
536
522
531
539
525
529
534
534
531
518
527
534
515
533
537
540
520
530
546
516
493
538
574
413
130
