520
493
465
483
492
466
487
571
614
602
586
600
609
601
565
498
445
461
472
492
464
470
483
465
432
415
423
412
409
411
409
421
416
408
415
424
417
416
451
549
609
608
572
565
601
589
574
536
513
507
534
539
495
438
426
436
434
412
429
426
422
427
420
432
429
400
373
344
329
385
450
494
469
458
495
556
600
591
579
580
602
592
556
497
474
475
472
478
476
470
472
480
481
473
487
481
474
474
513
569
586
567
543
548
562
547
545
568
601
628
629
619
612
632
634
580
481
423
427
447
441
434
453
446
429
408
416
474
563
621
634
607
582
531
494
480
501
511
496
492
492
483
479
499
483
475
483
510
557
568
585
579
586
568
592
560
518
491
502
518
521
502
512
493
455
432
448
446
431
428
443
441
432
430
442
440
450
430
445
450
412
380
364
360
369
374
343
353
381
373
377
389
394
375
360
428
535
592
587
580
577
584
584
588
581
577
576
567
580
592
591
565
528
513
515
500
533
576
617
611
610
612
611
604
596
607
610
605
599
609
611
604
593
573
585
585
578
577
581
593
565
505
483
495
484
476
483
486
488
483
481
495
492
488
497
490
490
491
483
493
507
565
589
579
576
590
611
628
634
591
514
470
487
495
489
484
486
480
502
565
622
618
594
598
616
597
592
610
603
594
603
600
607
592
592
603
598
588
593
591
581
587
601
587
545
545
542
550
538
529
548
546
539
544
545
544
561
561
567
548
564
575
536
491
462
482
474
471
491
525
531
532
532
538
534
530
522
522
524
536
524
527
531
520
525
519
536
529
529
544
531
525
531
545
533
525
529
545
535
519
522
525
509
522
538
544
515
526
552
531
498
556
570
424
136
