696
662
598
611
656
646
625
647
634
616
641
651
621
548
512
533
543
529
531
538
534
531
534
499
479
478
497
495
487
480
488
483
472
441
426
412
446
434
422
414
447
461
452
459
471
454
447
494
544
568
568
569
570
554
556
585
601
607
609
614
585
527
499
494
501
495
501
505
494
478
471
479
464
471
482
471
464
507
565
603
604
584
593
602
594
589
593
570
575
559
572
566
578
563
564
568
569
562
552
563
558
561
566
558
564
556
558
580
599
623
615
598
589
612
624
590
522
469
477
493
494
480
492
494
493
490
503
496
484
501
498
502
495
505
509
482
485
515
555
595
581
585
579
573
575
592
566
510
467
483
483
497
471
487
500
518
512
519
517
521
517
529
533
511
503
523
578
607
596
594
594
610
609
576
517
476
481
493
488
487
481
485
469
474
472
466
460
466
477
454
464
481
523
537
564
624
664
668
634
640
670
657
626
576
550
553
558
566
557
543
568
590
603
607
613
593
616
607
561
516
464
471
499
498
470
467
518
557
598
601
595
591
601
595
603
577
532
510
505
516
519
518
500
465
441
435
445
451
434
458
428
417
399
407
409
399
391
400
423
433
441
444
441
432
440
437
425
434
443
445
447
449
456
424
400
379
380
400
376
392
396
390
390
383
394
392
375
389
404
365
363
445
585
672
666
640
655
673
659
656
662
653
601
573
596
595
585
582
610
602
553
490
468
467
470
477
472
465
481
486
473
468
479
486
482
450
437
412
412
423
433
415
407
452
567
622
613
589
599
601
599
593
594
604
586
577
590
583
581
589
584
545
525
517
542
531
531
532
531
529
530
532
522
528
530
540
529
539
534
522
517
527
533
532
524
535
523
526
531
521
517
529
528
527
514
530
536
522
520
541
536
512
528
546
520
492
549
579
408
132
