613
595
545
574
593
562
550
587
604
591
587
616
607
595
603
608
608
586
601
590
572
585
595
589
575
574
589
581
572
586
586
564
520
482
490
498
496
489
499
477
465
442
444
470
452
460
444
458
474
472
478
471
470
486
477
472
464
474
456
463
464
457
460
473
473
447
419
419
417
415
418
415
405
373
342
339
358
351
350
352
359
356
347
349
344
349
361
354
361
350
350
350
341
345
358
349
347
359
366
349
334
369
427
462
455
461
462
450
434
489
582
633
624
608
612
613
611
610
605
598
594
598
605
585
592
602
578
531
511
500
515
520
500
462
444
443
454
450
461
444
453
445
443
459
455
461
462
462
457
454
467
463
460
442
426
440
432
436
432
427
423
441
434
437
417
412
424
421
415
425
428
432
425
419
417
417
416
399
401
401
419
394
384
447
566
632
616
580
631
639
581
519
494
500
504
509
514
497
502
502
503
497
512
520
543
542
540
543
550
536
539
540
556
581
608
599
592
607
609
567
513
485
481
494
485
492
479
491
523
565
599
612
592
583
607
608
580
527
484
480
488
498
492
501
497
480
428
441
467
481
477
478
486
483
488
490
494
471
470
452
452
445
455
446
458
444
417
403
401
419
416
410
407
397
403
403
400
411
419
391
429
471
479
469
463
471
471
461
476
485
461
463
491
565
596
591
572
582
583
581
580
586
605
626
621
630
606
622
637
602
552
522
528
529
532
535
540
538
529
540
539
529
525
536
530
474
457
462
476
458
453
464
451
418
394
394
428
413
403
398
464
553
617
621
588
596
630
623
589
536
506
502
509
513
504
497
531
556
581
577
565
566
539
530
521
535
525
518
534
530
520
516
531
533
526
524
529
533
523
536
526
527
522
540
536
518
525
543
533
512
530
542
532
510
519
537
515
527
556
529
498
549
573
410
129
