559
535
489
513
553
499
455
446
463
462
455
458
456
446
453
462
467
456
464
466
462
464
463
470
456
436
444
440
444
421
425
422
440
438
427
420
383
349
355
355
368
351
349
382
392
390
407
403
384
392
461
601
697
710
637
585
569
565
569
581
566
574
562
566
561
570
576
568
574
575
582
575
575
568
569
571
567
575
584
587
608
635
638
613
603
629
626
581
512
471
484
488
504
487
485
499
508
459
400
362
372
373
355
409
507
569
550
537
554
555
543
537
516
528
515
518
526
517
505
520
535
535
549
550
537
534
549
604
627
622
618
613
619
619
597
574
566
562
578
574
572
583
566
559
561
553
565
559
557
577
560
563
585
619
640
641
631
629
624
635
620
624
640
623
609
543
521
538
536
526
526
533
523
538
531
520
500
498
493
494
497
492
488
491
510
558
582
576
565
574
574
570
576
579
583
564
566
574
559
570
590
619
641
631
608
585
567
563
571
584
619
651
650
622
633
636
634
629
644
651
646
635
638
634
642
639
644
641
637
642
636
610
549
544
559
545
518
510
519
516
498
523
519
521
498
507
519
505
499
492
484
472
454
450
455
441
440
446
446
442
425
432
415
414
459
567
641
627
606
613
626
619
611
606
621
612
611
611
608
616
609
618
603
588
542
514
518
534
489
448
420
422
432
417
419
414
418
422
430
429
420
431
439
434
435
437
444
447
444
431
442
449
419
379
367
362
375
364
341
405
514
584
571
559
574
629
636
633
630
631
647
618
597
586
589
604
585
600
594
580
533
511
513
515
518
525
519
524
540
522
529
536
526
539
529
534
526
539
535
532
513
520
533
520
524
533
525
527
513
528
533
518
525
535
529
519
524
536
520
526
544
529
509
532
550
521
489
550
573
413
122
