537
503
479
490
502
481
471
470
413
371
372
407
397
383
415
411
396
399
409
389
383
432
541
582
565
550
563
568
540
537
552
539
537
538
535
545
561
569
566
564
571
578
587
586
597
573
589
598
573
528
477
475
491
484
449
397
352
354
385
375
355
386
429
467
458
442
456
457
454
448
465
446
434
490
555
597
597
591
582
589
598
627
633
634
631
633
641
627
629
601
560
515
526
540
536
522
521
547
541
515
478
442
432
447
458
431
406
398
414
389
400
403
401
383
399
410
394
386
467
601
686
676
642
645
669
671
622
592
569
554
545
536
536
532
517
552
593
610
607
612
613
568
540
604
664
666
641
653
658
651
646
667
664
658
649
668
644
562
526
553
570
530
468
436
427
430
440
429
426
454
510
550
563
570
568
554
579
603
623
609
611
615
631
610
580
557
557
553
559
555
551
541
561
571
559
552
545
551
550
550
550
563
563
561
555
562
560
546
525
517
512
525
519
517
521
507
518
509
499
508
505
506
497
515
540
564
556
550
549
553
563
558
558
556
555
550
565
555
553
572
576
589
584
589
580
581
584
578
543
540
547
561
545
542
559
586
597
605
595
578
608
615
566
490
456
465
451
462
446
475
459
444
459
460
451
457
467
444
394
377
390
375
376
391
368
363
422
554
635
610
590
620
619
608
611
628
608
603
612
618
584
538
538
505
477
449
450
456
460
464
452
453
477
512
526
529
513
511
533
531
529
531
520
525
525
537
520
517
535
525
529
531
521
526
515
521
522
526
532
532
520
541
537
521
530
526
540
522
530
540
525
494
548
572
411
135
