661
635
569
586
625
622
547
473
447
445
439
416
402
390
397
418
417
394
398
462
602
684
683
655
662
655
580
535
561
580
549
537
550
552
543
545
549
536
557
586
609
589
582
591
614
611
562
499
461
460
488
471
456
455
476
468
451
445
443
415
431
444
425
410
464
573
634
619
589
616
620
611
603
615
613
601
597
608
619
575
512
467
473
498
492
476
491
491
484
470
473
480
470
467
487
474
469
491
513
473
402
384
423
490
516
517
494
510
537
588
617
602
601
607
605
598
601
617
590
538
492
486
506
497
503
511
505
493
497
500
507
508
509
469
442
454
457
456
461
455
450
434
422
429
446
444
422
435
437
418
409
397
410
389
395
423
461
476
475
479
472
482
468
458
489
518
550
542
538
539
552
544
543
540
538
548
538
550
551
542
542
524
522
521
523
533
523
522
520
527
521
549
579
602
599
587
600
602
610
590
598
598
585
592
598
596
602
599
589
584
558
562
569
548
568
571
573
560
566
561
555
553
552
569
565
562
566
552
552
554
565
555
520
509
521
519
496
530
613
632
630
613
628
639
581
496
463
477
481
487
481
478
477
474
479
478
468
464
471
480
475
470
480
470
470
481
488
467
450
496
562
610
606
601
607
609
604
605
601
595
595
614
603
583
543
516
522
535
536
516
521
531
549
551
550
555
549
562
557
550
560
584
613
600
592
612
616
581
508
470
484
489
477
471
469
469
499
568
612
597
581
586
585
518
476
498
504
506
480
490
516
503
518
521
520
508
521
532
504
542
620
670
662
651
649
666
664
631
618
591
585
588
600
599
590
605
598
581
556
542
546
554
538
493
478
479
499
494
491
484
485
473
504
539
532
512
524
546
530
521
536
527
517
525
530
511
529
529
533
532
525
539
539
523
522
549
525
504
555
562
401
130
