695
641
584
625
669
614
567
584
594
567
567
585
585
575
575
593
564
509
496
488
498
497
512
490
465
458
466
465
460
463
460
454
460
452
473
449
444
443
445
438
437
441
438
444
436
437
447
447
438
436
441
426
425
419
431
423
408
429
452
440
445
445
440
438
427
438
436
440
467
481
470
469
464
486
478
467
451
455
454
465
456
451
459
450
462
452
452
458
448
470
451
470
455
445
466
461
454
459
456
453
461
448
447
461
456
450
451
456
454
452
468
489
468
479
478
478
473
482
489
476
466
500
570
601
599
588
598
602
603
591
591
598
584
587
594
589
595
598
591
581
571
569
594
577
565
582
603
559
505
469
477
488
482
477
481
488
482
485
488
470
466
511
596
627
628
611
617
621
628
613
598
581
592
591
594
601
593
573
539
514
520
518
521
495
471
448
450
445
463
465
483
489
493
472
483
492
486
477
471
512
583
632
630
605
607
609
626
601
588
575
570
575
576
584
582
568
512
489
482
496
496
492
496
503
471
441
416
420
450
462
447
454
463
517
545
546
537
526
546
546
529
542
585
607
602
596
597
587
585
609
597
569
510
468
475
471
488
488
474
489
514
567
610
606
588
604
610
609
601
578
494
450
449
489
481
455
469
491
446
392
394
400
397
373
458
584
657
648
630
628
588
547
548
557
565
551
561
572
552
544
570
561
547
513
513
501
508
505
507
513
517
529
540
532
537
528
525
513
555
628
668
654
647
649
611
585
583
574
583
586
577
590
589
584
597
596
589
588
581
579
577
578
586
586
587
553
498
482
470
505
526
535
544
542
535
516
527
528
529
538
527
531
524
541
541
526
521
531
528
522
539
531
516
509
527
542
523
502
548
568
412
135
