605
583
546
562
592
569
553
575
583
557
577
581
593
587
606
603
593
603
619
595
579
579
593
563
580
587
563
510
481
490
491
492
492
509
473
454
451
460
447
455
468
482
485
466
474
461
465
462
473
454
459
453
433
401
411
419
417
415
432
419
395
365
354
347
351
348
338
331
370
430
455
451
455
464
449
443
485
578
629
623
606
623
622
611
622
602
588
606
608
583
523
490
505
517
516
500
507
524
505
490
462
441
444
446
449
447
458
462
460
463
471
469
449
444
424
437
440
416
430
431
420
429
403
425
416
408
431
424
428
420
416
425
431
416
419
411
404
396
410
405
388
384
456
563
624
629
613
580
535
486
496
510
510
507
502
516
504
501
499
517
498
519
536
542
538
534
567
532
528
548
585
615
605
582
609
601
569
516
488
484
506
500
486
488
520
562
607
613
601
592
605
615
562
497
483
502
511
499
484
499
498
489
461
443
454
457
441
441
450
473
479
488
481
478
472
453
448
458
454
457
463
463
446
464
445
419
402
409
421
416
414
422
402
407
406
405
411
421
446
473
484
462
465
511
552
596
590
580
580
583
583
591
615
635
622
619
636
629
617
630
636
611
558
529
537
535
526
528
542
535
518
478
458
454
455
463
448
459
460
481
456
403
387
452
558
631
630
591
605
630
621
585
537
511
509
506
506
510
499
511
504
505
504
512
512
502
501
535
547
564
563
564
565
562
572
554
527
525
536
526
539
527
526
526
530
526
532
517
513
529
518
511
532
533
529
532
539
515
524
544
536
531
519
540
537
524
540
545
527
498
553
580
422
131
