613
586
525
567
594
567
535
572
582
558
564
582
574
571
586
593
564
563
581
573
566
577
560
571
585
598
606
600
586
603
603
592
600
595
589
592
592
600
596
591
589
574
582
589
575
568
581
589
565
512
494
490
492
485
481
497
479
466
446
461
466
452
465
455
457
465
478
483
483
475
485
471
476
479
465
457
456
466
464
464
455
473
478
448
422
410
418
407
415
426
421
398
359
335
352
381
425
458
453
440
446
468
454
435
479
584
634
626
606
613
607
612
615
592
595
592
605
584
528
497
504
512
514
498
519
508
456
436
441
464
445
444
437
455
461
456
455
446
462
465
459
459
464
440
432
427
432
444
440
429
433
420
430
435
419
411
428
423
413
399
392
392
393
398
425
409
378
450
574
628
616
605
624
608
518
485
500
506
511
499
501
497
498
535
543
536
524
540
546
538
528
556
586
594
595
611
575
507
491
495
490
488
513
578
601
612
591
600
609
560
520
483
501
493
465
443
454
443
438
452
439
450
472
493
482
485
474
477
486
470
457
453
454
454
443
453
450
440
429
407
394
405
421
409
411
399
395
412
396
401
413
408
419
464
481
484
471
469
487
550
587
593
584
583
584
583
567
601
636
626
625
625
622
602
548
512
529
536
515
475
457
459
460
445
456
474
470
414
386
449
563
632
609
593
619
622
589
519
492
504
525
513
499
509
509
547
573
569
568
560
573
559
526
524
514
512
524
527
521
513
523
534
527
518
527
531
525
538
537
523
513
528
525
519
527
527
539
530
529
536
527
524
531
540
529
516
526
532
505
524
543
511
499
552
571
409
129
