686
653
601
628
653
627
616
609
572
516
523
558
550
519
520
501
483
475
487
487
492
474
477
480
473
474
444
417
411
429
427
421
415
439
469
460
456
476
533
582
573
567
563
604
620
605
604
613
603
616
576
536
498
496
520
514
497
511
489
517
500
511
515
510
498
513
499
503
505
505
511
495
515
505
511
502
500
505
507
503
514
506
508
497
505
508
506
492
501
510
498
488
479
491
475
464
497
568
614
597
582
587
595
598
593
575
562
556
575
568
561
558
555
550
563
558
548
562
579
593
614
619
612
602
623
632
593
518
478
480
506
490
488
495
497
487
506
564
601
598
585
579
592
585
577
578
590
590
569
512
465
475
483
489
490
515
528
523
516
525
513
519
522
587
602
593
583
602
600
587
595
599
597
577
598
607
562
517
478
490
488
466
467
471
460
471
474
454
452
483
519
539
532
539
548
527
519
559
631
671
664
653
626
569
536
538
568
565
544
569
589
601
595
597
594
597
605
616
583
506
474
493
499
489
464
507
573
607
600
588
591
604
590
591
593
599
588
593
613
599
593
588
596
599
608
598
586
602
608
593
532
501
516
525
513
502
517
524
488
446
428
450
451
439
416
397
396
404
400
397
386
405
442
446
432
427
441
433
436
440
449
440
436
452
447
435
406
381
387
391
385
367
394
409
372
358
427
581
674
657
642
658
662
655
620
614
589
584
588
585
588
586
609
564
494
457
474
484
486
460
463
484
456
424
417
405
408
417
401
386
458
570
621
605
585
608
612
610
606
608
607
601
605
613
604
611
597
577
581
596
592
585
599
600
572
535
524
534
536
515
530
536
532
519
523
542
533
526
526
520
520
520
535
533
533
528
539
531
511
527
532
503
524
528
522
509
522
540
533
524
532
540
518
534
545
522
500
554
564
405
133
