552
527
476
497
524
499
486
513
532
551
587
595
571
573
585
598
550
462
434
424
446
441
439
443
454
463
451
451
458
438
430
489
575
602
612
607
621
599
553
525
537
559
533
530
553
585
606
588
591
595
596
568
572
564
570
560
571
587
630
643
653
656
623
572
547
544
555
521
488
488
519
514
503
481
479
453
440
463
474
445
430
511
605
658
674
655
651
640
657
680
602
490
424
423
450
445
432
433
427
472
529
575
562
552
560
557
572
595
625
622
616
605
629
627
596
556
520
521
531
527
516
533
529
523
505
544
632
673
669
655
667
668
668
663
644
599
580
572
596
583
589
590
588
571
571
549
544
560
554
554
558
552
557
557
558
558
563
560
552
569
597
619
632
603
554
532
518
515
484
490
499
483
463
453
461
461
463
464
460
465
485
484
482
475
480
478
461
499
565
583
582
583
598
591
585
596
623
627
631
624
636
630
637
637
617
561
539
536
559
549
549
561
560
524
512
504
507
496
494
499
502
484
487
486
482
486
466
473
488
474
464
478
463
473
458
460
446
440
437
447
443
432
424
397
408
403
407
398
392
391
384
384
393
382
392
379
390
398
383
392
391
390
382
397
395
395
391
392
386
373
410
488
525
509
543
615
636
622
610
631
613
540
520
530
532
483
468
480
479
477
471
482
514
529
539
530
521
532
521
523
526
526
530
529
522
538
516
520
524
528
528
524
539
530
520
526
527
511
526
533
526
520
543
527
517
518
540
534
498
550
578
411
121
