593
586
537
553
590
564
557
625
645
627
600
550
500
522
528
508
423
385
402
420
380
397
414
406
391
405
418
417
417
428
419
407
423
446
406
388
478
618
700
682
664
673
699
670
673
682
674
635
593
604
605
604
589
600
609
601
584
581
575
588
593
595
585
592
608
568
514
487
502
495
464
416
403
394
405
398
395
390
417
467
495
496
494
487
494
478
509
545
583
572
554
571
563
568
568
560
558
543
520
535
540
533
528
529
548
572
602
606
591
591
578
602
596
585
581
580
564
586
588
563
575
589
628
645
650
651
649
627
555
522
533
546
518
532
544
517
476
446
458
460
451
463
458
454
477
499
521
521
509
503
511
541
583
612
600
583
588
597
606
607
586
518
477
476
501
493
486
503
516
502
489
495
514
503
499
524
555
552
566
576
548
560
565
552
514
511
530
515
515
512
514
512
511
530
520
511
509
555
597
640
641
624
621
630
628
613
571
545
534
556
540
551
542
545
511
505
514
512
500
507
519
490
459
430
434
432
441
439
438
431
442
450
444
446
449
449
444
460
463
443
427
497
637
724
698
672
674
710
689
660
612
595
587
589
597
596
609
601
596
594
592
598
605
612
567
532
488
489
510
515
508
508
500
458
453
471
471
457
459
457
432
429
430
432
425
426
417
420
369
334
335
365
360
362
364
345
354
360
417
442
419
404
430
442
411
415
463
583
641
631
610
617
639
630
601
525
503
512
503
519
513
508
510
506
512
506
510
498
522
500
478
457
455
469
462
464
476
464
456
457
472
465
459
470
483
481
483
487
488
486
497
528
526
519
527
540
534
516
527
527
535
528
537
518
531
544
538
514
532
531
527
524
532
537
528
539
524
530
520
535
545
525
521
540
538
488
543
570
413
132
