523
503
454
497
471
406
364
400
404
387
393
396
392
386
413
418
390
441
546
587
574
547
566
565
560
560
577
575
568
569
571
546
535
544
542
536
542
545
532
537
535
565
573
577
569
555
577
588
597
590
603
593
578
493
479
494
486
472
484
501
469
391
353
378
377
364
362
382
364
358
373
436
452
454
465
466
452
437
474
554
593
591
566
580
606
630
631
634
631
616
637
648
615
545
526
527
531
511
533
537
498
466
447
449
455
444
438
441
421
393
402
419
411
393
382
471
606
678
667
653
661
676
670
666
640
591
558
574
559
562
512
541
555
540
529
540
553
529
525
562
595
609
622
620
610
616
624
610
597
608
630
620
582
517
471
459
475
481
462
465
523
614
668
664
655
654
658
665
657
646
580
542
546
553
559
543
545
544
542
546
533
477
418
428
458
432
423
458
518
537
538
538
550
550
531
541
548
546
566
568
557
558
570
559
574
606
636
628
571
546
549
561
550
550
563
555
522
506
525
522
518
506
512
517
522
511
516
507
504
506
504
499
508
493
516
500
505
540
555
549
553
559
558
559
560
560
564
565
563
557
555
561
588
585
579
587
580
587
581
558
532
543
540
560
533
549
572
579
596
607
592
591
603
617
566
480
454
449
479
455
463
452
388
368
378
379
376
379
390
369
356
438
549
627
616
590
603
611
603
604
605
614
600
614
617
622
598
604
626
632
588
553
528
515
536
528
530
526
521
472
449
447
472
459
456
448
478
511
527
534
528
528
525
527
526
524
527
521
524
532
524
534
531
524
529
531
533
530
537
526
519
540
531
528
532
545
539
514
528
547
510
501
542
568
409
132
