611
592
550
568
579
571
573
599
611
597
593
594
603
590
602
605
601
598
594
606
609
594
598
594
586
591
594
589
599
595
595
602
605
594
596
576
595
600
605
601
576
526
481
494
493
471
482
479
484
484
484
463
462
454
479
457
460
487
542
586
570
553
556
592
621
628
635
627
630
632
630
643
608
549
538
533
546
538
534
552
525
480
443
459
457
450
447
455
471
477
507
511
490
498
501
490
484
528
587
621
623
601
613
607
619
599
570
551
566
561
558
549
549
557
548
559
588
603
598
599
595
598
595
604
596
574
520
486
487
493
493
476
438
413
412
441
484
493
477
467
500
553
563
563
571
560
574
570
579
561
501
472
473
493
499
471
479
486
483
474
467
464
465
478
469
478
493
535
564
552
551
549
591
576
590
589
598
592
580
595
607
579
508
495
474
488
502
499
493
502
491
488
504
491
477
487
495
485
478
509
567
588
583
573
579
586
564
573
602
547
476
418
424
454
440
424
437
441
437
444
441
443
441
441
440
438
440
449
441
427
431
445
462
478
514
551
584
569
556
548
547
564
548
576
593
594
586
591
593
593
562
508
488
475
493
481
484
484
481
473
463
469
471
483
462
456
484
529
565
565
549
551
543
558
583
599
597
583
596
603
594
596
613
567
513
484
491
512
495
497
484
486
510
557
597
592
575
567
598
595
543
474
423
428
448
449
435
447
449
433
439
485
489
485
482
488
491
475
475
501
541
581
565
587
541
494
450
465
463
463
456
464
472
474
459
463
468
468
468
452
490
546
591
597
581
561
547
515
519
534
538
529
522
530
533
522
527
545
536
526
530
513
526
529
527
534
535
525
543
526
523
520
524
519
534
538
534
528
526
527
524
528
519
539
530
519
531
532
528
516
526
531
518
536
523
519
517
523
535
529
520
533
533
511
530
547
525
513
556
563
413
137
