686
668
610
626
650
614
619
636
621
593
565
583
579
572
578
594
586
561
515
502
488
500
508
498
505
510
495
460
451
452
454
457
452
463
474
455
444
435
446
441
443
431
439
442
450
427
432
428
432
436
456
450
445
442
459
485
473
466
461
457
446
456
457
452
454
458
471
483
482
479
463
476
484
473
469
498
571
620
594
584
598
605
585
588
595
594
593
591
594
587
589
589
592
589
582
595
582
594
594
600
586
595
594
594
585
583
581
584
580
591
557
500
454
487
494
472
475
475
471
467
472
483
484
484
485
484
462
506
589
638
628
614
626
625
612
619
612
604
580
596
601
584
525
499
521
519
504
466
448
445
461
460
457
447
460
470
490
484
481
481
514
580
630
619
601
614
620
613
611
605
615
583
571
590
583
583
576
586
555
520
476
495
491
515
475
439
401
418
417
421
408
411
423
418
416
435
448
461
462
463
460
464
466
468
451
449
480
516
538
549
538
538
537
553
576
597
592
589
589
596
591
588
594
599
597
587
593
603
594
598
600
597
595
596
589
601
580
581
599
608
555
504
489
471
486
499
486
485
487
523
569
606
626
607
570
518
478
469
448
417
392
392
409
399
369
373
453
582
647
642
635
626
647
636
638
613
578
545
553
560
561
548
546
532
509
507
516
508
505
508
515
534
531
525
529
526
540
533
523
552
625
676
648
633
653
662
632
595
577
583
580
592
579
585
584
586
591
591
589
590
591
584
596
599
584
560
578
587
558
492
475
485
480
492
476
475
470
487
512
534
526
530
521
519
517
520
527
526
533
522
532
532
536
532
534
524
529
528
535
525
518
512
537
529
517
530
540
529
516
525
534
534
518
541
526
505
525
542
523
496
540
569
416
121
