661
637
532
478
470
449
434
448
456
444
440
436
406
396
397
418
408
398
407
417
410
389
385
469
600
680
678
647
658
680
675
623
573
545
543
563
558
551
554
550
546
541
537
539
538
567
585
584
606
602
561
487
455
450
464
465
454
455
456
441
418
426
433
430
418
402
470
560
604
535
446
457
487
478
474
478
487
453
402
406
417
399
407
425
407
390
413
495
508
510
531
587
624
583
533
468
460
462
447
445
465
455
454
444
450
451
450
435
427
427
436
432
428
426
430
432
410
396
395
394
401
404
395
391
409
400
392
396
414
457
480
479
455
467
478
467
469
471
471
461
467
473
465
467
459
466
474
469
467
457
465
472
488
531
532
537
529
538
551
530
524
527
519
521
518
544
600
610
592
593
603
611
604
601
593
600
595
605
595
590
590
566
541
559
564
562
557
552
554
562
560
568
571
544
550
532
507
503
524
524
489
505
549
600
617
622
637
586
504
452
462
484
473
474
462
448
487
567
608
605
589
602
594
590
606
610
604
594
596
576
537
522
522
535
515
514
541
550
558
548
553
542
547
573
600
593
603
616
599
586
619
620
556
507
476
463
472
508
563
600
597
598
568
532
493
500
497
496
488
508
525
520
516
515
515
546
619
676
661
638
660
671
643
653
665
641
606
583
590
588
581
589
584
549
529
539
561
532
491
484
490
485
472
478
487
471
479
482
485
468
478
500
517
533
527
524
531
514
531
523
531
531
527
533
529
533
531
527
524
522
543
524
531
532
534
517
533
538
524
519
520
536
519
528
532
526
515
523
549
532
496
541
571
408
134
