644
622
565
598
607
574
538
523
523
519
519
524
511
531
591
613
605
613
602
607
597
611
610
591
588
584
586
596
584
578
535
484
500
517
518
483
463
444
449
440
462
434
446
455
449
448
440
454
474
450
472
471
459
444
437
442
436
433
413
410
409
403
435
459
492
492
466
464
511
611
652
650
632
644
648
644
659
622
558
515
528
534
533
530
541
515
490
463
459
475
465
483
475
478
484
478
462
476
491
543
563
565
563
557
579
599
604
614
609
609
623
618
576
514
481
501
506
488
491
514
480
394
347
352
376
355
341
377
361
345
364
382
381
375
455
599
691
670
650
658
684
670
639
613
584
577
572
565
571
572
560
545
545
542
556
559
557
535
541
567
601
618
627
598
612
605
613
582
551
519
522
535
526
517
528
527
544
545
556
551
544
553
544
548
555
549
548
521
521
516
523
531
547
572
572
563
560
574
576
571
581
562
581
584
602
598
587
588
586
576
592
606
565
482
442
432
461
456
454
446
438
459
473
491
499
484
481
491
485
493
490
482
482
484
476
479
506
539
581
584
561
566
561
541
538
523
536
537
530
558
602
625
619
622
620
621
627
621
611
614
590
595
604
610
595
587
607
604
605
606
599
606
593
604
597
616
592
539
509
518
533
509
489
473
481
498
486
487
484
471
460
472
459
441
440
434
433
439
421
428
447
424
410
417
400
392
429
497
546
525
516
521
535
527
532
524
527
524
537
531
535
519
538
536
522
521
529
532
515
522
521
518
522
526
528
529
530
540
521
519
547
544
522
524
536
517
513
533
551
528
493
547
566
408
126
