622
590
527
566
574
560
554
607
630
611
619
644
638
610
631
638
632
625
638
627
587
541
512
525
521
516
512
523
519
506
434
379
395
409
408
402
415
430
417
405
412
406
409
409
421
426
408
420
429
400
399
485
619
696
691
656
665
692
694
673
620
601
600
607
592
583
589
574
585
593
591
595
572
581
588
560
510
475
478
488
488
461
426
386
392
429
477
484
486
483
486
487
501
544
580
568
555
559
573
562
560
536
540
524
535
531
529
531
527
525
526
541
524
529
532
545
530
522
543
580
591
591
588
588
581
599
589
588
599
600
580
564
568
573
564
558
586
620
641
642
641
652
650
646
664
633
573
517
540
536
534
526
537
537
546
534
536
539
543
536
519
524
544
538
526
530
535
517
483
452
461
473
458
464
466
463
464
467
460
479
488
517
513
521
510
522
502
534
576
602
595
588
596
595
603
571
525
475
479
490
487
481
491
485
485
486
492
487
498
491
499
495
492
500
502
497
488
517
554
555
559
556
559
555
559
545
568
559
553
521
514
515
526
522
500
505
549
600
639
632
625
621
636
632
624
624
636
645
616
566
539
539
566
552
553
551
559
557
533
518
508
505
510
514
501
504
512
496
457
421
445
460
442
434
505
617
691
697
682
681
708
704
668
604
585
589
603
593
602
601
567
522
497
505
504
506
491
508
509
486
474
455
454
467
453
448
459
448
427
413
418
423
415
428
423
410
367
343
349
359
348
332
386
410
441
431
424
421
435
440
420
407
465
571
637
624
609
624
609
526
501
523
531
510
512
514
514
498
507
507
497
524
523
513
483
464
468
467
465
462
478
469
483
492
478
486
501
522
535
526
519
527
526
530
534
529
531
526
525
526
516
513
522
520
529
528
526
525
540
542
526
525
527
535
524
536
532
525
518
535
555
512
512
552
520
493
562
571
423
120
