557
542
502
595
645
622
598
623
642
627
586
554
499
491
503
525
509
482
548
595
637
618
635
626
609
643
643
602
525
492
498
502
516
512
506
498
527
582
610
608
606
605
598
613
605
571
506
466
471
496
489
486
486
482
443
436
446
440
444
450
432
437
493
566
642
617
611
610
631
626
555
511
451
438
462
482
450
432
499
573
603
609
596
599
614
597
590
597
600
603
602
574
599
607
577
548
524
522
535
536
526
530
530
536
533
530
531
552
565
582
592
607
624
608
610
619
623
606
598
605
607
604
607
607
611
612
604
557
536
544
550
545
537
526
555
571
586
581
582
575
587
592
575
572
582
585
561
517
512
507
505
527
517
511
503
519
511
501
500
537
603
620
620
609
625
620
622
598
589
604
615
610
584
613
610
567
515
486
488
494
488
489
486
495
479
486
516
526
523
523
524
542
554
574
584
588
574
574
595
587
545
494
428
431
494
574
615
611
597
603
610
602
609
615
633
623
615
621
630
624
611
627
640
615
556
547
540
559
540
542
552
539
523
510
516
520
522
505
517
524
497
480
496
501
464
460
451
453
441
445
465
496
516
526
524
513
499
539
588
624
616
615
621
601
624
631
592
502
461
483
477
481
472
475
487
488
474
471
478
483
477
473
511
591
649
638
613
624
649
639
642
628
641
596
529
485
492
511
520
536
525
528
531
523
521
523
520
525
519
531
522
526
517
518
523
524
524
525
524
523
532
525
519
533
526
529
526
535
524
521
535
531
528
537
568
584
569
571
588
572
569
576
588
543
472
436
443
451
451
442
446
439
487
560
625
612
592
602
605
604
605
590
557
509
522
526
529
522
521
537
532
512
517
537
524
518
527
539
538
527
528
532
520
529
539
519
515
513
539
522
509
527
526
507
524
548
518
500
549
558
405
125
