580
555
511
518
539
554
571
631
635
601
596
624
612
584
542
530
522
537
538
524
546
571
584
593
590
561
523
480
471
487
487
469
487
501
465
431
428
424
423
426
426
423
428
433
473
489
483
469
501
549
553
540
541
543
541
507
504
503
502
495
522
499
496
528
598
620
615
619
626
589
500
447
449
466
457
442
446
485
541
586
581
570
580
581
571
583
612
633
629
626
617
606
587
569
579
574
569
564
575
574
578
583
585
586
575
574
562
567
564
565
572
545
536
514
507
517
529
517
504
539
586
612
613
591
602
620
614
581
542
513
525
527
534
517
520
527
529
494
453
416
422
438
434
438
443
444
430
430
439
434
410
475
555
607
611
597
595
616
621
583
513
472
465
467
470
491
489
491
497
482
485
491
487
476
480
523
607
647
629
626
637
605
545
507
531
546
521
527
538
531
479
454
472
471
466
462
460
438
427
425
437
435
423
430
430
430
450
443
460
428
443
453
459
474
478
485
457
478
479
467
475
481
484
452
439
451
455
436
437
438
412
419
475
567
619
629
612
607
614
610
603
601
604
618
606
616
623
626
580
517
479
478
489
484
473
472
497
491
466
418
389
403
444
449
442
431
438
492
586
633
639
621
615
648
642
590
547
507
505
516
515
520
524
510
490
484
497
488
485
504
533
525
525
533
525
518
527
540
517
528
523
527
541
532
524
533
531
528
519
536
533
521
531
525
533
535
534
524
528
524
513
527
540
524
527
524
516
513
529
534
532
511
522
545
520
488
542
574
416
129
