657
629
576
603
632
602
602
616
624
604
607
611
602
594
602
590
541
502
531
544
522
511
532
530
517
520
533
527
522
533
537
531
525
516
529
529
525
533
531
524
518
483
494
500
496
496
489
495
491
478
468
454
466
454
453
463
467
460
449
428
401
401
422
419
414
407
406
394
384
396
397
397
385
410
459
503
486
471
498
567
590
574
572
567
584
574
573
589
614
627
623
601
604
612
622
586
519
485
501
506
494
508
501
494
472
465
464
470
461
461
460
470
442
478
490
499
501
485
486
496
497
490
486
496
495
504
481
454
452
451
457
450
443
451
459
485
480
491
488
481
476
492
488
470
475
511
597
642
657
631
621
636
643
610
550
534
527
531
537
534
531
506
489
491
496
495
495
497
484
432
400
409
413
417
402
409
408
421
402
398
412
400
378
377
463
600
676
664
645
641
654
651
635
652
652
660
637
659
648
638
627
620
587
573
596
613
561
505
479
492
498
470
421
391
383
402
400
382
388
398
401
413
426
443
425
423
484
575
619
632
607
601
613
616
624
600
557
508
523
523
522
524
518
533
530
556
572
576
556
567
572
574
550
541
539
530
526
558
646
686
695
679
677
660
622
588
598
616
605
591
607
604
584
525
520
516
519
531
535
529
520
514
508
513
532
536
504
463
438
444
454
440
465
471
472
492
486
480
470
486
492
469
471
519
589
624
633
616
631
620
620
616
602
538
504
502
522
527
520
510
518
520
510
517
520
516
501
510
544
592
623
635
627
589
541
487
482
502
515
507
482
483
457
453
472
468
460
459
458
466
453
462
464
461
463
450
454
456
449
448
448
467
509
532
529
520
531
533
524
523
530
535
519
515
525
536
529
522
525
535
524
513
528
528
521
537
534
514
523
534
530
504
524
547
523
490
549
566
404
127
