556
535
482
505
535
514
480
478
448
429
439
462
438
435
438
415
386
401
406
404
389
449
548
600
592
581
612
601
593
583
602
621
606
625
632
627
625
628
631
595
559
538
545
526
524
553
623
673
663
644
643
689
670
635
588
556
552
555
571
576
557
567
582
606
612
625
598
555
527
533
531
525
526
530
539
522
534
542
521
536
562
604
634
653
653
607
548
521
518
539
521
526
530
531
488
465
485
482
486
477
466
482
486
503
495
497
490
496
517
544
567
571
563
567
571
561
553
546
556
548
545
547
555
539
553
590
594
607
594
598
602
599
601
607
615
589
521
479
485
496
497
477
486
513
519
507
546
591
605
603
604
608
605
609
610
578
511
451
457
482
469
457
468
483
480
462
449
435
424
439
440
424
417
471
560
583
587
577
581
602
575
543
528
535
546
542
545
538
539
545
534
536
535
547
559
563
560
564
570
571
559
559
530
476
436
435
459
463
434
444
492
574
629
625
604
614
620
620
597
627
626
595
504
477
481
483
481
487
486
476
476
462
439
434
497
638
715
706
687
687
707
698
663
611
584
608
609
608
608
599
581
534
502
511
506
463
443
445
457
448
452
459
443
452
442
460
456
444
455
467
475
476
474
473
477
464
458
439
448
463
449
453
456
447
402
386
401
408
394
392
417
436
461
455
457
456
451
480
548
599
586
574
575
579
586
573
584
588
574
540
522
519
520
533
530
531
525
521
527
524
534
532
525
540
531
520
530
528
531
527
529
525
520
523
536
539
531
524
521
535
533
522
522
520
528
519
539
515
531
524
534
530
518
523
533
510
522
524
540
526
527
543
544
521
522
551
539
494
550
580
405
124
