645
623
584
606
618
593
599
620
601
593
606
574
490
435
445
461
444
403
402
408
409
404
409
415
415
401
399
468
605
691
686
649
651
681
651
653
661
678
624
571
547
552
566
557
552
567
548
549
551
554
527
540
552
542
543
556
587
603
596
594
605
598
597
603
602
562
486
453
459
478
464
460
466
456
441
434
433
422
481
567
627
607
594
607
615
618
620
588
523
465
462
499
491
482
486
480
421
383
406
408
395
388
407
416
486
542
506
498
502
524
516
494
530
595
618
611
603
617
615
605
606
622
575
521
492
502
514
497
503
507
511
490
464
437
431
432
423
422
433
442
428
407
396
398
396
401
396
400
410
464
488
462
468
477
474
466
485
517
551
549
536
535
528
545
543
545
525
525
522
521
514
517
524
535
578
593
612
593
574
596
595
597
584
584
574
564
553
564
562
550
569
585
539
525
520
498
498
511
520
506
496
542
597
632
634
620
618
630
622
629
592
517
463
456
483
466
468
506
583
610
605
593
614
610
598
584
596
603
591
593
605
604
580
536
524
524
532
538
523
524
531
547
551
555
560
551
555
551
559
549
543
557
579
593
610
605
591
601
600
606
585
509
458
494
573
610
596
593
587
594
589
596
579
515
487
495
518
489
481
497
498
502
517
514
492
501
539
629
666
674
663
644
608
583
577
597
592
582
595
594
592
593
584
561
545
537
550
547
534
529
493
473
474
504
484
478
483
495
477
480
501
524
523
529
534
525
528
535
525
516
521
530
526
527
520
536
532
531
518
525
524
517
529
527
522
521
532
519
520
524
525
521
533
536
526
526
531
541
518
523
549
524
519
520
550
522
486
539
572
412
129
