689
658
588
623
643
630
610
629
633
631
626
635
641
634
613
588
569
573
588
573
580
574
580
576
568
588
589
572
553
517
502
492
511
512
493
467
452
460
461
455
458
457
452
444
441
447
446
442
442
438
452
437
434
434
419
419
419
420
427
418
423
437
440
432
439
445
453
473
474
469
470
471
486
465
468
452
449
467
457
447
451
455
461
460
460
468
451
456
459
472
471
473
476
476
470
468
477
468
480
504
559
619
617
598
588
607
591
602
590
582
585
591
594
603
594
595
583
584
581
580
580
587
600
568
498
459
467
480
483
462
472
495
468
473
510
589
630
625
624
618
628
606
578
539
506
520
521
503
471
443
452
454
446
464
460
458
443
451
447
437
462
483
488
472
493
494
476
470
517
578
626
620
615
615
622
624
633
616
614
617
610
599
585
583
578
581
584
591
582
577
587
598
561
517
486
482
500
499
486
497
502
501
475
433
420
415
432
419
423
423
425
419
418
419
431
441
459
456
457
446
460
458
454
453
463
457
454
451
454
462
441
470
456
460
466
439
475
528
549
527
543
542
534
542
540
531
558
590
601
591
589
588
596
586
596
588
605
576
517
485
479
499
494
472
477
492
499
476
484
522
573
606
605
594
579
591
614
618
558
493
461
455
477
476
459
445
422
402
379
380
453
577
663
662
620
620
650
655
618
569
556
554
551
562
563
529
522
507
511
505
507
510
501
496
505
539
524
535
527
529
526
528
568
609
653
646
655
650
658
648
648
640
601
582
587
593
586
579
587
588
587
577
584
599
577
589
599
580
584
578
590
583
573
588
572
583
581
581
588
550
509
471
482
489
517
531
527
537
523
528
532
543
530
529
528
530
535
532
542
535
518
519
525
521
522
521
523
522
531
543
530
505
535
528
518
529
550
533
498
544
582
399
133
