529
504
463
495
490
423
357
395
428
390
384
449
524
561
566
561
563
569
573
577
561
571
551
536
535
536
536
546
544
546
542
535
546
539
542
532
540
540
563
557
566
574
559
561
570
587
600
591
593
591
595
595
595
582
591
588
597
587
595
603
563
519
464
479
503
493
453
393
361
361
370
365
378
360
360
364
363
366
365
367
358
360
371
382
435
484
568
598
590
583
576
597
581
586
597
605
612
653
655
620
554
534
536
541
540
527
520
468
436
454
459
433
416
397
408
399
408
423
403
386
449
601
690
673
642
662
685
636
569
570
565
563
543
539
540
545
555
541
541
526
549
602
625
614
621
613
608
594
623
603
519
457
467
491
478
463
486
496
462
459
520
613
672
668
660
643
651
662
634
569
535
534
552
545
547
560
524
450
433
419
442
462
516
553
547
528
547
539
544
541
576
562
556
565
565
553
571
612
629
626
616
630
642
627
598
576
556
551
559
565
552
562
547
532
507
514
525
514
505
513
522
507
513
517
504
503
515
503
494
518
545
557
547
553
554
543
542
554
549
547
552
563
566
563
556
578
568
552
575
582
580
593
587
593
592
583
582
560
524
552
539
554
534
547
548
536
549
586
613
605
591
602
610
601
597
595
605
593
604
596
585
598
584
592
600
594
597
590
591
590
597
597
607
609
583
589
601
606
581
484
444
454
464
470
455
460
459
451
461
468
468
464
465
462
460
441
399
373
363
370
395
369
359
384
395
371
346
424
555
627
624
595
607
618
622
610
612
611
601
623
616
625
586
546
533
518
539
535
524
538
533
538
509
477
448
446
450
463
447
453
471
517
531
539
535
522
527
536
517
520
528
529
529
527
529
526
527
533
547
531
520
537
539
525
518
533
538
520
514
548
512
498
551
572
406
134
