529
480
412
449
475
446
433
454
446
438
425
438
456
431
429
418
399
387
396
409
392
376
447
551
593
605
596
586
600
595
599
599
603
595
594
589
595
591
590
598
600
590
596
627
624
634
627
630
613
621
642
621
549
506
563
640
656
664
651
660
658
652
633
591
556
557
573
567
551
561
574
573
608
617
623
607
606
621
630
588
555
522
525
540
539
533
511
561
622
656
652
632
645
652
655
612
547
528
502
491
481
459
478
479
474
473
493
501
487
482
508
554
563
564
561
564
571
573
573
552
557
536
551
544
540
531
555
540
542
543
563
595
610
606
594
590
609
613
585
516
486
481
489
481
480
500
525
526
515
510
536
572
604
613
601
599
605
607
596
593
620
622
566
498
462
459
468
456
423
421
436
438
428
416
472
554
601
595
588
591
588
584
537
539
534
528
545
527
537
542
555
556
587
578
539
477
443
442
453
445
449
451
453
455
457
455
443
442
454
451
438
480
563
628
618
599
611
609
596
591
616
629
616
615
636
618
581
519
471
470
481
486
463
486
487
476
450
459
446
451
464
459
447
446
509
644
715
700
673
684
703
671
682
700
704
681
628
597
591
603
601
596
600
611
594
594
606
618
581
524
513
511
505
516
499
524
518
457
434
461
451
450
445
449
454
453
462
451
451
454
444
453
456
447
458
469
474
480
471
471
494
493
477
451
440
448
448
447
456
453
420
394
394
400
393
397
401
386
400
436
462
464
456
462
453
450
440
499
548
589
582
582
583
590
584
571
543
526
513
530
531
529
524
529
526
529
531
528
527
523
546
529
521
514
521
520
527
535
532
520
519
537
531
519
526
539
514
519
533
533
508
524
541
534
498
547
576
401
125
