605
590
532
560
591
556
541
567
583
544
554
571
584
563
579
579
570
565
573
568
566
595
618
602
580
600
606
594
584
592
580
567
579
592
564
505
476
488
492
489
470
451
451
456
455
455
447
461
465
480
482
479
478
480
481
481
450
415
404
417
416
406
412
414
413
430
419
398
360
353
346
332
358
424
469
444
443
461
449
435
491
578
639
626
606
615
634
617
615
607
595
584
600
592
588
585
587
529
505
506
518
501
499
520
515
508
501
514
526
496
464
449
450
438
445
445
446
449
457
452
461
451
446
444
448
448
447
441
450
452
449
450
454
458
464
456
452
466
447
461
433
428
429
428
427
416
443
434
413
408
421
391
371
435
554
622
609
588
609
625
602
609
618
595
526
490
488
524
537
557
542
539
545
557
539
527
564
595
585
593
587
592
586
599
599
572
521
486
484
492
522
564
593
604
602
584
521
487
499
507
492
480
496
513
480
444
433
442
446
440
451
451
447
478
489
481
473
485
489
470
466
455
459
455
457
449
440
402
399
414
397
411
411
416
405
401
412
414
409
399
424
457
466
481
474
466
456
500
558
592
578
577
582
580
577
583
611
627
624
626
626
636
627
598
555
528
536
524
531
523
531
518
482
449
458
470
455
410
403
422
421
403
378
455
567
631
626
608
607
606
604
601
622
628
575
531
507
500
500
511
508
511
522
552
564
567
558
564
570
580
566
531
518
518
530
542
542
533
529
527
540
528
537
533
527
527
538
526
517
537
534
530
523
531
542
534
525
523
521
519
523
537
524
512
532
527
510
522
545
514
499
552
578
405
134
