621
600
535
556
587
556
552
611
621
586
589
603
603
584
587
609
565
501
481
485
484
473
492
487
482
463
464
475
464
456
468
460
458
473
468
455
451
494
548
570
563
561
551
567
579
559
552
594
630
617
557
519
534
546
535
535
540
519
463
451
452
464
454
457
470
483
490
500
498
486
487
527
588
614
608
598
620
619
610
602
609
623
608
572
558
559
550
562
564
567
565
555
546
556
561
554
552
568
598
604
591
589
598
598
594
598
608
568
525
471
497
506
482
488
492
473
434
405
406
454
466
495
486
476
478
481
511
547
588
591
549
499
466
480
472
479
482
477
484
476
465
477
475
474
468
465
464
489
535
565
552
547
547
554
552
556
586
612
580
513
478
492
498
486
487
508
568
591
592
571
596
599
552
456
422
441
449
438
445
474
487
480
495
495
486
488
496
560
575
581
577
577
577
572
563
556
559
553
544
543
558
546
541
571
584
587
584
582
596
562
510
479
473
491
482
482
487
499
482
479
473
467
470
476
464
466
487
532
567
558
548
550
566
550
548
554
541
547
551
559
592
605
603
602
582
605
605
580
591
599
603
576
506
485
491
500
501
478
475
497
490
495
475
489
505
560
590
612
545
467
426
418
449
437
439
477
497
498
476
475
504
553
580
580
578
557
585
588
554
480
451
456
467
464
459
467
454
460
463
473
463
464
479
475
466
464
491
557
592
590
562
539
523
528
538
534
528
537
526
537
526
530
520
524
533
530
525
535
524
517
535
524
527
522
531
535
530
519
536
523
516
528
555
531
496
544
573
416
123
