553
537
478
505
538
504
481
474
445
441
441
446
436
432
459
452
429
405
395
387
400
419
397
385
447
552
612
587
570
586
594
581
584
592
617
621
635
637
613
628
635
602
555
530
535
541
534
536
525
514
570
627
674
656
644
630
596
563
549
577
568
554
567
596
597
609
611
623
614
595
572
528
515
537
526
533
518
567
611
637
653
633
616
555
517
511
531
523
511
524
541
526
484
466
473
477
477
474
478
483
490
499
498
488
496
514
554
565
557
562
571
572
567
553
560
563
553
537
554
561
547
544
547
554
533
564
596
605
600
613
621
587
501
474
491
500
492
482
485
487
479
492
510
501
534
579
609
601
597
621
591
502
459
465
481
449
429
431
429
404
475
548
612
577
583
585
583
551
527
543
546
538
531
549
567
563
573
575
554
562
581
539
463
438
450
449
439
453
461
451
424
484
588
613
606
605
618
633
616
620
620
613
614
632
594
517
472
477
486
479
467
482
489
472
467
479
493
483
474
470
453
452
473
452
436
503
639
723
695
660
689
718
665
617
596
591
598
593
608
580
533
506
508
525
511
518
514
499
457
448
446
452
451
448
450
433
448
442
445
443
463
452
457
443
455
441
447
456
450
474
481
482
474
466
485
482
473
486
484
479
459
448
460
445
437
452
455
449
438
446
442
436
414
393
389
391
405
443
457
461
457
445
453
493
531
591
581
579
578
576
587
585
571
541
521
522
533
526
536
530
531
527
525
532
523
529
530
531
524
523
521
531
536
524
522
539
525
529
527
543
515
524
527
533
520
536
542
530
508
530
545
525
494
544
570
402
140
