533
514
469
488
498
477
473
498
504
481
496
506
470
404
394
397
406
397
398
405
399
390
391
387
403
400
395
397
406
402
386
435
523
577
563
548
563
575
557
543
531
534
530
544
532
539
536
552
562
561
572
580
569
551
578
599
580
525
477
475
486
484
448
402
365
355
380
378
351
358
386
436
452
450
443
461
448
442
489
556
600
587
570
583
592
582
591
619
629
618
619
634
647
601
558
528
522
538
538
534
536
532
531
536
508
473
442
441
452
426
382
407
412
394
397
409
423
395
376
461
595
680
669
644
642
672
657
651
647
591
558
561
574
568
552
566
581
551
538
543
542
532
538
597
632
628
601
624
614
613
608
626
629
579
522
463
464
474
481
467
460
518
619
662
662
656
644
662
677
673
638
575
541
534
558
541
531
546
516
464
423
422
452
434
420
466
517
552
539
538
542
557
565
559
558
549
568
584
611
622
638
632
600
570
554
565
565
543
560
556
552
523
519
517
523
518
511
510
521
513
507
510
502
500
510
495
500
492
513
540
557
548
545
548
568
566
565
587
590
584
582
601
593
563
544
551
546
542
544
562
586
597
607
596
581
595
611
561
478
452
449
451
447
463
461
451
460
453
436
391
376
371
364
375
384
376
363
435
555
635
618
595
606
627
608
583
610
605
609
609
605
605
595
606
617
615
621
619
613
617
612
613
615
618
611
605
604
617
626
591
545
507
529
544
534
531
543
535
504
483
445
444
456
454
454
456
441
474
511
529
532
529
522
520
532
525
525
532
528
529
533
529
533
517
523
538
530
514
514
531
526
526
528
533
520
504
529
530
506
524
535
528
511
547
578
412
133
