494
476
427
456
473
436
438
470
464
439
437
462
455
425
437
423
424
435
431
430
412
422
423
392
401
413
397
396
447
567
616
598
595
606
598
548
534
534
550
526
527
540
536
537
537
535
545
589
624
604
596
609
594
544
525
538
543
527
531
539
519
482
490
485
493
483
487
486
485
482
458
449
448
455
460
451
459
474
442
450
453
442
429
452
445
446
432
469
566
607
600
593
626
616
573
513
469
476
490
493
490
463
524
636
698
703
680
667
697
700
673
609
590
603
581
504
448
466
473
476
468
461
472
467
462
456
431
415
433
427
419
473
561
616
595
594
597
588
594
605
577
547
518
506
533
527
520
513
522
554
581
577
579
606
639
616
595
618
636
580
520
497
492
494
550
644
696
695
677
664
622
559
551
587
574
551
513
488
493
505
548
568
570
556
556
560
551
557
575
566
572
570
565
569
573
562
563
586
574
576
602
593
579
582
594
568
514
488
499
498
467
542
645
712
703
668
694
702
684
693
716
666
580
540
559
572
551
550
555
565
539
489
463
490
480
456
485
487
469
449
519
635
700
685
670
679
698
674
684
679
673
667
684
669
612
589
587
596
588
588
607
563
483
449
432
472
454
462
434
397
351
349
392
383
353
345
415
506
569
562
536
535
564
538
544
558
585
573
571
579
574
573
573
579
589
575
599
597
595
579
601
615
588
548
522
528
526
538
511
472
451
459
464
458
453
458
459
450
459
483
516
537
534
525
520
538
526
527
533
539
532
520
530
533
532
522
527
534
526
532
539
520
525
532
541
525
521
535
538
517
521
544
531
504
550
578
415
130
