523
511
450
474
515
577
601
625
604
595
617
586
498
455
472
498
494
456
421
420
412
417
415
400
450
552
608
595
572
582
600
595
584
590
586
573
576
597
583
551
543
513
501
506
529
504
485
451
426
396
374
359
346
342
351
371
341
348
388
447
483
474
461
479
467
467
499
553
591
602
577
584
600
583
565
497
463
472
482
483
470
483
482
491
484
482
487
474
478
475
479
475
487
488
485
481
476
476
482
483
487
471
483
491
482
469
509
571
599
595
567
559
549
552
551
546
548
559
566
603
624
623
621
605
612
622
575
490
414
439
457
445
446
447
448
453
450
444
433
436
433
436
419
416
431
417
418
471
557
634
634
579
523
501
490
497
501
488
485
492
498
483
488
502
492
486
490
495
492
473
497
501
484
483
511
555
585
586
577
580
586
569
563
518
497
498
517
504
504
498
511
520
484
462
426
419
439
451
414
383
355
367
368
368
377
373
364
369
384
371
370
423
534
601
586
590
581
600
579
576
588
590
582
584
568
539
503
509
514
507
532
587
624
613
594
611
610
605
603
607
612
601
590
588
581
586
594
586
579
584
586
590
562
519
486
484
495
490
487
480
491
495
487
499
503
503
490
491
506
481
488
523
562
590
583
587
581
578
574
581
609
625
620
611
613
644
630
588
502
474
469
482
479
487
468
472
510
574
624
621
587
602
602
609
587
595
604
590
598
591
601
595
594
612
569
564
542
542
544
540
552
559
553
555
569
570
542
494
467
460
472
494
523
530
532
530
524
524
524
535
531
527
529
530
520
532
534
517
519
536
531
524
522
525
537
520
525
530
539
519
512
537
523
530
538
523
504
534
554
525
502
551
575
419
133
