608
588
580
614
646
615
619
644
615
622
629
604
539
497
509
528
504
507
517
519
515
522
502
424
380
392
410
389
399
418
422
407
410
428
421
420
412
427
402
406
420
426
406
414
434
412
383
475
623
706
705
670
678
673
681
654
619
601
604
597
605
602
586
586
566
582
599
596
577
595
599
565
493
473
479
497
491
458
429
397
387
423
473
485
493
490
497
496
478
474
513
553
578
567
563
556
534
531
537
553
530
537
539
550
578
600
591
581
598
600
585
572
573
586
567
557
580
641
652
651
655
657
647
650
671
626
563
520
541
524
481
455
459
470
444
452
466
453
475
503
517
513
511
509
500
507
520
578
597
597
595
601
593
582
589
592
600
595
599
595
593
594
602
594
597
589
593
604
580
516
480
473
497
491
476
492
511
497
478
518
553
577
550
559
565
556
525
516
509
515
546
593
638
631
623
628
640
603
565
539
545
559
556
537
509
495
509
503
508
512
508
493
461
425
436
447
434
431
438
443
436
428
451
450
439
430
497
632
709
703
675
688
711
701
657
639
608
565
526
486
488
503
512
499
500
468
463
452
451
453
446
471
454
439
413
417
423
432
402
368
361
343
348
370
419
427
426
416
427
412
411
472
584
630
636
611
622
643
631
608
623
629
585
515
500
500
524
511
505
494
484
455
462
475
468
475
490
482
478
476
487
487
481
483
490
482
464
487
519
526
526
523
530
516
526
528
516
513
530
522
512
514
537
523
527
523
533
537
537
528
533
527
517
530
522
512
528
525
522
530
527
540
512
521
544
524
530
534
530
532
520
548
536
510
517
539
529
500
556
578
418
140
