651
638
563
598
616
606
580
626
635
567
484
432
448
454
446
459
455
460
432
417
422
404
394
458
602
686
679
631
644
687
671
636
593
556
546
551
552
550
539
561
583
608
605
599
598
597
603
568
492
455
451
469
464
450
472
468
452
464
447
423
407
437
446
414
416
475
574
630
632
596
589
609
631
577
493
464
477
480
481
481
489
466
423
391
408
406
408
393
390
389
435
481
522
511
497
510
519
533
582
613
615
592
592
609
610
586
533
499
507
501
513
520
491
470
447
456
462
450
452
441
442
462
456
435
419
429
423
435
420
409
408
389
404
400
412
402
404
419
450
476
503
525
552
533
529
539
543
525
533
521
528
513
518
522
515
540
586
595
594
591
599
598
606
602
592
587
591
587
584
582
589
594
589
590
566
546
562
565
563
566
561
557
544
513
500
504
504
503
518
516
505
533
600
635
629
604
627
620
617
614
638
605
505
455
465
472
473
468
473
458
497
571
618
597
593
596
614
604
598
603
616
610
603
591
596
602
588
547
520
521
535
525
516
525
532
532
523
520
530
517
540
551
564
551
547
561
550
548
559
551
545
560
556
549
552
560
555
556
578
615
604
587
596
604
564
505
475
470
467
464
482
470
460
498
564
614
612
604
581
525
479
480
502
503
486
497
504
502
508
512
495
507
522
514
509
536
640
666
650
643
666
667
657
651
659
653
652
655
630
606
581
595
600
593
591
584
598
586
603
574
586
556
544
553
547
525
496
485
491
480
483
481
482
484
475
491
481
474
493
522
541
535
512
522
530
530
529
520
526
533
539
530
527
528
537
522
512
517
525
527
514
540
537
531
529
534
533
528
529
528
509
525
537
536
508
530
544
525
503
558
575
413
136
