599
570
525
551
588
556
552
583
563
549
563
626
643
625
616
629
630
625
610
637
636
596
548
504
515
501
504
526
577
622
607
595
607
618
607
603
592
612
613
566
509
468
473
485
486
478
496
446
392
361
366
392
389
357
360
408
503
560
548
531
540
540
555
556
570
574
569
565
573
574
565
588
599
601
596
588
610
603
562
487
446
455
472
460
447
503
581
632
640
622
629
638
637
621
629
626
632
623
611
627
616
601
557
537
536
550
547
534
533
521
513
505
521
516
502
514
516
515
505
503
495
491
494
497
495
494
496
493
488
496
497
496
489
492
489
491
500
482
483
481
480
484
499
477
484
472
457
467
466
473
463
477
467
446
419
415
427
432
434
426
426
419
440
450
446
446
448
449
447
455
452
449
454
448
455
491
503
496
503
500
501
497
500
486
509
491
502
503
507
502
499
513
494
509
501
503
504
510
499
506
508
498
507
513
498
507
501
503
516
500
505
497
496
499
489
494
495
506
494
495
496
489
486
494
492
492
491
477
469
466
481
478
475
465
480
469
477
471
470
477
455
468
464
473
480
467
465
470
470
468
468
472
467
468
469
475
469
470
467
471
464
481
472
478
466
459
460
461
471
454
458
460
462
472
471
466
479
474
468
465
467
475
465
459
445
443
455
454
461
457
442
446
439
440
456
450
445
449
460
443
440
427
432
414
414
423
419
399
398
465
546
627
634
596
599
623
633
561
518
478
471
479
505
494
468
477
510
561
596
611
584
576
599
602
570
462
425
447
427
375
366
383
370
346
415
533
608
587
566
592
604
576
578
600
633
634
627
638
650
633
634
636
630
646
650
647
644
640
641
633
640
642
640
593
568
557
574
573
560
511
477
499
498
501
524
527
530
523
531
520
519
523
531
523
533
523
529
534
536
531
524
527
525
530
532
532
529
527
531
534
528
524
541
528
517
535
528
527
516
519
530
528
520
522
526
522
515
523
531
530
529
532
524
525
527
529
538
526
526
533
536
523
516
542
522
516
528
542
534
520
535
525
523
525
536
520
519
541
542
512
526
548
529
492
549
589
420
137
