613
573
521
551
569
550
549
556
569
536
548
567
571
550
553
578
612
637
632
618
608
643
641
594
539
510
518
510
498
528
588
603
611
606
599
604
610
602
595
607
599
599
614
619
576
519
479
486
486
484
485
472
483
497
502
465
394
379
362
370
406
502
562
562
545
536
560
548
547
570
582
563
561
572
571
562
572
575
576
569
583
597
594
578
597
595
588
585
602
599
590
586
607
607
548
493
459
452
465
472
452
452
497
590
631
634
619
610
637
634
620
617
633
637
628
629
622
634
604
567
531
539
550
543
547
540
546
530
526
542
561
540
541
544
539
525
514
506
523
506
513
517
514
495
487
489
493
485
488
490
493
491
484
491
486
494
499
486
496
487
464
449
454
469
455
453
437
424
411
432
429
436
422
441
452
442
444
449
451
442
453
443
454
444
466
483
514
495
487
505
492
498
491
491
499
500
487
492
502
510
501
507
503
513
504
500
510
515
516
509
494
501
504
508
501
491
501
496
492
501
492
496
490
498
504
491
509
495
502
503
494
496
491
495
496
492
498
488
480
476
462
470
476
471
469
469
469
459
461
459
468
452
472
474
476
463
480
485
469
461
451
459
453
454
463
439
447
453
439
404
391
471
565
631
634
628
594
511
475
463
483
483
477
478
479
501
571
605
614
569
580
590
594
562
468
415
426
442
451
432
435
445
412
390
384
379
382
384
385
366
362
420
548
613
604
563
581
595
587
613
654
644
631
642
654
620
591
576
579
572
567
576
583
558
502
486
486
504
508
495
489
496
505
520
528
544
519
531
528
532
532
531
524
529
527
528
529
527
524
530
526
526
521
536
519
519
524
542
518
519
538
541
518
521
547
516
504
539
584
415
134
