560
527
461
506
542
487
438
440
472
438
429
455
452
422
412
411
403
387
403
416
377
385
445
548
608
608
577
577
592
610
604
638
638
632
621
631
638
609
556
521
533
525
534
526
540
532
519
567
635
679
665
658
641
654
664
633
588
557
569
573
568
561
571
572
566
574
599
610
614
612
616
609
621
621
595
541
523
526
519
542
525
525
524
563
617
657
654
639
649
650
656
613
558
528
525
546
524
481
466
471
471
468
470
478
472
472
484
484
472
469
476
483
476
477
498
502
490
489
503
501
505
487
512
501
501
505
562
566
563
568
557
554
548
546
550
552
559
549
544
550
552
563
547
546
546
548
548
540
552
552
548
544
544
545
551
551
541
550
554
553
545
545
568
549
539
542
560
548
543
564
584
614
600
595
605
622
578
519
472
478
493
488
487
519
515
520
511
547
579
604
607
602
599
586
608
616
573
494
454
468
475
456
468
478
456
449
435
412
419
470
551
598
599
576
570
569
528
515
545
555
554
558
574
571
559
569
579
538
477
436
465
449
445
453
461
455
451
477
572
626
616
604
597
620
619
621
626
620
629
614
622
626
630
628
608
617
643
577
501
457
462
455
438
456
472
434
432
505
636
716
706
659
619
596
595
608
600
531
502
506
534
518
517
516
513
503
518
517
512
512
518
513
507
507
504
521
513
487
483
453
435
467
462
453
450
453
451
448
454
451
447
440
448
463
472
466
476
481
476
482
479
462
444
445
442
456
450
446
442
440
457
445
440
396
395
390
391
397
391
389
382
380
415
442
472
463
452
450
435
487
556
603
601
568
568
584
587
560
543
517
522
533
543
519
538
531
517
531
524
536
519
529
528
534
527
529
534
527
533
531
525
505
537
533
528
528
534
543
526
533
535
537
513
528
555
518
507
553
569
418
132
