658
629
568
579
633
607
572
552
521
525
522
546
581
595
607
607
606
604
605
612
594
591
580
593
586
599
597
598
567
529
512
508
510
505
519
511
507
462
451
452
452
448
447
451
451
453
469
461
463
463
466
471
476
461
464
456
431
437
445
439
436
444
440
438
427
419
410
412
409
400
413
456
486
474
466
478
483
466
454
520
601
646
651
644
643
631
634
658
620
547
522
529
529
487
460
469
467
476
461
470
467
473
469
473
477
473
468
497
545
570
576
559
562
568
549
567
593
609
602
600
609
598
602
625
621
584
523
517
516
481
412
343
344
389
416
386
377
452
609
675
676
653
670
676
668
664
657
607
569
572
595
568
552
573
554
562
557
567
567
542
551
542
568
596
623
618
613
610
614
618
619
613
610
616
610
609
606
617
610
617
622
611
599
552
519
531
535
526
517
519
534
526
528
531
546
564
553
550
553
555
536
527
513
519
525
524
511
519
537
547
564
567
559
560
565
567
560
558
566
584
604
601
603
586
603
591
566
487
435
445
450
455
435
448
487
487
485
486
476
494
480
486
476
505
559
573
569
559
563
544
533
540
539
543
533
533
552
601
618
623
614
621
618
625
619
615
604
604
605
608
598
600
608
588
552
524
526
540
528
532
526
533
512
495
471
497
481
485
487
488
484
493
481
461
460
470
468
462
460
465
453
443
426
434
436
441
444
440
434
420
401
395
410
416
390
399
431
499
535
542
531
528
528
528
530
537
531
521
529
529
529
527
529
529
522
523
538
514
532
525
523
528
524
525
522
517
539
540
524
533
528
524
522
533
526
521
532
538
516
487
535
577
402
128
