627
596
538
556
587
567
542
563
587
567
570
577
577
563
583
611
611
598
599
603
600
593
600
594
595
580
572
572
574
567
590
586
556
516
475
483
503
490
489
493
498
490
454
443
472
475
486
485
488
477
448
469
458
459
422
404
420
406
416
421
414
404
360
335
335
379
429
466
465
432
456
460
443
430
491
583
635
638
608
603
629
613
601
598
601
590
568
537
504
502
518
514
505
507
515
514
488
461
438
455
453
457
448
453
443
444
446
457
455
455
455
454
470
465
465
456
461
462
434
439
436
430
437
443
452
424
440
435
420
410
441
412
427
417
430
414
409
431
437
399
374
453
550
620
623
597
575
531
489
502
521
509
493
498
520
531
538
552
547
534
533
555
587
595
593
597
602
597
598
592
581
593
607
577
526
493
488
498
507
481
487
524
569
600
593
601
593
601
601
593
598
602
609
574
517
480
481
499
491
482
477
502
481
456
442
443
446
431
443
477
482
484
481
476
478
467
455
447
453
456
436
407
406
410
410
420
403
404
406
409
404
408
405
404
404
412
411
409
410
416
471
474
470
461
478
474
468
456
481
470
475
475
478
469
457
491
561
586
587
584
587
585
576
573
583
593
594
623
634
616
623
636
600
545
524
524
542
536
536
515
484
452
453
470
465
464
463
432
397
398
417
409
397
398
415
398
400
453
554
623
630
610
613
621
613
581
525
498
503
516
506
504
523
503
496
515
554
577
578
556
561
570
566
552
548
529
525
520
544
531
520
534
537
518
518
536
539
515
519
537
521
522
523
537
527
528
532
538
516
517
524
533
516
525
549
520
493
551
576
408
129
