634
615
569
574
558
499
503
534
523
504
535
610
617
590
611
607
592
592
614
592
580
587
595
598
584
584
579
596
563
528
492
510
507
515
510
518
489
473
451
470
479
453
445
439
431
431
447
452
438
434
412
402
405
416
414
402
399
425
455
492
476
480
470
483
501
464
463
496
602
663
647
616
635
654
618
537
513
516
535
520
522
513
536
532
520
480
460
446
458
471
462
461
474
476
477
475
478
486
469
471
501
538
564
566
552
558
567
557
551
562
563
558
555
548
571
600
612
629
610
611
585
523
486
490
509
508
496
492
503
499
486
493
499
502
505
509
494
487
500
504
507
457
397
352
354
381
372
352
361
384
400
400
392
407
385
375
457
603
695
642
594
576
590
581
577
583
581
552
554
571
564
566
559
572
567
561
560
564
569
556
539
546
544
538
548
540
548
551
541
557
601
624
610
596
617
622
605
544
517
536
529
519
527
542
562
544
546
553
547
513
516
534
523
519
520
501
504
512
534
551
571
569
557
565
569
574
587
602
599
582
573
597
605
552
492
431
442
452
459
445
439
447
463
437
452
442
460
455
467
454
454
442
448
455
449
442
474
478
489
492
487
475
474
503
540
570
573
560
569
556
572
563
559
560
538
530
541
534
535
518
557
611
626
625
613
625
620
621
622
602
613
584
547
519
519
534
520
523
535
517
503
479
482
496
491
492
493
472
460
461
479
473
467
468
473
468
438
432
443
441
421
413
411
394
397
417
495
536
543
531
512
523
528
528
525
536
533
519
518
545
529
521
534
539
526
504
550
569
408
122
