533
514
472
467
434
388
399
407
406
388
387
408
424
395
406
409
414
405
394
440
533
584
577
556
549
574
577
558
532
548
541
539
542
550
529
544
539
538
525
541
534
535
528
532
538
538
551
539
550
542
537
543
535
540
536
541
535
544
539
543
545
534
539
543
552
525
542
542
559
560
568
561
568
571
572
574
594
587
581
594
606
593
597
595
606
565
495
475
491
491
475
483
496
461
392
361
366
373
356
366
371
390
429
458
451
446
454
465
450
436
479
554
601
591
588
592
596
595
583
593
592
581
576
588
592
593
573
595
585
587
619
637
627
624
634
633
618
633
631
630
635
649
652
613
559
512
529
535
526
533
543
512
471
436
434
462
444
448
448
457
447
456
462
449
449
448
440
457
457
452
460
459
407
384
456
608
690
669
648
658
681
665
642
596
553
557
564
574
558
556
581
571
557
546
538
525
535
556
526
529
559
603
609
616
614
611
607
628
627
586
511
461
486
485
472
475
465
471
517
618
682
669
646
657
681
666
646
674
680
619
572
548
541
553
547
562
556
520
466
409
429
461
527
539
543
533
534
553
536
537
543
528
547
556
575
563
556
559
554
562
555
571
608
632
627
633
629
614
627
631
608
566
557
561
569
565
549
569
559
548
523
523
511
510
508
524
511
519
517
488
484
500
507
498
499
519
538
546
552
544
559
552
555
557
557
556
571
583
557
563
561
559
564
569
584
584
585
581
587
580
584
573
555
552
537
551
584
600
594
585
584
606
609
557
501
451
449
472
471
452
448
462
467
436
409
376
372
374
376
395
364
354
418
552
642
621
595
590
611
592
603
610
590
546
526
538
536
541
526
537
537
534
520
478
446
441
459
458
455
450
476
456
448
454
457
444
445
467
463
453
463
462
453
456
451
462
459
449
459
450
480
504
536
531
522
517
534
530
520
520
525
534
521
533
541
525
523
525
530
530
532
535
531
528
537
526
520
534
525
522
521
534
535
529
526
538
532
521
537
532
535
524
526
521
519
520
531
523
514
534
530
523
533
528
524
523
530
538
527
513
537
538
499
534
548
525
488
547
574
409
123
