633
615
560
587
622
583
581
613
567
498
483
496
497
479
485
472
468
455
467
470
454
480
567
585
569
570
574
560
558
581
623
622
634
631
627
634
631
605
563
526
540
555
523
521
547
522
468
453
453
455
455
446
456
458
460
488
501
483
486
505
502
486
519
594
620
609
607
614
617
598
578
567
559
570
566
557
555
545
567
553
553
554
556
546
549
556
566
586
601
593
590
603
610
571
501
479
501
473
432
413
426
428
416
432
407
427
436
471
510
480
474
516
566
572
569
570
577
561
556
564
563
575
551
560
566
573
547
503
474
471
484
492
472
474
477
478
468
469
482
525
568
559
556
551
554
556
555
555
552
587
599
596
591
604
626
579
511
474
488
479
487
493
477
519
570
589
585
563
586
605
552
460
421
435
466
487
487
498
493
491
479
481
476
493
558
577
578
571
580
574
571
575
576
562
562
552
559
551
552
544
548
541
569
574
585
592
587
580
587
588
549
502
474
479
499
487
474
473
471
461
491
537
573
565
552
544
566
549
550
555
588
607
595
591
593
603
598
578
513
479
493
520
568
585
602
596
571
592
592
549
475
424
428
446
440
436
449
470
487
488
472
479
485
468
472
510
545
590
574
560
571
585
548
476
443
460
455
459
466
475
479
470
472
467
461
477
461
457
493
556
591
583
572
570
592
590
571
545
527
526
523
539
522
527
535
525
525
530
523
524
516
520
532
517
522
529
539
522
523
538
541
515
528
534
527
523
518
531
530
521
529
529
526
537
537
532
505
533
535
523
527
538
538
510
527
552
530
501
551
572
418
130
