518
509
458
492
503
467
489
573
617
613
598
606
621
620
568
500
465
467
486
472
455
459
454
432
406
407
417
422
404
412
454
541
606
606
570
581
585
587
562
534
517
512
511
528
520
513
500
453
416
426
425
409
356
342
355
370
350
341
390
444
479
475
456
471
471
480
468
479
476
468
463
479
485
464
455
501
571
596
601
595
556
504
462
464
494
485
459
478
490
466
479
492
482
476
485
477
467
472
480
480
473
513
570
607
595
573
592
604
591
566
558
551
538
562
597
616
612
609
627
613
608
617
624
618
608
619
631
572
478
424
424
446
437
426
436
445
429
430
420
427
425
423
406
485
574
634
620
613
609
630
608
588
598
626
617
594
525
482
488
501
496
485
494
513
477
481
511
552
593
576
582
582
562
578
577
565
524
502
501
513
513
513
509
512
481
460
432
438
442
442
426
377
360
359
361
363
369
363
351
353
368
368
382
389
373
376
425
537
603
595
561
584
595
584
577
585
601
573
578
600
574
520
510
521
522
516
518
514
505
530
586
619
611
589
607
612
602
603
600
583
575
589
603
561
507
480
476
485
489
474
472
492
503
497
481
510
568
604
588
576
592
579
573
594
619
634
615
627
625
580
516
461
468
483
491
475
467
516
572
609
605
594
595
598
580
538
537
543
555
543
540
546
540
537
549
557
561
555
561
547
557
569
553
544
492
455
460
481
462
464
485
517
522
530
530
533
527
528
527
503
526
540
534
528
536
523
527
531
526
531
516
520
533
531
510
536
534
528
520
528
535
526
512
539
533
519
536
544
519
503
550
577
415
126
