532
501
463
497
502
466
484
567
617
607
595
618
605
595
612
572
502
459
479
482
467
480
473
426
393
411
413
418
410
420
409
450
560
623
602
570
571
594
578
572
600
581
524
499
515
529
496
519
526
500
446
424
430
423
408
429
423
406
368
355
354
349
349
371
347
340
386
454
488
468
475
490
474
472
488
575
601
604
594
592
595
581
580
581
590
589
588
583
591
584
590
598
582
592
603
594
580
589
588
587
579
597
599
585
581
588
607
577
500
475
477
485
479
479
485
474
460
503
560
589
597
596
585
581
590
589
585
563
561
543
558
560
542
558
553
570
601
618
627
610
613
618
627
575
485
432
429
452
432
445
464
448
435
440
443
428
429
440
439
444
426
441
420
412
464
556
626
619
612
608
607
610
613
590
523
486
501
517
499
500
497
508
484
489
501
492
487
479
507
551
596
583
580
572
584
570
514
501
504
507
503
505
514
498
438
421
440
440
435
434
438
431
425
378
355
351
356
375
354
369
380
363
378
393
391
364
368
388
368
354
422
541
610
599
581
570
589
578
580
596
562
526
517
511
514
539
584
622
622
597
608
607
609
610
603
605
614
613
600
597
581
582
583
582
585
565
513
488
480
480
481
482
492
487
473
471
486
494
485
500
504
491
501
498
494
512
552
591
579
569
583
607
611
620
629
625
616
621
627
625
619
629
631
624
606
628
634
593
517
466
468
515
560
599
608
601
596
609
604
570
559
552
540
545
554
560
555
568
573
558
556
561
583
545
488
463
470
475
473
469
470
498
513
523
534
526
522
531
539
523
526
526
524
516
532
525
531
523
528
522
524
526
539
540
533
541
541
519
521
530
532
518
540
522
523
516
536
536
510
530
550
528
499
546
566
407
119
