606
574
522
558
634
626
611
624
631
623
625
607
544
496
511
537
524
493
520
521
497
419
384
406
403
405
407
413
399
423
425
419
390
421
437
404
393
488
627
687
686
678
686
635
589
597
599
584
569
583
591
573
589
603
570
494
473
489
479
410
381
400
399
392
393
407
399
392
416
469
497
482
493
494
490
482
509
540
578
575
564
568
560
571
557
532
528
524
536
534
541
540
551
577
582
589
593
590
572
569
589
631
653
655
646
651
658
661
622
566
522
535
532
538
528
520
520
542
529
509
480
458
456
458
478
503
509
507
508
516
516
504
535
581
613
603
597
570
520
480
463
495
490
479
488
495
491
492
501
522
541
554
564
546
557
564
574
561
547
526
513
512
524
524
506
506
553
620
625
632
629
625
636
637
640
620
568
535
539
556
529
514
505
501
503
499
504
508
495
462
425
429
442
441
436
437
450
447
439
443
468
445
440
503
639
704
714
684
693
697
692
683
677
709
690
653
629
582
590
606
596
594
593
606
572
522
491
503
509
501
506
504
510
484
461
456
460
459
462
459
472
456
459
459
458
464
469
447
458
437
426
424
427
431
431
426
431
423
421
409
374
348
346
364
343
352
338
353
367
402
435
430
413
404
486
581
627
639
619
620
621
620
632
603
537
491
500
526
516
504
516
522
503
500
500
515
527
502
512
511
512
499
479
464
477
474
459
464
471
466
468
462
468
469
477
489
492
478
468
473
519
527
531
531
530
540
519
530
534
520
528
529
537
530
527
533
536
523
532
527
514
520
548
538
525
518
538
537
524
546
536
516
519
542
537
522
531
548
522
498
552
590
417
136
