489
526
573
632
636
618
623
594
474
411
431
447
436
414
440
449
407
436
505
541
532
528
511
525
516
535
528
520
526
530
525
530
517
540
524
518
523
530
529
532
537
528
527
531
523
531
550
559
562
552
536
546
550
546
550
544
554
542
557
550
566
538
542
570
625
641
644
635
632
636
636
646
640
590
589
592
599
587
584
597
564
502
456
469
478
468
463
487
473
459
431
404
389
404
419
408
392
456
520
585
561
553
553
564
558
566
555
551
535
539
542
546
544
553
568
557
554
564
551
566
588
587
588
581
581
596
577
571
546
546
536
555
550
568
570
561
565
577
570
557
523
499
499
503
500
499
497
506
496
493
505
498
489
495
515
508
497
487
529
584
601
596
592
593
619
615
583
555
548
543
538
533
552
559
577
573
556
575
560
544
510
520
522
537
521
513
522
547
533
532
547
541
531
526
567
633
665
652
658
643
666
664
618
556
516
518
521
517
517
521
520
537
576
595
589
595
589
599
584
590
594
573
525
511
527
525
509
503
515
513
517
526
515
507
529
609
646
633
606
610
622
617
612
638
613
550
505
542
619
649
645
645
628
634
647
652
598
516
473
491
490
483
481
470
484
457
461
458
472
477
450
445
510
593
638
635
621
624
624
642
629
606
519
468
482
505
499
482
484
511
562
586
583
574
566
595
588
564
535
506
510
516
532
523
518
538
570
603
606
581
577
560
571
566
569
562
562
566
558
550
542
524
537
521
543
529
531
563
642
683
670
663
661
665
675
673
665
658
665
662
678
681
643
602
575
568
579
579
578
568
583
573
563
540
516
521
533
536
524
527
523
524
533
522
531
533
524
535
536
528
529
527
525
529
530
526
535
527
526
523
530
528
522
529
533
523
527
535
523
524
516
530
524
529
526
539
525
510
530
540
514
513
539
533
510
527
553
531
503
543
574
412
118
