656
617
579
590
614
593
587
606
618
595
587
622
596
588
610
604
594
586
605
584
534
503
519
532
535
519
548
585
617
596
602
607
604
611
592
606
604
594
596
603
606
600
590
585
587
598
607
575
530
504
499
519
505
502
511
505
490
455
450
437
450
461
454
452
466
444
446
442
460
457
446
454
451
465
461
473
462
439
435
426
431
440
440
440
425
425
416
407
412
426
412
399
420
474
484
471
477
473
459
457
520
602
662
661
625
640
654
650
616
545
511
503
536
524
520
521
514
486
469
467
473
468
469
491
481
465
480
538
567
568
556
571
554
557
572
601
626
609
595
607
630
586
522
476
497
516
513
493
502
506
489
490
506
495
492
494
507
488
500
507
453
391
346
357
373
368
373
413
412
396
410
410
391
372
466
606
689
675
648
661
678
674
661
675
679
664
670
678
673
663
683
671
658
667
667
669
658
666
667
678
668
665
671
659
652
611
571
574
588
601
569
581
592
581
568
559
566
575
566
564
554
566
557
565
567
554
563
563
566
570
560
567
556
568
561
561
563
563
572
558
560
563
570
569
572
564
562
565
561
573
557
538
538
544
547
541
537
550
549
530
548
605
614
606
618
616
593
546
523
525
541
529
529
533
521
531
539
544
539
544
550
554
547
538
560
550
534
521
520
516
524
516
511
536
556
566
561
563
561
574
587
595
590
576
597
607
561
481
434
450
460
465
446
452
457
451
456
458
443
444
443
446
457
469
497
491
486
487
489
485
490
474
494
483
501
543
569
559
557
557
553
576
572
559
540
538
536
528
550
596
634
623
620
627
623
609
571
547
533
529
541
532
512
530
532
526
494
487
485
478
483
475
483
478
466
476
459
470
463
456
465
462
466
443
426
433
432
440
434
437
439
430
428
436
436
445
426
439
448
424
405
396
390
394
405
402
409
397
428
500
536
537
516
533
543
519
521
529
538
524
523
531
526
523
527
530
535
528
536
526
518
523
538
519
520
527
527
533
512
531
528
520
535
547
523
514
537
534
512
524
539
533
497
550
570
408
114
