516
517
449
458
535
583
615
603
623
634
568
459
410
414
435
435
422
433
439
440
509
526
535
519
522
536
523
515
516
544
546
556
555
553
542
558
547
548
576
614
640
641
638
623
592
585
587
583
589
589
580
593
585
594
591
598
599
592
585
575
587
587
601
599
568
501
460
482
489
468
474
475
483
446
421
404
405
415
422
400
400
439
527
579
568
549
557
568
560
556
576
576
564
565
561
566
549
556
563
564
560
559
569
561
561
563
560
565
573
566
547
528
526
544
537
540
555
574
564
571
561
572
570
561
560
549
570
582
587
590
594
579
565
540
541
553
546
538
545
557
559
570
562
556
569
567
567
570
551
517
499
499
506
512
498
501
522
563
596
599
600
591
592
606
600
609
601
624
578
558
532
532
535
546
551
539
542
559
568
568
567
572
558
572
577
581
582
557
558
527
539
540
526
539
549
556
534
533
571
634
670
663
644
653
639
662
671
634
550
504
523
534
526
512
543
597
601
585
584
594
599
588
587
605
587
601
585
578
576
594
584
572
529
512
511
514
515
513
518
507
540
593
627
623
593
553
523
509
563
619
646
654
660
619
529
483
482
500
487
495
493
498
464
466
484
472
445
510
595
655
632
616
638
644
637
621
637
657
606
533
494
480
500
502
485
481
519
564
579
588
583
566
586
584
576
560
530
536
573
601
590
589
592
601
598
586
569
548
567
555
549
542
528
520
532
542
523
518
559
637
682
681
663
663
664
671
676
643
601
562
567
593
575
529
523
530
538
521
522
541
539
516
536
533
529
521
517
532
522
529
529
537
532
524
536
522
521
520
535
521
506
545
529
527
523
550
523
498
553
571
412
132
