620
587
526
546
583
567
537
572
608
620
631
626
617
629
639
608
538
513
516
514
522
521
490
429
379
386
407
401
396
402
421
415
410
415
417
402
396
471
611
698
698
667
673
689
676
673
676
669
617
596
592
611
592
587
598
594
602
589
590
580
580
591
591
583
593
563
496
480
472
490
486
483
492
479
416
374
390
401
388
394
416
466
483
490
482
468
488
506
545
568
577
557
557
571
576
582
556
535
539
528
526
538
528
535
551
592
600
593
596
592
591
571
551
564
586
628
652
651
638
644
650
653
650
662
660
649
645
643
645
649
643
655
656
622
562
533
527
539
552
550
535
535
537
508
474
457
460
466
459
452
471
506
513
503
527
574
606
599
590
585
605
586
585
603
597
576
594
607
591
586
605
601
562
505
473
479
485
488
493
495
486
497
484
480
493
482
484
491
475
487
496
496
490
502
496
509
495
512
545
574
565
555
557
566
563
551
529
518
509
524
507
504
548
611
643
625
624
625
647
630
621
638
638
626
612
638
619
635
606
562
537
531
561
565
526
513
495
511
492
455
447
436
447
444
448
434
435
448
450
446
452
453
438
415
504
627
712
696
678
679
694
692
687
674
622
573
595
620
581
523
491
500
507
489
506
507
486
463
456
449
450
459
472
472
450
440
419
426
434
426
412
375
347
337
362
352
350
370
416
432
419
421
441
423
410
467
573
631
624
612
624
627
637
602
550
507
503
506
516
510
511
529
515
467
471
469
464
459
465
458
462
473
466
475
488
520
534
519
531
536
531
523
539
536
530
522
521
521
524
540
532
531
530
531
520
524
522
540
524
518
529
537
523
514
538
527
520
534
551
528
500
550
579
418
126
