547
533
477
501
532
526
543
603
605
537
452
424
434
430
439
443
422
449
459
438
428
478
565
617
616
592
612
626
586
547
540
532
535
540
541
534
538
544
580
590
589
582
589
587
586
603
585
581
588
579
580
581
593
587
567
574
584
574
579
587
637
659
656
653
663
625
575
533
538
552
559
542
561
546
549
542
550
540
544
543
548
539
513
498
502
509
503
507
505
493
468
439
440
440
429
448
445
447
450
460
465
456
465
473
455
449
495
604
665
673
632
663
680
609
482
409
446
449
432
444
535
567
556
557
565
557
565
610
635
594
541
528
519
531
525
545
520
513
559
645
675
669
650
658
659
631
590
575
582
598
583
556
557
556
570
552
566
554
564
553
561
568
554
555
567
617
633
621
620
615
613
626
621
612
562
532
541
537
538
534
516
503
483
483
490
490
482
486
495
475
461
455
468
460
459
464
482
479
472
506
562
598
588
565
581
587
578
575
581
576
618
629
634
633
633
636
620
567
536
545
545
553
544
551
534
505
499
497
492
508
496
495
494
487
482
487
492
476
493
473
462
465
465
460
456
469
460
445
436
446
454
437
449
438
446
442
439
440
429
413
405
417
421
413
388
405
376
380
386
390
389
389
413
479
526
523
508
524
520
497
528
600
641
634
622
624
635
630
602
563
521
515
528
535
525
531
543
523
484
476
474
482
475
479
478
488
496
515
542
528
524
524
538
515
528
541
529
515
520
548
533
521
535
532
500
523
555
530
486
556
577
415
114
