595
559
503
535
536
519
544
600
622
617
612
622
619
620
622
597
550
524
533
534
544
557
579
588
586
585
578
578
570
566
508
464
477
491
488
485
489
473
425
404
431
433
424
438
487
491
467
495
485
480
484
487
488
481
495
544
552
539
542
555
557
528
513
499
491
504
512
506
494
527
598
638
622
606
618
625
613
621
642
587
486
437
441
471
473
461
477
456
438
448
447
459
455
462
454
479
540
594
572
567
567
579
568
578
616
633
618
628
640
631
618
628
633
624
615
619
638
608
581
574
570
570
571
581
581
587
586
581
587
591
589
582
577
567
567
555
553
558
564
563
556
521
507
518
517
518
520
527
527
524
523
582
616
608
615
617
596
542
515
526
534
505
451
420
426
433
420
431
427
442
437
421
475
574
622
607
588
605
620
599
591
604
601
588
612
612
584
505
464
473
480
471
481
479
487
488
495
492
493
494
485
471
527
602
648
641
624
636
626
618
632
618
565
527
521
549
533
527
543
549
518
471
472
476
459
440
429
428
428
428
430
431
441
442
435
451
461
475
474
469
472
467
455
448
463
446
444
447
459
448
435
436
432
413
411
460
574
632
622
605
613
622
622
613
571
518
477
480
494
476
474
492
499
467
467
503
501
452
416
398
397
389
403
439
451
447
443
451
440
431
484
595
647
630
613
637
612
544
502
516
527
506
475
484
486
486
494
501
495
483
504
526
538
536
535
530
534
537
538
526
527
531
534
537
521
529
528
534
536
526
520
520
532
523
521
526
536
518
525
532
537
516
536
525
527
531
539
535
529
540
532
526
523
529
540
512
530
555
519
504
555
577
409
128
