670
643
604
629
645
622
612
611
598
565
567
569
518
483
497
511
508
490
506
502
507
491
501
503
497
470
454
457
453
460
458
464
460
450
433
445
447
435
426
417
441
425
429
421
439
448
438
450
439
441
451
450
469
477
471
452
448
456
447
453
466
472
465
484
480
470
467
503
565
602
605
602
600
616
604
587
591
602
587
599
581
580
573
575
578
582
586
561
501
467
463
479
473
481
478
487
492
468
485
489
470
480
518
590
629
605
615
626
620
621
623
617
627
619
618
602
617
618
613
613
600
595
602
599
599
586
598
593
601
594
606
599
604
605
588
592
600
595
570
532
513
523
523
518
512
512
526
500
472
450
444
469
458
450
457
467
483
499
487
491
471
483
470
481
474
517
582
623
619
612
613
607
625
612
611
589
579
586
564
517
488
491
496
490
484
448
417
411
420
427
425
422
422
453
454
455
456
465
454
445
481
521
535
559
585
575
516
464
485
502
481
462
503
568
604
597
593
603
604
620
584
507
456
463
489
464
455
475
493
439
414
406
395
386
448
575
650
635
628
639
643
648
638
661
618
571
548
558
562
547
549
553
548
524
510
513
525
509
499
512
516
526
537
529
538
525
519
552
619
650
666
648
637
661
646
634
601
568
580
588
593
585
583
583
589
580
591
582
581
585
578
584
580
567
514
475
464
473
476
479
475
492
503
528
529
526
527
538
521
526
522
531
534
532
536
526
528
531
528
530
532
520
523
525
528
534
514
527
531
522
503
529
527
527
524
536
538
511
520
548
520
493
536
575
414
126
