622
590
535
560
595
562
571
604
612
605
595
573
512
471
467
496
488
473
476
484
480
479
473
461
462
459
466
472
450
456
492
534
574
570
581
615
633
636
616
620
626
630
618
636
633
613
645
649
608
554
541
531
535
529
528
508
480
451
437
466
457
446
449
472
488
496
484
495
513
491
488
522
593
625
605
600
608
626
596
567
556
564
559
553
561
567
566
571
567
556
567
555
549
564
557
558
546
563
581
598
608
588
589
593
603
568
529
485
490
490
497
485
498
489
496
482
442
425
417
425
430
471
488
489
468
478
497
491
469
506
549
570
576
578
544
493
476
472
480
484
481
484
480
472
482
480
472
482
478
489
478
471
486
491
483
477
467
465
485
475
475
495
536
566
563
560
559
551
552
555
553
560
568
590
593
586
595
604
575
517
472
493
508
487
486
502
499
481
510
559
586
574
572
577
596
582
582
584
584
572
583
584
580
577
594
584
586
572
577
574
574
592
589
571
589
591
577
593
583
578
578
581
595
576
566
590
596
554
465
430
444
464
468
475
491
489
469
470
498
542
567
581
562
569
565
571
563
570
577
556
567
543
554
551
539
540
554
578
588
597
584
587
583
587
598
565
510
486
480
479
488
484
486
484
482
465
472
487
472
473
503
536
565
560
552
561
550
534
559
597
607
607
570
594
602
555
522
493
485
512
504
477
499
502
553
589
587
579
564
580
595
541
474
425
434
448
439
449
478
501
482
479
485
480
487
491
564
579
571
583
554
499
446
458
480
460
440
469
468
452
463
463
463
450
476
474
460
474
494
556
595
584
571
560
551
525
524
539
537
526
523
530
540
522
520
529
529
527
535
522
530
517
531
530
524
534
533
524
525
537
524
513
532
561
523
489
551
588
427
125
