569
533
486
507
528
528
569
633
627
583
535
505
488
496
514
496
483
527
600
620
624
617
626
626
627
637
593
541
512
508
511
512
508
501
503
530
575
610
614
602
601
598
605
578
511
482
478
487
471
447
454
444
429
474
579
629
604
622
623
589
498
452
457
466
466
456
458
464
465
463
456
494
562
613
623
598
601
615
588
592
600
605
596
607
608
596
601
602
574
542
516
539
552
533
524
539
537
520
518
529
537
526
536
533
558
570
562
572
565
570
568
582
587
618
606
599
608
612
613
582
560
535
539
539
550
532
540
552
541
549
526
543
552
535
547
549
574
596
592
568
526
505
499
513
502
494
509
520
597
632
630
611
613
630
626
614
593
600
604
577
510
475
488
498
488
490
510
524
526
532
531
523
525
533
532
538
562
591
564
473
424
480
578
621
613
588
610
623
617
622
631
619
617
633
627
621
631
638
629
612
624
633
600
559
544
543
553
540
529
528
525
516
516
509
522
516
527
509
498
493
495
481
486
491
467
468
453
457
456
444
470
517
522
516
514
532
517
503
547
586
622
635
619
602
625
638
587
499
474
475
484
473
487
484
491
483
492
490
470
506
604
656
608
520
481
493
488
498
496
494
504
526
539
523
529
528
529
524
540
564
581
593
581
566
575
581
550
482
429
455
454
442
488
579
620
618
601
614
613
605
626
599
541
517
529
534
529
521
528
538
518
526
524
530
509
546
530
523
530
531
529
509
535
543
521
526
556
521
495
553
572
419
122
