583
553
528
601
642
626
584
622
626
599
601
617
597
543
516
539
539
538
527
552
559
573
568
592
585
556
516
468
480
498
486
464
443
419
428
421
434
434
421
413
442
467
481
482
489
481
482
499
534
544
546
538
537
552
541
538
513
502
503
508
493
484
527
591
638
622
611
633
640
583
497
433
450
470
450
446
479
528
588
591
575
573
582
584
577
579
581
572
567
567
579
587
573
588
614
630
619
621
617
617
613
584
561
579
571
579
568
570
582
593
600
593
586
587
588
580
564
549
571
570
537
520
512
514
520
521
516
518
516
502
509
511
518
507
512
508
503
516
522
528
509
510
519
511
523
515
522
517
507
518
513
519
511
510
518
516
516
522
519
510
541
601
625
626
594
609
631
595
536
496
521
528
523
517
533
507
436
420
435
431
419
425
423
422
422
433
433
421
434
443
432
408
470
563
624
623
612
590
517
464
466
490
475
466
474
470
469
488
507
488
468
515
586
637
632
622
631
632
629
642
618
557
531
524
528
523
524
541
529
529
526
532
536
533
540
534
529
533
540
531
517
531
530
491
470
461
472
466
463
479
459
431
425
418
429
428
425
454
448
447
449
456
478
480
484
470
474
459
469
479
467
448
441
455
453
449
446
443
448
436
438
430
422
427
432
425
424
422
436
420
433
484
577
624
625
595
614
624
628
580
500
410
377
406
413
391
392
401
402
399
397
403
407
392
395
440
453
441
456
438
424
482
594
648
634
618
635
645
624
630
649
612
540
513
518
514
501
487
494
489
495
492
500
495
514
529
535
537
523
536
535
534
528
544
529
518
524
530
531
525
523
521
524
527
528
537
528
534
534
532
519
525
525
514
522
520
524
532
531
528
523
517
532
533
530
534
528
532
528
536
525
520
524
537
543
524
519
543
532
511
528
553
520
491
549
576
399
131
