684
649
602
630
653
625
612
634
646
630
628
605
560
524
518
557
542
524
492
484
475
470
479
481
501
469
436
418
415
441
427
413
419
471
460
459
451
465
464
451
459
490
535
571
558
577
554
570
577
593
610
620
624
584
516
499
508
509
511
503
511
504
497
480
464
476
485
477
465
517
563
598
586
602
587
599
593
592
567
571
576
565
566
574
562
565
549
556
563
564
552
539
568
559
546
569
609
619
606
611
622
574
516
478
483
498
484
477
489
497
498
483
489
523
570
594
588
585
591
585
596
587
559
518
489
480
490
475
481
508
531
517
509
537
582
608
596
579
607
606
568
512
482
486
484
495
481
490
491
475
459
473
480
517
550
538
543
536
554
528
549
627
668
656
637
642
674
620
572
560
565
546
541
557
598
597
600
602
602
605
605
571
509
466
482
494
474
468
505
583
612
610
585
590
585
584
603
613
598
595
597
609
604
590
599
596
597
585
609
579
525
495
508
521
504
453
441
441
439
439
442
453
433
406
401
394
410
402
400
403
406
407
434
444
441
435
437
451
434
445
441
440
441
433
447
441
438
444
453
433
406
384
391
396
376
380
389
384
376
401
384
378
394
411
380
361
436
597
679
665
626
663
642
597
580
589
594
575
587
614
553
493
464
468
463
469
474
453
424
413
410
402
458
559
623
618
594
590
600
598
591
601
580
582
578
556
522
508
526
525
526
527
527
523
531
531
521
528
528
524
522
525
524
539
535
527
529
542
516
523
536
541
524
525
527
525
512
536
525
511
528
542
524
525
544
545
503
518
551
528
507
551
572
404
128
