493
458
431
459
462
457
430
460
455
425
411
420
421
425
422
424
418
426
426
417
411
435
476
493
493
474
488
482
481
475
485
489
497
539
562
547
545
550
538
546
541
546
553
552
516
458
420
418
442
436
405
399
459
535
585
580
579
575
574
577
571
558
597
634
646
645
645
638
644
639
641
639
632
640
643
636
592
582
595
590
580
587
581
563
506
472
491
476
422
369
385
422
443
473
484
468
461
487
572
598
601
578
593
598
595
591
568
556
552
577
547
553
567
631
626
617
608
626
615
610
632
640
594
517
486
496
507
501
499
496
508
498
500
503
506
495
494
498
500
503
499
507
503
501
502
494
494
494
496
509
499
495
512
502
499
493
502
506
478
449
457
472
461
464
461
469
458
458
443
432
444
450
438
436
439
448
451
449
451
453
435
442
458
437
390
383
396
380
385
407
448
483
469
463
467
466
464
470
505
497
507
504
515
506
520
503
493
550
568
584
583
575
575
576
574
582
574
575
589
585
556
491
461
463
462
479
461
462
457
489
567
619
617
598
590
619
604
559
497
449
459
478
500
455
449
510
616
678
664
648
656
674
668
641
600
595
586
601
593
601
584
597
586
567
584
594
586
579
516
495
498
517
508
496
507
513
506
466
457
464
461
456
469
466
455
470
462
454
461
479
478
477
476
479
474
462
481
480
481
479
487
470
475
474
491
492
470
432
403
401
410
433
414
401
403
414
411
389
391
400
381
376
451
597
673
666
640
639
645
675
633
604
593
583
598
603
592
561
530
504
522
516
512
504
514
528
494
465
446
455
462
464
453
457
444
464
471
482
500
474
482
471
486
509
530
532
531
524
529
524
527
524
539
529
534
541
530
531
530
526
530
527
541
522
521
525
524
527
527
527
530
536
537
519
524
536
530
522
523
532
536
531
531
532
518
537
544
522
516
523
521
523
523
534
529
519
525
521
516
523
541
535
518
529
548
512
498
554
582
401
124
