523
490
468
499
506
471
513
570
615
605
594
569
502
451
461
473
484
477
474
423
414
397
428
426
400
397
449
548
597
606
573
582
598
590
577
588
604
569
527
510
519
524
482
439
415
431
434
414
365
366
353
350
337
354
357
348
391
440
483
476
465
470
480
457
483
565
607
582
585
608
599
564
498
462
470
484
482
480
479
474
480
464
478
497
483
466
505
560
595
591
579
588
554
541
553
557
539
546
559
605
610
611
626
605
605
614
623
576
471
423
426
443
444
433
445
428
414
429
427
430
437
447
424
419
469
573
624
613
599
608
618
605
612
629
588
512
490
497
514
499
491
496
487
477
481
480
471
481
489
490
473
484
500
543
584
587
571
574
592
587
552
530
495
501
499
518
525
485
466
423
430
434
444
436
446
438
436
431
432
435
434
439
444
433
447
430
442
436
436
434
434
445
440
437
438
436
439
437
436
429
436
439
438
450
437
441
441
407
380
350
366
373
360
356
365
368
363
362
375
366
363
364
363
364
355
361
356
357
372
367
370
375
398
378
365
436
542
602
598
574
596
586
585
581
597
585
584
599
593
585
590
602
561
525
518
520
521
525
518
515
506
532
587
617
616
594
607
618
609
601
590
586
592
587
573
594
597
563
507
486
488
495
487
476
493
487
479
484
493
490
489
508
488
496
499
506
494
505
566
595
594
570
607
626
622
615
622
618
622
636
645
597
524
463
471
519
573
601
611
605
604
610
600
605
605
599
586
592
588
587
596
600
594
583
552
546
556
551
532
545
549
552
553
557
563
552
556
561
540
490
479
476
475
476
468
477
470
469
476
493
513
529
536
526
524
528
524
522
521
520
529
533
520
532
541
524
534
532
517
524
524
536
511
523
550
517
507
551
570
418
123
