607
584
541
552
585
567
553
571
577
570
577
586
569
575
594
600
592
594
599
605
595
587
572
581
578
575
588
585
563
513
496
489
492
484
490
477
470
457
449
456
460
447
443
451
456
477
479
480
480
478
481
481
460
454
467
462
462
470
455
433
410
406
425
435
425
422
400
428
427
390
368
343
353
346
351
337
357
348
342
342
357
356
356
355
344
358
358
342
368
426
466
452
456
457
441
433
491
590
634
618
613
622
615
601
611
617
600
581
605
608
596
590
598
604
580
528
498
518
519
514
508
515
515
494
463
443
442
450
449
449
448
461
471
459
455
471
446
457
452
458
458
469
465
454
438
426
439
425
420
413
410
403
388
446
577
620
609
600
614
598
532
499
497
513
538
546
555
544
533
532
546
555
589
610
598
570
514
490
483
487
492
479
483
528
576
606
608
601
592
593
610
570
522
478
476
519
483
451
438
443
446
435
446
448
456
440
448
478
481
488
487
489
478
489
471
458
450
453
457
454
443
461
453
423
394
395
410
405
414
422
409
400
402
414
401
404
410
408
403
395
428
444
472
467
473
469
451
460
459
475
481
480
468
479
481
473
453
495
561
590
584
571
577
579
585
571
573
597
614
627
625
625
633
606
562
537
532
555
534
529
537
518
469
452
476
478
445
430
408
405
397
417
411
390
449
577
637
587
511
499
519
499
501
522
549
563
568
566
573
557
583
573
562
528
522
526
534
520
514
518
532
528
515
521
529
535
529
537
537
525
523
531
526
528
527
534
522
527
534
533
530
519
542
530
525
535
537
528
513
540
530
507
518
546
521
507
550
567
400
128
