696
663
589
618
653
632
596
553
525
518
533
526
489
480
486
494
492
480
494
484
436
419
439
431
414
422
425
431
426
432
438
423
415
414
437
441
433
426
420
424
420
427
429
420
418
441
453
451
462
474
455
448
480
553
567
577
562
570
559
556
576
603
621
621
609
581
527
503
498
518
501
495
499
514
497
509
528
503
500
508
502
486
501
510
504
491
491
478
477
461
487
468
469
510
571
612
596
592
596
581
573
559
564
567
544
557
562
554
544
569
603
609
616
624
620
583
516
480
486
493
480
493
489
490
488
494
490
506
501
486
488
519
566
593
597
553
504
476
471
487
492
470
467
484
487
483
491
479
481
481
482
494
518
515
519
516
496
532
593
615
607
590
589
596
596
596
582
593
593
604
592
587
605
605
578
514
483
488
490
487
472
489
488
484
469
467
485
510
540
533
539
543
529
524
570
629
662
657
637
645
675
653
627
576
548
544
570
551
559
588
614
596
588
606
614
577
511
480
475
480
486
478
477
506
563
613
613
607
594
616
578
534
509
513
527
520
514
535
526
501
458
445
442
448
457
453
430
425
397
394
406
413
401
393
417
431
451
440
434
440
438
428
437
445
451
433
459
447
430
453
454
446
444
456
446
397
370
396
409
385
357
442
594
687
671
653
659
655
658
633
634
613
596
581
601
610
583
568
508
463
458
484
482
454
481
497
467
405
414
406
407
394
410
419
410
414
415
413
391
458
558
606
608
596
595
610
597
578
589
582
577
582
602
585
573
549
529
530
527
535
531
522
540
535
526
518
535
526
532
531
528
526
536
538
538
526
518
520
515
511
535
528
522
522
532
531
506
523
546
533
505
551
578
420
123
