683
660
602
634
659
621
628
659
619
541
509
556
539
529
529
539
531
521
523
528
499
478
497
498
475
422
425
426
431
440
435
412
445
462
477
453
460
477
458
465
461
471
454
448
488
540
575
557
550
553
544
580
601
622
607
607
610
606
617
597
534
482
491
509
498
492
506
507
470
457
519
564
595
596
584
587
566
563
569
568
567
562
559
563
566
570
568
564
572
559
576
562
562
570
568
571
561
575
574
564
572
559
564
577
567
563
557
550
557
553
556
546
553
544
547
551
552
552
562
555
554
564
592
616
628
608
604
619
616
573
524
491
478
493
482
488
480
499
483
484
490
494
495
485
491
525
563
595
583
571
580
588
595
553
486
471
469
491
491
485
472
487
502
514
525
519
527
522
511
506
539
582
602
604
607
608
570
519
461
480
496
487
473
479
462
462
460
474
525
542
534
533
548
542
525
562
624
669
637
638
656
664
649
650
668
639
577
541
550
553
554
544
549
558
565
590
605
598
593
590
611
606
564
522
476
471
490
507
470
466
517
571
608
602
592
588
602
616
605
595
593
600
598
603
608
607
591
531
505
511
515
523
498
465
436
443
454
445
439
452
436
413
382
408
419
395
396
406
438
447
446
439
444
439
442
447
435
447
440
441
443
444
453
447
442
450
447
448
448
447
427
407
398
386
391
382
390
392
390
374
394
380
366
392
385
385
361
439
588
674
665
641
653
671
635
630
665
656
628
611
589
557
480
465
480
490
473
471
475
472
458
468
458
423
413
419
407
413
415
410
392
450
567
625
610
579
586
606
602
592
585
591
587
584
598
580
588
601
576
544
518
520
527
523
519
524
527
525
532
523
524
528
529
522
518
527
514
522
527
528
524
538
544
528
517
526
529
531
526
537
528
510
516
541
532
504
544
565
420
131
