550
535
485
505
526
518
491
452
438
438
445
431
405
395
387
387
454
547
608
599
572
579
586
602
594
623
641
629
616
577
521
515
535
558
527
514
575
628
666
653
649
648
662
672
646
579
559
559
564
581
601
606
552
510
533
548
528
509
558
611
649
642
620
640
637
637
646
651
607
556
514
521
532
533
509
481
471
470
479
481
479
472
468
476
488
507
503
495
488
496
509
539
563
559
548
574
573
563
554
549
550
554
534
553
593
615
604
597
594
607
592
589
607
618
592
520
479
491
491
483
479
492
491
508
519
524
522
494
508
538
580
615
617
607
598
609
616
567
496
463
455
480
473
472
480
485
456
431
430
424
433
431
426
422
461
550
590
576
579
584
597
588
583
595
576
584
591
574
553
529
529
537
557
539
537
549
538
541
546
572
582
566
573
577
566
537
479
446
423
457
498
563
619
622
600
599
625
605
610
617
629
632
613
622
626
627
581
515
476
469
482
482
462
473
476
463
460
456
464
454
445
464
470
443
424
516
641
716
705
685
673
694
715
666
624
595
597
608
616
609
614
576
518
504
521
535
515
501
511
524
507
514
528
504
456
454
448
456
453
437
448
457
446
455
449
447
451
449
473
469
484
476
471
474
488
467
453
451
446
457
447
430
403
394
394
397
402
406
385
385
406
462
468
470
455
463
469
451
453
464
465
443
445
479
548
589
588
579
567
549
520
531
542
537
522
528
534
536
527
534
529
518
516
528
537
525
525
536
517
512
535
524
522
516
518
524
523
537
532
522
528
525
531
507
516
534
539
522
527
533
512
500
534
542
510
524
558
544
497
539
565
410
138
