609
587
535
572
593
574
557
583
579
563
557
575
564
550
577
578
590
609
610
578
506
483
483
497
482
480
486
488
475
480
471
464
462
462
448
485
544
577
568
567
576
576
554
579
619
636
631
619
641
632
623
637
622
632
619
634
637
630
622
626
634
638
631
619
617
633
633
627
627
638
653
617
627
628
631
640
633
638
640
624
625
632
628
621
567
531
535
538
525
521
539
540
527
460
441
455
460
454
451
462
453
460
454
458
467
492
518
496
493
480
506
495
492
492
498
488
473
523
602
631
613
609
605
625
624
589
572
563
558
552
550
557
546
553
558
576
609
585
594
599
605
604
598
607
598
599
588
598
600
589
583
598
600
595
605
602
595
591
598
597
594
598
606
585
594
599
602
591
604
613
608
590
604
615
575
520
493
470
440
413
416
427
430
419
432
423
417
437
476
486
486
486
492
473
498
547
583
578
568
570
574
567
564
553
502
469
474
490
478
477
485
498
477
474
463
480
470
476
469
464
485
532
568
563
546
556
565
554
542
562
590
588
603
609
607
569
528
479
480
494
512
490
488
505
574
584
588
578
592
581
573
589
600
555
474
435
434
435
450
430
438
452
480
477
488
485
500
475
488
493
556
583
583
564
575
582
570
569
546
548
545
547
542
546
546
566
570
587
600
592
590
590
596
561
510
479
477
503
497
478
475
478
484
477
500
496
481
472
472
470
467
466
463
472
463
474
489
526
562
558
554
549
563
559
539
550
566
592
595
599
597
596
588
592
596
574
511
479
487
493
488
491
489
478
500
511
554
585
590
574
581
600
595
558
468
424
430
438
444
437
438
443
439
429
448
490
483
467
494
560
594
557
488
452
452
463
468
460
463
465
457
466
466
480
463
463
460
469
470
467
462
469
473
469
446
486
554
591
590
577
576
588
581
569
541
523
522
526
541
531
530
523
529
532
531
537
530
524
523
539
530
522
513
527
533
527
514
536
533
525
511
535
520
525
532
528
519
530
534
541
519
525
532
522
530
537
534
514
515
558
523
502
545
567
406
133
