659
641
572
608
639
584
529
510
523
515
521
528
534
530
520
501
484
480
497
488
471
460
468
469
463
451
466
467
456
428
405
398
408
418
413
399
410
415
401
404
410
413
411
412
418
412
387
385
389
389
405
461
490
488
474
494
498
484
470
503
551
582
566
568
571
572
578
587
603
616
615
615
602
608
618
577
523
497
503
502
504
502
506
498
477
462
465
462
462
467
462
472
490
500
494
491
491
500
491
496
500
497
500
496
492
498
497
493
494
497
496
461
448
442
448
446
440
456
450
443
449
448
446
448
473
498
474
464
519
607
663
637
631
648
656
618
551
509
523
535
539
527
529
502
501
493
508
505
475
437
403
400
405
411
406
412
410
413
409
406
409
409
415
399
408
369
373
392
400
375
371
447
588
675
652
627
640
644
649
630
595
579
582
586
593
592
586
593
572
518
489
488
499
502
488
501
494
483
493
506
486
486
505
498
488
494
502
487
480
491
513
461
415
377
389
403
390
394
409
378
391
423
437
432
437
438
425
429
464
579
637
601
526
510
525
522
514
515
518
521
521
527
511
515
519
535
550
575
581
564
571
571
541
528
529
542
533
530
509
567
645
701
696
681
669
635
604
583
603
615
594
534
519
518
526
524
521
520
526
519
529
524
517
505
469
430
444
464
451
435
441
452
439
439
449
450
447
449
459
448
448
447
461
448
437
453
474
487
466
481
476
475
481
488
472
466
517
581
646
624
621
606
620
616
621
632
625
621
609
615
633
624
602
540
504
523
533
515
506
533
592
626
621
609
614
631
629
587
524
480
498
512
513
497
502
504
486
479
462
457
451
468
458
437
447
473
510
535
527
525
534
540
527
523
526
524
534
533
535
527
522
526
519
526
516
530
537
520
540
524
529
507
531
529
522
522
541
540
508
517
548
517
501
551
587
414
131
