685
649
587
623
668
617
565
577
605
574
580
588
593
556
519
511
496
496
505
511
506
500
466
448
446
459
465
457
453
460
461
449
452
454
450
439
446
442
431
441
439
429
408
414
433
412
421
437
427
421
425
435
432
441
453
441
440
427
449
469
477
473
475
477
464
474
478
477
481
471
479
470
476
478
469
472
485
461
482
481
476
456
453
457
447
458
460
449
443
458
481
478
474
473
494
468
466
498
584
611
604
579
604
602
599
581
606
597
595
579
598
590
591
590
583
584
585
585
591
579
593
558
503
477
484
483
485
484
490
508
477
467
514
594
627
620
618
619
617
611
612
620
625
601
602
607
596
602
600
601
577
543
515
519
523
521
504
457
457
456
445
449
449
459
455
458
459
453
450
454
456
457
451
460
454
456
450
461
452
448
444
451
450
461
462
450
445
457
450
473
452
453
460
451
451
462
470
466
488
500
474
476
512
592
627
616
616
622
616
622
623
606
585
573
578
580
561
568
585
567
513
485
486
476
432
424
419
432
427
416
427
424
424
416
418
422
404
416
435
436
459
461
449
469
517
542
541
527
549
583
593
588
600
619
583
500
480
489
485
480
508
568
608
610
607
598
610
616
619
560
497
461
470
472
464
467
479
486
440
413
388
387
399
414
389
388
463
570
666
650
625
629
655
646
616
579
550
564
549
569
564
544
524
496
517
508
509
510
512
518
512
504
503
510
511
536
532
518
551
629
672
651
643
650
663
630
611
582
580
582
591
586
590
589
578
580
579
582
572
584
586
566
511
481
484
484
492
479
475
480
484
471
475
488
487
496
477
493
512
534
528
529
535
527
534
520
533
532
523
514
534
536
517
528
538
530
524
516
528
531
522
526
535
499
524
547
525
507
550
582
414
126
