488
468
433
463
466
453
429
440
423
420
420
432
415
416
431
413
396
393
420
392
374
437
548
617
606
597
609
598
582
606
615
610
575
548
542
539
536
547
523
527
543
582
612
604
613
595
607
603
609
589
554
527
529
527
526
532
535
537
535
528
535
532
504
485
481
482
483
480
479
499
470
468
459
465
452
454
450
440
432
434
455
444
430
471
563
622
598
608
609
611
599
594
621
595
520
470
481
503
484
451
536
645
706
706
673
655
618
581
584
608
604
539
490
452
472
463
467
466
461
467
481
470
432
430
447
420
416
471
567
601
598
578
589
610
608
569
541
521
518
526
512
528
555
581
586
579
567
569
570
574
602
612
617
606
611
622
620
620
580
537
501
495
517
504
493
484
553
651
708
665
595
566
564
586
571
556
505
478
485
507
497
485
502
510
494
501
537
561
561
548
561
565
561
558
568
578
558
565
571
561
562
583
602
579
570
587
581
570
582
606
571
517
481
502
496
489
500
505
476
491
534
638
707
697
682
670
696
701
670
592
550
544
550
566
562
546
566
580
529
475
468
484
471
464
516
635
704
687
658
689
693
656
606
595
590
600
605
571
494
438
451
469
469
443
459
457
434
389
363
371
374
382
361
342
401
509
567
550
536
544
560
551
539
540
549
536
545
544
556
551
545
548
537
547
554
548
547
548
556
546
580
580
579
578
594
589
596
599
608
586
549
510
519
544
515
476
455
462
457
460
460
460
467
475
505
533
534
525
536
528
526
527
519
524
528
533
537
519
523
533
527
522
532
534
528
522
531
529
508
514
547
532
497
549
588
419
131
