622
591
534
566
585
561
555
571
575
569
579
579
575
554
577
600
594
591
593
604
599
607
606
598
590
608
600
571
568
587
589
579
586
582
571
572
583
592
568
571
589
557
486
485
488
498
490
496
483
495
458
444
460
464
449
474
483
478
468
472
472
461
466
457
468
468
468
471
462
463
459
477
469
463
458
459
450
425
406
405
426
435
406
369
340
358
344
352
360
344
337
357
436
467
438
479
577
636
615
594
595
604
591
591
598
607
579
531
509
520
521
494
455
439
434
445
451
440
447
461
447
446
449
463
445
454
461
460
455
449
450
442
433
432
450
438
426
434
425
415
425
428
417
413
404
408
394
394
397
409
395
391
408
400
401
382
450
557
630
639
585
518
503
503
498
510
516
540
540
550
542
538
541
557
584
593
595
596
589
595
594
600
583
520
479
485
508
490
480
523
566
609
603
614
575
516
477
502
501
486
482
507
501
472
451
439
434
445
437
452
441
442
454
478
493
488
478
476
485
491
484
476
468
449
446
463
456
404
400
406
409
410
397
412
393
410
407
405
404
396
414
405
407
415
451
480
457
479
475
468
455
498
563
600
582
565
576
595
622
618
625
625
626
631
612
563
526
525
539
532
518
541
545
499
469
465
452
466
464
446
409
400
412
423
408
387
454
561
634
615
594
611
580
518
488
504
517
514
524
546
575
565
561
556
532
529
521
533
531
533
522
535
521
524
533
532
526
531
522
532
531
534
529
530
532
524
533
527
524
522
526
525
513
534
535
523
518
538
537
517
522
550
527
503
552
585
414
136
