699
666
609
627
646
637
617
647
649
631
611
563
529
531
545
547
537
533
528
546
539
528
504
481
479
494
492
480
493
484
434
420
425
443
417
424
438
424
423
435
453
470
458
452
461
467
456
459
447
464
466
461
477
536
571
578
543
562
580
557
540
583
601
609
621
618
597
605
615
627
591
528
496
493
501
497
496
508
505
483
481
476
480
476
468
482
486
484
475
500
576
596
604
591
585
578
573
567
567
564
574
559
575
565
559
575
566
560
566
568
561
554
560
563
551
555
557
562
560
562
570
590
607
626
612
599
607
619
584
517
474
481
504
490
490
497
486
491
479
497
492
497
498
486
492
494
494
493
495
510
543
599
596
560
505
483
481
472
483
482
472
491
481
505
526
510
502
520
508
510
541
593
608
596
592
592
589
602
589
578
512
462
481
500
504
467
476
488
481
468
457
467
462
477
525
548
539
530
550
552
539
537
552
630
658
666
642
648
656
633
577
538
551
551
553
545
553
562
581
599
610
602
578
513
465
468
510
581
605
605
588
594
596
599
585
539
505
513
524
522
507
507
522
521
507
463
445
454
455
454
438
432
429
402
402
403
399
403
400
410
417
429
445
442
428
433
440
443
435
432
447
440
443
452
432
436
437
443
447
434
452
457
426
393
393
392
383
380
389
387
377
400
408
367
367
455
611
678
665
637
647
662
655
649
642
655
653
633
602
583
587
584
591
583
588
587
591
584
591
588
597
598
596
566
496
462
466
482
475
468
470
471
470
450
429
402
406
415
425
418
397
452
554
606
606
597
599
610
607
594
606
617
585
587
587
595
583
568
538
521
528
533
534
528
535
531
532
535
523
523
537
515
526
536
518
532
534
525
518
529
540
514
524
527
533
526
534
527
510
530
527
522
519
522
532
524
522
536
537
520
526
550
530
495
542
574
402
134
