671
619
578
587
622
601
608
603
561
505
514
546
527
488
491
495
494
487
493
489
446
460
478
442
407
399
403
390
370
390
396
369
397
474
475
471
496
550
580
572
575
581
582
568
583
571
578
581
599
605
610
603
619
578
534
494
498
521
501
501
509
517
481
464
472
475
459
461
458
483
492
500
499
489
492
493
489
499
497
487
512
494
499
490
483
494
499
490
498
494
481
459
445
436
455
442
440
452
457
463
477
486
499
475
462
482
507
478
476
512
592
655
645
599
561
528
530
530
508
485
483
496
497
466
422
395
423
422
404
398
395
394
377
394
402
372
379
453
574
670
660
648
656
653
640
668
652
613
581
585
570
518
468
491
505
488
480
491
507
503
465
417
382
380
411
447
437
422
425
435
409
419
472
569
632
641
624
604
634
621
583
545
512
516
516
528
528
510
531
536
567
584
575
540
517
515
570
642
700
707
663
668
703
667
611
596
613
620
600
608
612
582
539
511
521
513
513
528
526
513
505
530
528
521
514
540
511
463
438
437
452
453
450
453
481
475
480
481
475
492
472
462
513
583
636
619
611
628
636
618
593
541
509
504
540
589
625
629
601
533
486
489
520
497
498
504
522
485
456
467
461
465
447
459
459
458
455
463
445
447
471
517
538
535
536
531
526
527
527
516
530
536
523
524
534
530
527
526
535
523
525
529
534
513
524
537
537
506
527
548
530
503
540
575
414
128
