652
619
566
583
627
591
560
542
522
512
515
532
519
514
511
530
514
522
518
522
515
513
524
501
517
525
522
519
539
568
576
584
572
581
569
568
578
584
543
542
543
531
535
539
551
539
537
543
543
537
538
535
551
542
530
538
554
597
623
626
611
604
611
616
615
620
607
615
607
616
628
618
610
626
612
614
614
619
618
602
623
621
603
623
636
589
523
504
499
516
493
493
530
587
626
629
612
619
618
602
610
615
623
584
501
466
484
479
462
475
473
456
426
434
419
432
422
440
420
399
468
586
642
647
619
626
639
627
611
647
628
610
613
638
627
574
518
459
461
493
488
465
470
484
430
409
431
454
425
399
460
579
628
616
601
613
623
612
610
602
584
591
591
569
554
520
514
525
544
603
649
653
628
653
663
632
579
531
553
559
544
540
545
547
540
521
515
516
511
521
515
516
509
494
473
486
491
492
474
470
474
468
470
475
471
462
459
475
466
464
486
514
513
505
508
509
504
497
524
576
599
593
595
590
595
587
596
590
602
589
591
593
599
609
592
537
518
517
533
514
463
449
456
461
469
452
449
473
452
436
426
424
428
433
429
424
425
428
440
431
409
477
570
613
620
616
611
604
630
635
588
472
412
433
447
441
436
445
445
437
433
453
439
418
472
570
609
589
580
588
605
584
578
581
602
624
644
647
616
590
563
587
569
581
586
586
551
477
440
456
472
461
457
461
449
388
369
382
370
350
377
402
376
348
420
555
646
617
592
600
617
606
596
606
589
609
610
614
594
611
605
587
543
524
522
533
526
515
520
530
517
495
495
485
497
491
491
497
530
527
519
525
539
531
512
524
532
529
523
530
531
531
527
524
517
524
538
522
519
530
531
520
524
525
536
526
530
546
529
516
535
544
523
520
540
536
515
531
543
523
496
557
567
411
130
