528
500
455
475
501
477
465
519
595
615
624
618
617
606
621
646
583
474
407
414
439
441
427
441
437
426
434
422
427
452
498
535
532
520
553
562
537
544
574
623
640
639
641
639
643
637
621
600
584
592
608
579
588
596
584
583
600
604
549
506
473
475
476
459
476
472
455
429
412
389
414
428
400
401
435
523
582
566
539
559
582
559
549
537
528
540
551
560
569
552
562
561
566
555
574
590
576
585
585
572
582
591
576
553
541
541
552
556
534
549
555
561
569
566
566
556
571
570
553
515
494
499
511
502
492
502
505
510
494
502
529
568
614
594
598
605
594
585
590
600
608
599
601
596
603
604
609
610
604
584
560
541
560
544
552
549
544
553
561
569
565
573
580
566
559
526
512
508
519
526
510
517
508
516
536
552
553
526
527
586
617
653
660
653
657
668
668
625
549
521
520
526
525
524
516
518
524
536
576
605
598
583
600
592
588
591
595
586
576
573
579
588
579
594
589
566
529
507
516
499
505
537
594
623
630
605
616
622
620
616
591
551
516
518
548
525
520
525
558
615
640
641
621
621
649
655
594
532
476
486
509
493
477
491
481
461
458
471
466
456
499
597
657
635
610
630
657
596
514
480
485
504
480
496
511
496
478
514
551
584
578
564
578
584
582
561
546
509
527
540
515
505
538
578
598
594
584
585
588
589
592
592
605
597
597
590
579
558
555
564
547
529
529
531
549
530
507
563
637
674
662
653
663
665
653
664
667
655
601
564
572
572
579
561
581
584
581
566
538
519
521
524
527
513
530
530
535
526
528
527
540
523
517
520
523
529
521
531
529
529
527
522
525
529
529
523
532
520
522
526
525
517
522
537
518
534
536
530
524
531
524
527
513
533
531
518
525
551
533
503
539
573
415
127
