571
545
502
530
531
472
436
460
462
444
451
457
459
444
463
471
468
460
464
467
445
441
434
436
441
439
435
422
423
451
448
432
425
433
430
434
417
373
348
336
384
395
391
406
419
395
381
460
616
704
693
674
685
672
663
676
690
646
594
563
568
574
574
560
569
566
579
575
618
620
609
607
624
612
607
613
619
619
589
518
479
479
504
501
464
405
370
365
379
396
363
363
425
504
552
545
534
526
513
516
520
510
545
549
552
544
545
536
547
542
571
616
625
621
607
620
622
624
611
593
562
561
579
583
569
573
561
563
553
573
561
574
568
579
572
567
572
578
564
571
571
565
563
559
563
564
564
558
554
561
569
578
559
565
610
636
595
548
528
536
525
530
534
532
538
536
540
518
507
495
499
500
499
497
489
518
553
579
574
571
569
568
581
563
563
584
610
636
637
615
643
626
609
571
571
566
557
566
566
568
558
586
624
639
636
644
627
645
643
643
627
580
546
547
537
521
502
505
487
484
472
484
476
458
433
463
454
450
444
448
459
446
435
432
418
410
431
427
428
411
467
568
618
624
603
611
626
625
583
532
508
521
501
507
516
527
494
448
423
422
423
423
422
420
423
435
427
428
423
429
424
423
435
434
443
447
445
446
444
442
436
438
421
392
350
348
372
372
349
354
414
516
583
589
560
550
585
613
653
635
637
633
649
626
630
627
628
642
632
615
601
601
596
600
600
587
605
580
544
512
517
541
522
517
512
525
515
522
542
537
529
529
531
530
525
536
536
508
518
535
533
515
523
530
517
519
535
536
532
524
529
526
508
532
546
520
501
544
547
511
520
550
524
493
552
574
418
124
