624
596
537
570
588
556
547
566
568
561
576
580
577
562
583
598
602
607
605
604
602
593
603
589
575
591
591
576
584
603
569
512
482
496
497
497
483
504
502
491
477
451
444
457
464
467
458
454
468
476
476
461
479
465
460
462
477
452
470
465
470
461
449
436
410
416
416
417
415
412
417
414
406
429
406
412
364
353
346
358
350
361
362
354
334
376
430
476
464
441
459
466
450
441
493
588
633
620
607
619
629
614
600
594
589
597
594
586
603
587
594
597
579
520
505
505
511
528
513
514
511
512
527
519
504
463
435
450
456
441
461
470
466
460
456
463
459
457
450
466
453
441
430
427
436
429
440
440
427
426
438
429
424
422
424
428
426
427
416
411
408
401
394
405
414
405
386
397
398
386
399
456
553
628
619
585
618
630
625
579
528
510
500
502
525
531
534
543
548
539
540
534
536
536
552
539
539
535
541
547
542
537
540
538
544
540
563
583
598
590
588
582
606
594
573
515
484
477
492
494
492
490
494
528
567
614
618
574
505
492
503
503
498
483
498
483
459
435
429
449
449
434
434
454
472
485
496
474
480
480
491
471
459
444
452
454
463
456
456
452
456
440
419
403
406
410
409
408
405
415
409
400
398
416
406
402
399
427
408
399
415
455
474
478
471
468
479
462
477
488
458
451
493
558
584
586
597
565
595
584
583
608
625
618
629
624
626
627
605
553
515
516
529
543
529
539
538
528
481
442
465
457
411
387
458
563
624
619
605
603
619
620
607
590
541
498
498
522
508
504
510
519
547
568
574
559
563
561
577
563
571
567
563
534
516
533
542
522
522
529
532
527
528
540
531
521
530
527
521
526
524
525
522
535
536
519
517
536
524
512
535
531
513
520
524
536
521
529
544
527
495
551
568
406
134
