562
539
492
523
529
516
494
517
552
588
610
626
628
619
605
602
614
599
529
499
502
509
491
525
589
637
627
611
612
624
633
634
599
529
495
503
520
505
496
504
512
501
498
510
503
492
493
507
505
492
493
501
524
563
606
613
583
588
602
615
569
512
483
470
448
438
438
443
438
447
452
440
432
488
583
629
627
582
604
638
635
563
487
450
444
468
481
457
455
501
567
621
612
603
607
609
598
596
596
602
600
608
588
538
528
526
541
527
527
533
536
517
527
531
535
528
536
533
529
527
535
538
536
539
528
531
543
532
537
527
526
531
527
514
523
537
569
572
566
568
552
567
574
566
574
602
616
619
597
610
608
581
553
538
531
542
548
580
588
585
576
579
574
525
497
503
511
506
497
532
610
635
623
617
625
638
621
596
599
596
609
603
603
616
570
513
485
489
501
515
521
529
527
532
527
519
512
549
565
582
586
565
542
482
443
445
446
454
446
442
488
573
620
608
599
615
614
611
592
629
630
626
619
621
627
626
611
568
539
535
543
547
536
511
515
516
508
518
513
500
499
488
496
503
482
461
458
453
458
448
469
506
527
523
503
517
538
516
502
534
598
625
609
620
623
606
625
631
582
501
472
478
494
485
477
486
483
477
484
491
484
466
489
498
478
470
530
599
644
637
618
612
647
647
587
514
486
491
497
501
492
490
506
486
502
519
525
523
527
527
533
529
522
533
529
532
524
541
567
587
558
484
434
449
456
455
434
494
569
617
616
600
613
618
595
552
524
532
537
529
526
535
543
529
526
538
548
527
522
535
530
528
531
521
510
533
529
528
516
540
538
522
514
531
522
510
522
552
533
493
545
573
407
123
