529
516
463
489
506
483
462
504
577
599
597
592
590
610
600
597
600
603
608
576
502
463
462
461
429
399
401
419
417
404
420
450
544
595
587
575
585
613
604
577
537
525
505
513
520
512
530
526
513
443
398
418
443
406
356
353
351
344
341
368
447
472
481
481
466
474
492
565
603
570
489
456
474
484
476
473
487
469
470
475
482
481
468
505
571
599
597
587
562
546
548
556
560
550
542
565
609
628
621
623
607
612
614
630
632
628
619
623
611
607
612
610
627
625
609
603
629
625
576
487
418
438
453
443
443
436
437
415
422
436
426
418
481
583
638
613
594
634
633
608
606
629
637
584
516
491
510
500
494
489
507
507
492
497
486
482
478
486
475
494
505
554
600
580
562
579
590
562
517
517
511
495
508
517
511
498
503
518
500
513
526
494
450
443
441
447
436
433
437
442
432
445
436
421
439
444
426
372
346
363
371
347
352
369
355
354
366
384
380
384
391
363
355
425
537
599
586
568
591
574
567
582
593
585
576
589
591
577
588
601
570
529
503
521
512
509
508
526
513
502
531
585
605
605
607
601
609
606
589
578
594
592
549
500
477
485
493
476
486
470
473
483
475
482
491
497
489
493
485
494
490
484
520
560
586
579
579
604
623
616
619
615
627
624
623
587
534
470
460
489
492
468
469
513
583
601
611
602
604
601
601
593
584
598
586
596
610
593
549
541
545
551
542
538
554
557
555
552
562
577
537
496
457
461
476
471
465
492
526
539
524
519
529
527
525
528
526
524
526
526
532
536
518
534
526
526
532
535
532
520
519
526
544
522
533
537
518
509
521
533
526
526
528
540
530
531
535
521
523
528
525
525
528
530
528
508
529
542
524
512
549
569
418
130
