658
618
582
601
633
612
562
492
449
426
459
463
456
440
457
460
438
419
415
414
394
411
414
398
414
412
416
388
408
420
395
379
405
405
411
402
426
402
383
457
607
685
662
643
657
636
572
547
562
571
555
554
557
581
541
546
553
538
532
547
550
541
537
566
586
593
592
599
598
583
594
607
563
494
444
464
470
463
466
456
458
460
458
458
467
460
468
468
467
459
473
462
460
465
467
461
459
459
461
452
469
461
477
467
429
418
463
577
638
614
599
612
634
563
496
482
483
476
469
484
467
429
403
391
406
427
478
518
513
503
516
507
501
525
588
616
609
606
609
624
616
592
613
606
595
615
625
586
525
495
515
510
502
506
516
508
492
463
444
451
451
444
442
451
458
441
419
430
434
438
435
441
431
425
392
402
402
408
399
403
389
388
419
450
469
477
456
467
462
471
470
495
537
548
542
544
518
511
519
525
525
524
519
521
516
530
524
518
535
581
607
608
594
604
599
592
596
588
605
595
601
613
594
591
607
591
592
598
585
602
585
570
548
556
555
557
558
562
555
530
502
494
513
518
507
495
530
595
617
631
628
626
619
633
644
599
506
457
466
492
481
468
480
488
474
468
484
474
458
505
578
606
594
598
609
600
589
603
590
544
527
527
535
519
522
531
529
517
529
530
524
512
530
532
507
521
545
563
551
562
570
552
557
564
570
592
608
611
569
504
463
508
572
597
609
603
587
522
482
499
501
503
487
502
501
500
500
510
513
513
525
521
510
500
553
630
667
672
652
670
668
670
634
599
580
591
582
593
590
600
580
558
543
531
543
554
546
539
549
558
529
506
480
483
496
476
493
502
531
543
519
530
525
532
524
543
530
533
529
526
533
529
525
526
526
533
522
531
529
513
538
532
529
519
539
523
514
519
547
526
490
545
573
401
133
