529
508
470
480
500
488
481
489
480
502
574
629
625
593
594
616
614
560
505
469
473
477
484
468
462
480
489
476
464
428
398
407
432
413
398
458
558
613
601
564
588
613
573
520
504
519
514
525
516
509
506
526
522
498
458
418
416
424
427
417
425
429
439
433
419
432
422
406
420
426
427
395
381
341
340
350
364
346
338
390
449
480
485
473
469
467
501
562
598
594
585
590
586
583
587
584
582
581
593
586
582
584
595
601
591
585
598
595
577
596
618
567
502
478
488
483
479
479
481
484
474
478
492
479
486
488
470
506
554
588
587
578
583
593
584
585
580
551
547
572
605
621
621
603
619
622
616
600
618
625
618
606
612
622
627
607
635
625
578
484
439
431
456
447
430
429
442
449
418
415
481
573
629
621
611
619
624
615
607
590
532
492
471
502
509
484
487
492
477
468
488
490
483
494
499
498
483
487
490
495
485
486
493
481
484
478
487
483
482
509
553
580
578
572
572
582
564
522
509
503
515
510
510
514
513
510
519
513
508
512
520
490
457
429
435
451
438
425
441
443
416
375
359
362
366
368
367
363
355
368
373
386
372
372
384
377
369
433
535
598
587
581
571
585
577
572
591
584
569
583
582
590
580
578
534
509
510
525
513
502
533
599
610
599
613
610
596
575
573
598
580
575
584
605
560
504
481
487
481
482
486
489
493
493
508
493
481
511
567
592
592
581
583
590
591
581
581
584
578
574
579
588
591
580
572
589
575
583
581
587
583
578
585
576
574
590
587
578
582
573
594
579
575
584
585
576
588
594
607
628
627
629
623
648
644
588
512
465
468
486
494
463
461
510
569
616
613
596
605
612
593
599
595
597
605
604
602
602
589
591
589
587
592
581
555
550
538
548
552
552
545
556
566
569
562
550
555
552
570
556
553
553
557
567
565
528
493
467
464
466
465
488
518
523
528
518
529
520
524
540
529
525
511
521
528
534
530
525
538
530
528
530
528
528
543
536
527
527
542
530
529
531
531
537
525
540
529
515
517
535
531
522
520
528
531
519
528
529
517
532
535
527
514
532
537
537
520
532
539
521
512
544
538
509
527
546
529
500
552
576
406
129
