653
609
553
587
621
579
516
518
524
507
508
521
509
517
525
528
512
512
525
514
507
520
535
527
499
534
573
584
579
579
573
574
577
575
556
529
548
539
534
546
599
623
611
611
624
613
601
613
629
584
527
514
497
500
526
573
631
609
597
613
578
510
451
477
481
473
462
444
407
427
434
413
395
462
592
642
635
617
625
636
631
634
620
616
618
630
624
613
630
634
577
507
472
473
484
477
479
431
411
468
585
630
608
603
615
623
624
612
616
592
592
598
598
591
601
587
540
508
533
522
509
551
628
660
653
625
651
649
616
576
553
543
543
540
517
507
514
507
515
500
504
522
507
505
486
489
461
461
474
458
458
456
473
466
466
458
470
461
457
469
461
464
465
467
463
462
465
470
480
471
479
461
468
476
478
497
511
509
497
536
576
597
600
588
592
591
591
590
591
602
591
596
607
608
585
544
518
516
538
521
517
521
538
505
459
447
458
463
450
447
466
460
448
430
422
427
434
428
427
426
425
444
425
423
432
432
435
446
448
422
418
489
569
628
625
599
594
617
617
570
491
427
444
453
437
415
469
564
596
600
591
583
581
578
581
601
632
644
633
599
574
573
582
571
557
580
591
541
495
444
432
450
467
455
440
463
456
392
355
434
555
625
612
594
608
607
603
593
604
607
595
606
605
612
610
612
605
598
612
610
595
553
530
528
530
531
524
503
491
473
488
502
511
533
528
525
524
524
533
526
519
530
517
520
526
537
530
516
521
525
525
523
529
532
528
527
528
523
517
529
540
526
521
544
540
519
531
540
526
507
525
543
532
505
551
561
394
126
