504
466
429
447
476
453
435
447
435
421
423
429
423
427
441
417
389
402
419
402
392
444
554
622
606
594
604
600
585
551
541
526
541
545
537
526
549
594
606
610
604
613
608
610
599
594
604
602
599
545
539
527
541
526
525
534
525
499
486
485
485
490
481
488
492
479
473
462
456
455
456
463
465
448
449
442
439
451
450
441
421
481
561
618
601
589
591
620
606
580
525
480
475
497
502
471
470
540
632
695
712
688
671
698
699
666
619
596
578
599
605
602
600
589
600
594
557
502
454
463
483
464
458
468
464
442
417
436
455
426
411
461
553
606
585
572
602
599
601
571
546
514
507
527
524
523
510
528
560
573
575
574
561
580
583
571
579
606
613
613
605
607
627
615
599
622
625
587
524
499
499
504
510
494
492
488
536
630
714
692
664
677
696
662
600
556
581
576
574
576
594
560
508
487
486
493
482
512
554
578
566
560
563
567
564
560
564
554
574
574
569
567
578
576
564
565
607
595
558
502
493
485
487
544
644
694
684
685
679
690
705
701
657
588
540
549
567
556
541
536
559
551
551
533
491
465
468
490
486
463
459
533
640
692
687
672
676
690
669
615
578
598
608
593
577
581
603
592
591
599
603
560
495
458
444
467
470
453
458
458
467
434
399
364
365
379
371
366
378
372
366
408
508
565
550
531
542
554
560
575
579
583
569
580
575
569
582
591
594
586
590
606
594
593
593
578
540
520
526
539
519
515
532
525
472
453
452
472
466
447
472
463
457
461
465
464
453
472
466
460
454
469
455
467
460
457
464
455
463
465
465
459
462
441
452
464
470
468
463
459
461
450
454
462
512
540
519
519
529
525
537
529
521
545
532
522
526
519
528
524
522
532
536
533
538
529
524
533
529
523
522
518
520
520
533
537
521
531
522
531
532
521
530
526
534
535
517
533
518
514
532
536
516
520
533
529
523
524
539
532
517
541
541
507
527
551
532
499
548
577
409
120
