609
583
519
553
579
541
532
552
556
537
547
557
541
538
558
556
546
555
560
571
554
554
562
577
559
558
565
559
548
584
622
624
627
632
636
607
541
496
498
513
512
492
514
536
572
603
602
599
593
597
615
599
586
600
603
559
502
475
475
491
492
482
479
485
484
459
400
360
369
394
353
359
413
505
555
562
536
541
552
538
538
554
559
548
540
550
548
540
549
542
559
548
560
575
572
565
560
574
588
591
600
587
583
592
603
598
596
585
591
591
588
593
607
553
484
442
453
471
479
457
448
510
584
632
641
615
614
638
623
619
627
623
601
556
541
542
550
536
539
542
552
540
516
502
513
516
506
503
510
509
509
517
518
507
508
517
506
508
509
489
491
502
495
474
484
496
481
483
488
481
484
479
485
484
488
481
485
494
455
446
461
467
470
461
454
464
450
437
424
428
432
431
417
430
431
436
451
462
446
448
453
452
470
481
496
492
485
496
508
489
502
496
495
509
509
503
503
507
500
496
501
494
503
502
498
488
500
508
504
497
501
499
499
496
478
492
491
504
487
472
467
471
458
478
466
460
473
471
461
458
455
453
447
453
465
482
466
479
474
474
476
456
448
457
449
450
462
453
446
461
465
414
396
462
568
621
614
598
602
621
614
577
509
471
475
495
490
479
480
488
478
492
482
477
506
570
605
592
574
588
601
601
599
566
478
407
436
455
423
411
439
453
418
376
377
373
367
389
392
366
347
421
531
593
591
586
629
648
645
637
625
595
560
574
562
582
573
581
574
570
571
566
515
493
485
492
499
505
533
546
524
512
518
537
525
510
523
530
524
518
528
515
521
535
524
524
522
537
532
518
523
521
524
525
533
530
514
522
528
535
518
527
548
531
497
550
578
424
137
