493
479
438
448
473
446
442
455
466
445
443
445
453
415
415
419
421
414
432
419
405
430
472
490
481
473
497
480
486
488
493
497
524
552
546
528
545
555
547
518
471
415
402
431
441
418
392
459
547
582
580
570
581
573
570
583
617
640
635
638
640
651
647
622
606
580
574
578
577
602
585
570
504
477
500
493
483
481
488
479
491
489
467
424
387
395
398
392
380
408
450
485
486
462
470
496
569
601
601
554
554
561
558
564
558
557
579
600
635
642
616
607
623
640
586
523
503
497
506
511
515
487
473
451
465
457
460
463
465
475
440
439
432
438
447
445
450
443
449
449
446
456
448
434
447
451
422
398
381
395
395
388
387
379
390
396
439
477
472
472
497
518
511
509
506
523
518
508
508
534
570
586
581
572
583
578
584
584
584
567
574
573
585
580
568
572
589
571
563
580
597
548
493
482
552
624
612
584
602
635
585
489
469
471
476
462
475
487
457
451
510
623
676
667
653
659
652
663
680
651
605
567
575
596
578
526
513
511
509
506
516
506
519
502
473
465
442
457
461
450
455
474
473
475
469
461
462
453
473
486
475
471
473
473
475
469
482
491
462
488
484
476
463
475
485
463
428
415
404
400
408
413
406
404
400
419
382
373
453
594
667
660
638
652
657
653
648
641
618
581
590
598
595
581
590
605
579
515
519
521
516
514
523
496
464
449
448
457
455
444
451
464
488
482
480
486
488
478
486
481
520
532
532
525
525
531
529
519
522
532
525
526
530
539
527
528
530
534
520
520
535
518
512
519
535
527
515
528
526
527
532
540
526
504
545
574
415
130
