609
585
541
561
590
559
548
588
604
590
583
603
612
561
516
488
489
488
480
496
491
493
492
469
455
456
474
466
457
456
489
532
570
581
571
561
591
609
627
634
636
632
615
575
517
523
537
534
506
473
465
448
441
453
465
483
498
499
482
474
530
589
621
616
605
620
611
596
567
554
567
560
565
566
555
557
571
571
576
565
576
561
558
548
544
553
565
544
557
549
577
587
612
601
594
612
602
603
583
593
586
614
585
528
483
494
485
443
412
430
426
425
418
420
430
420
420
434
467
484
488
484
483
481
491
500
541
575
568
561
583
585
547
498
471
470
481
478
481
484
480
492
472
469
467
467
480
470
469
476
475
481
485
478
462
460
469
465
467
474
478
466
464
477
477
476
465
462
457
467
475
495
530
549
545
544
559
555
553
544
552
581
592
598
590
591
577
586
612
575
516
478
493
494
486
496
575
585
562
574
581
547
460
424
434
445
443
423
435
444
440
431
431
442
440
442
426
450
480
500
484
482
492
476
470
500
559
567
586
572
570
568
561
548
551
542
550
550
535
552
576
596
587
583
587
590
586
595
565
505
479
483
495
480
475
469
477
467
470
484
461
465
483
535
551
550
555
546
549
563
551
532
559
598
577
518
475
489
488
487
501
548
585
585
589
584
581
587
598
558
464
424
442
456
435
442
458
449
434
446
446
445
442
436
442
433
443
472
483
483
474
490
490
487
486
495
479
478
498
479
479
465
492
472
493
559
595
560
486
445
458
467
462
458
474
464
472
471
481
455
440
491
546
582
584
574
578
572
534
526
524
527
530
524
513
532
531
523
524
528
531
530
527
530
526
524
522
535
524
529
537
540
521
527
541
530
520
533
539
527
522
532
542
521
522
541
520
502
561
573
423
134
