664
629
586
604
625
611
598
626
617
603
597
618
615
604
596
608
598
597
604
611
601
599
610
594
596
611
588
539
512
527
522
511
517
538
535
507
489
484
488
494
483
481
493
489
484
463
450
454
465
462
461
475
451
427
406
403
415
398
409
410
412
382
386
389
390
394
409
462
496
487
481
486
486
475
501
547
601
573
564
589
575
568
561
594
604
613
621
620
590
547
511
487
516
491
507
498
502
503
467
472
455
455
476
454
462
466
487
501
504
502
493
488
507
490
496
491
497
495
492
498
510
482
453
439
448
451
443
445
446
451
475
495
480
484
490
491
476
467
518
599
643
647
634
646
656
643
619
569
519
509
549
550
534
508
488
487
500
498
491
495
485
506
490
475
426
402
401
407
423
405
397
410
408
401
387
401
423
388
382
456
596
667
664
628
643
655
659
636
633
612
582
577
598
606
564
529
496
480
483
495
496
495
493
499
501
465
412
392
382
388
401
428
430
425
437
436
427
427
469
574
623
624
622
595
559
518
521
528
527
516
515
517
529
538
553
565
562
559
576
578
574
568
562
544
531
520
539
540
522
529
573
657
687
694
676
685
688
652
631
594
600
612
613
591
544
518
515
528
536
528
516
522
515
511
529
535
534
496
464
447
455
471
486
471
458
483
493
474
459
511
583
626
618
605
630
627
631
615
554
492
511
560
574
542
498
494
502
496
476
459
461
474
456
441
454
463
461
454
457
457
446
450
461
511
544
534
517
522
532
530
530
531
521
531
538
525
523
523
531
537
536
525
526
532
535
534
524
536
529
528
513
526
547
526
497
557
574
400
117
