605
571
525
554
581
565
550
568
571
548
562
569
566
555
559
561
564
619
637
615
629
636
608
535
494
513
511
535
581
605
604
592
603
608
600
602
611
603
590
598
615
593
595
610
577
501
464
490
494
485
489
494
471
391
372
373
387
380
388
375
365
404
510
557
554
524
542
552
549
541
558
554
547
546
559
548
553
544
552
536
547
551
561
566
560
570
579
570
571
576
581
606
601
591
588
593
597
587
569
503
449
451
472
479
451
450
507
584
642
632
621
617
629
632
624
627
631
620
621
619
638
619
624
622
631
626
629
627
616
627
623
631
633
632
627
623
623
627
622
608
628
628
610
628
618
623
621
616
622
633
607
571
533
540
546
548
538
540
548
544
534
517
514
515
521
516
512
522
518
517
496
486
479
475
491
494
503
498
482
482
482
495
493
481
486
484
468
455
454
468
463
459
471
483
448
423
414
433
424
425
426
425
419
436
446
450
445
449
454
451
458
488
499
494
487
507
498
495
493
502
512
517
499
516
515
499
515
509
512
501
499
508
498
496
503
491
484
501
499
507
495
495
499
499
493
491
496
488
502
506
490
489
496
491
488
485
474
466
479
468
465
469
459
468
472
466
472
456
448
462
463
468
471
484
464
473
465
474
468
454
482
481
470
456
449
453
452
457
451
459
443
448
454
452
441
444
433
402
389
468
566
633
622
592
600
619
631
606
603
633
584
517
470
493
503
469
481
523
567
588
585
609
559
468
425
422
447
443
441
444
427
389
366
369
394
384
362
356
419
535
597
587
575
575
589
601
590
631
636
641
647
638
638
633
636
626
598
579
575
589
579
588
558
533
503
485
501
499
492
490
509
527
526
532
529
515
527
540
525
524
539
534
528
527
520
532
521
527
535
537
516
523
528
534
524
520
535
518
514
540
521
519
542
537
519
528
535
514
522
529
545
512
501
558
575
414
133
