644
615
577
588
627
605
555
537
514
512
506
532
567
576
577
577
573
572
583
574
566
573
569
593
583
574
558
537
539
540
554
543
546
540
531
556
611
633
628
604
613
630
588
540
501
500
513
499
504
520
587
607
621
603
605
612
595
606
620
630
616
600
603
624
581
496
459
484
474
472
463
473
477
461
445
414
403
468
573
645
628
613
636
640
620
625
620
614
618
626
639
589
501
456
473
499
493
456
439
429
413
417
432
424
415
409
463
566
626
625
594
587
587
593
587
587
595
593
593
574
533
506
505
525
536
510
512
562
621
634
638
644
659
618
565
536
537
547
544
533
550
562
538
538
552
551
536
559
552
543
511
515
523
513
506
490
484
488
484
485
495
475
465
458
469
462
462
473
477
476
471
485
506
515
511
523
505
526
573
606
605
599
599
603
595
595
601
591
592
601
599
600
589
607
609
588
543
517
517
531
539
508
524
532
505
465
444
459
468
447
430
438
431
417
432
431
427
439
451
426
413
478
579
623
614
608
623
629
600
618
618
626
610
608
609
593
612
637
600
594
620
629
570
475
426
430
455
449
427
427
478
560
594
597
579
580
595
570
589
635
643
649
631
637
653
644
641
628
594
553
569
597
579
561
579
600
542
481
443
451
447
452
451
456
464
431
401
369
361
390
400
359
351
429
554
630
628
610
621
608
608
607
610
620
607
612
615
612
597
600
624
582
533
507
525
529
521
524
539
536
521
520
532
527
495
484
496
495
499
495
490
499
485
491
513
535
527
538
532
528
521
538
526
522
526
542
537
528
524
529
522
531
526
517
533
532
523
527
524
530
527
520
527
525
528
536
532
525
526
536
533
523
515
533
543
511
516
553
522
502
559
573
409
124
