616
588
519
559
595
567
554
572
576
565
577
584
575
551
578
567
573
575
589
611
601
596
608
606
600
600
603
605
597
592
602
604
586
582
587
585
559
523
484
486
489
489
488
506
499
482
454
463
466
449
456
460
456
462
469
480
482
462
479
478
482
479
469
464
463
464
469
470
461
466
455
464
453
466
465
462
456
474
468
451
462
476
457
416
416
403
410
409
417
413
399
377
328
345
380
424
470
451
436
435
476
437
431
487
589
633
616
606
612
616
617
620
623
609
605
597
596
585
599
596
575
524
501
513
522
516
504
509
501
490
462
450
447
458
447
442
451
467
457
459
459
462
465
460
453
442
423
431
444
455
445
428
442
437
427
425
432
424
413
429
428
420
418
436
433
417
405
402
393
382
439
554
626
635
599
611
618
611
603
611
609
617
613
581
524
489
493
510
504
497
506
500
497
501
512
536
542
529
537
563
574
596
598
592
588
610
599
576
521
501
499
492
503
498
493
492
480
490
489
486
496
501
486
487
492
498
498
491
484
496
492
497
489
496
501
494
489
499
503
505
493
485
492
490
500
483
481
514
571
601
599
596
596
616
603
571
522
493
490
507
491
491
501
511
473
453
448
448
450
445
450
446
433
450
443
443
444
453
475
485
486
498
487
486
479
487
469
459
449
444
451
460
459
452
449
448
420
417
397
406
415
414
403
419
411
410
407
405
409
409
413
412
400
411
456
487
483
467
473
479
463
465
494
569
587
585
589
611
624
628
632
606
551
525
522
538
537
513
532
549
510
478
451
462
463
455
462
454
461
443
473
459
455
457
459
468
450
471
464
461
458
469
462
464
447
425
396
396
459
573
638
621
590
620
616
613
617
624
595
525
490
502
529
517
499
515
506
496
514
511
524
540
568
576
560
568
575
575
560
537
529
524
523
526
524
520
536
535
525
536
523
531
530
529
537
521
524
533
539
516
524
532
539
519
532
537
529
517
534
538
525
510
531
540
514
519
552
534
500
556
574
417
122
