569
533
483
525
542
495
457
460
463
441
463
464
451
443
452
457
459
469
470
468
468
465
464
472
461
467
469
460
462
465
461
459
472
472
463
454
458
460
463
461
458
433
420
435
443
430
436
441
427
406
376
365
333
365
387
380
387
467
618
695
691
675
653
612
571
558
571
569
569
572
579
605
629
622
622
631
608
615
626
617
588
522
482
489
503
492
480
497
474
395
350
377
385
371
349
415
516
561
547
540
528
536
547
547
545
543
542
544
542
530
541
521
518
515
519
527
522
510
521
537
558
534
537
566
580
583
560
558
579
579
566
551
573
562
544
568
562
560
566
570
565
560
568
561
568
560
551
560
567
611
641
633
626
628
640
604
557
518
524
529
531
518
542
538
523
516
494
487
497
508
498
486
514
554
585
574
572
572
567
560
582
569
563
568
586
614
637
626
632
630
630
625
620
635
612
573
564
553
572
576
565
562
595
614
642
637
637
640
651
637
615
552
538
549
552
537
548
553
540
525
507
504
524
522
513
518
528
505
492
489
480
487
507
494
470
464
441
451
452
446
425
425
427
421
423
420
433
420
432
430
439
419
423
428
426
418
425
435
418
415
475
573
629
620
602
620
597
542
485
506
518
512
500
520
529
498
443
418
426
428
421
418
418
416
419
428
407
417
422
419
431
422
430
430
425
421
434
433
425
425
440
423
432
434
435
430
445
446
442
445
435
442
435
427
401
341
335
401
524
592
581
561
569
570
583
556
564
576
565
560
560
580
567
566
569
592
622
641
642
630
631
637
643
628
611
587
594
592
609
597
592
573
538
515
511
524
526
513
509
520
523
530
540
536
519
526
522
531
520
534
526
528
535
528
533
529
539
522
520
536
536
517
517
530
526
513
525
536
539
517
546
526
516
516
547
526
503
556
576
414
131
