642
624
551
550
525
516
513
533
518
510
538
593
603
600
604
601
592
606
605
594
586
585
580
588
586
601
559
527
500
491
466
441
445
451
446
458
450
451
460
464
468
459
466
487
465
454
450
447
437
439
444
439
432
443
442
413
397
421
471
459
477
474
474
464
509
617
647
641
637
630
650
637
639
620
554
508
529
550
506
486
462
471
470
468
477
484
470
468
469
482
477
461
476
499
528
552
564
555
555
557
558
552
548
554
575
585
605
620
609
595
619
602
586
513
488
512
519
477
380
351
352
367
364
343
354
392
403
387
365
444
617
710
684
640
661
678
654
589
579
581
580
585
583
590
573
584
563
562
550
576
582
550
543
540
538
534
538
569
602
609
611
618
596
618
619
597
543
522
520
532
520
514
530
547
551
551
549
554
552
565
535
522
508
518
509
518
522
523
521
524
510
507
516
558
566
576
563
561
558
563
580
583
596
575
584
603
598
557
484
425
441
468
476
494
482
476
478
502
540
574
567
556
555
567
561
560
571
563
562
565
560
567
563
568
566
561
562
576
550
555
546
548
538
546
540
530
521
553
607
614
632
622
613
629
627
615
615
605
596
607
610
617
609
581
544
527
539
531
526
522
541
531
523
507
512
488
483
489
486
482
469
483
472
462
467
477
467
458
462
465
459
430
440
437
421
443
440
431
422
403
405
391
403
396
394
396
398
414
396
391
435
495
531
537
524
536
521
524
526
523
529
539
537
529
520
525
525
523
519
537
536
517
526
536
524
519
532
533
519
524
555
534
508
548
580
417
127
