548
539
478
499
526
507
478
467
455
433
446
453
451
435
405
396
394
406
405
397
379
400
408
386
385
452
545
594
602
585
594
589
591
582
587
587
596
597
590
601
621
640
630
632
634
604
551
524
526
543
533
526
519
529
540
535
525
541
516
527
559
623
658
670
644
646
663
669
666
645
599
556
554
566
581
555
554
583
595
615
622
614
610
592
567
527
520
561
612
641
637
641
642
636
640
657
606
546
519
516
544
516
486
476
480
473
474
463
470
487
491
502
495
492
501
505
490
491
504
543
575
574
561
560
562
569
559
560
553
550
536
562
592
610
608
610
602
600
613
611
576
522
467
476
494
490
478
483
487
480
489
491
514
513
521
512
509
530
580
627
611
584
606
612
617
590
613
617
585
497
454
465
479
468
464
466
482
474
462
460
431
427
435
422
425
459
546
595
581
562
540
544
527
532
533
539
531
550
559
564
555
573
576
536
472
444
439
456
453
446
429
499
571
631
613
589
595
619
610
610
620
623
614
618
634
605
622
632
629
613
610
616
621
633
615
617
618
619
627
620
606
605
625
628
612
616
628
616
630
635
591
518
472
475
488
470
476
486
472
453
458
454
439
502
640
728
697
616
594
607
603
599
575
538
503
515
528
510
498
464
455
449
451
449
447
457
448
464
452
450
452
458
451
457
472
483
488
486
473
481
479
459
463
445
445
449
443
448
459
424
401
390
392
392
404
444
477
459
445
454
471
461
450
496
559
583
589
574
584
579
579
587
579
576
588
575
535
535
533
538
534
526
528
536
517
542
527
516
517
532
533
539
527
533
536
529
538
532
522
530
526
531
514
521
532
531
524
524
543
517
518
535
523
520
534
535
527
521
534
537
502
520
551
512
497
546
591
412
142
