606
588
557
589
621
608
583
596
608
598
605
573
506
462
487
495
475
484
481
482
465
464
473
464
468
456
463
472
542
584
579
555
572
574
557
561
593
621
636
626
632
636
638
642
619
552
516
525
539
535
528
556
541
528
524
548
527
471
455
458
469
451
438
463
510
490
487
502
496
502
490
522
581
634
621
617
614
608
577
559
562
569
562
559
570
570
554
551
569
585
591
610
603
591
592
609
576
517
482
493
507
488
492
492
487
494
494
502
501
483
488
496
506
505
492
443
419
417
434
427
423
420
435
411
408
437
480
474
484
485
491
484
504
552
576
578
565
564
579
571
572
574
582
544
504
469
479
486
479
472
484
479
489
474
479
484
479
459
473
485
477
467
492
535
555
553
550
538
543
560
547
571
582
605
602
605
607
600
566
500
492
499
497
489
500
502
487
472
513
561
591
600
588
541
474
417
433
445
439
425
440
448
443
431
441
459
442
425
449
495
480
465
507
547
577
567
568
585
560
551
552
551
564
564
554
550
570
590
588
584
588
576
592
594
595
571
508
471
483
483
485
480
482
483
486
472
471
464
468
476
493
468
467
489
532
566
551
541
557
595
600
620
581
518
481
490
499
494
489
504
557
590
577
567
583
589
575
575
583
601
542
474
424
441
445
445
424
424
453
476
479
480
491
488
471
473
501
562
590
581
572
574
580
592
558
489
447
453
465
452
446
464
464
457
472
468
473
464
478
469
457
488
538
579
595
575
590
586
563
537
524
526
529
529
529
525
533
524
538
534
532
524
530
530
524
530
531
517
526
536
535
525
510
523
528
531
529
535
539
520
526
549
532
522
525
541
518
503
552
570
414
134
