656
637
578
600
625
607
598
592
550
503
519
536
526
514
528
528
500
483
499
507
496
481
492
484
444
426
423
403
419
405
414
407
402
384
376
383
384
381
390
386
388
388
408
466
493
494
466
481
503
554
583
583
571
574
584
581
574
569
594
583
556
580
599
610
607
614
623
587
521
489
503
514
507
505
498
514
507
515
516
503
507
506
513
497
478
460
468
459
473
460
474
481
488
499
494
496
493
490
492
497
490
498
505
505
491
493
476
460
439
431
456
484
481
493
486
482
478
513
604
657
654
636
625
638
646
659
615
560
525
518
533
526
508
535
536
525
526
543
533
528
538
538
524
505
489
500
492
494
491
495
471
428
408
402
412
421
408
394
384
392
387
386
402
390
377
396
421
392
354
447
591
672
659
628
639
640
651
649
638
600
576
585
589
604
583
578
600
607
556
508
478
500
500
503
483
502
494
492
500
470
424
385
381
416
389
397
399
392
381
400
435
435
408
473
567
635
614
604
623
616
614
623
597
551
525
513
532
527
524
525
526
524
535
559
571
562
565
563
565
564
570
548
510
524
530
539
509
525
562
655
702
688
665
680
692
687
677
685
693
665
614
607
605
579
537
520
511
502
467
435
439
449
439
436
461
521
579
638
626
618
607
612
617
618
644
599
537
507
522
534
509
502
538
589
622
619
625
615
629
618
584
517
485
503
519
516
492
503
519
505
500
513
503
501
504
502
500
492
470
459
455
468
452
465
452
460
466
458
451
462
460
443
460
448
467
516
537
535
531
518
525
512
527
530
533
518
519
536
530
520
528
528
519
516
534
531
534
531
531
535
517
535
539
530
520
526
525
502
528
559
523
495
556
588
401
134
