537
526
484
487
481
445
434
453
451
439
446
443
413
380
393
407
414
385
382
451
540
605
598
576
598
601
591
580
612
640
626
615
636
636
627
610
616
641
637
597
564
523
524
535
534
530
547
519
559
618
681
668
641
652
667
653
645
673
677
631
567
558
551
566
567
561
559
568
573
556
556
568
609
613
605
602
612
632
602
607
604
579
542
527
530
523
529
520
519
517
546
610
646
636
632
625
635
643
637
617
551
514
519
539
530
500
472
476
477
465
481
471
459
485
490
499
492
491
512
551
570
578
579
569
572
556
568
555
552
552
544
550
566
540
542
572
601
619
605
617
604
613
606
612
575
508
473
487
494
499
479
487
493
507
517
511
512
528
583
604
603
595
604
613
617
607
590
511
458
447
444
423
404
439
436
427
409
466
543
597
581
581
582
566
548
540
527
538
544
524
527
542
534
534
542
573
561
555
561
575
545
476
438
453
444
442
445
454
455
448
445
447
448
458
451
430
482
579
629
610
600
625
616
608
621
648
585
507
466
484
489
454
460
459
442
451
460
457
436
503
641
721
695
678
687
702
689
693
699
701
696
694
680
610
588
593
604
601
568
528
511
505
528
509
520
510
512
508
516
516
458
448
448
454
448
446
449
447
447
452
469
476
475
484
477
484
474
470
476
484
476
473
459
446
433
407
378
379
412
439
455
464
458
453
455
494
549
594
591
557
549
539
522
519
535
525
529
512
528
534
521
530
534
522
525
530
536
514
520
543
532
524
529
537
526
532
537
535
524
511
532
517
521
532
537
525
491
557
571
408
128
