664
619
517
509
547
536
503
523
536
515
505
511
486
479
489
505
498
487
490
501
485
486
494
476
447
416
420
392
417
425
421
391
397
400
386
380
398
403
387
390
413
460
501
492
470
490
515
562
581
583
575
595
604
623
613
616
606
610
604
629
618
608
616
614
609
618
612
612
614
598
611
615
583
535
489
498
511
516
490
487
464
445
478
471
473
464
478
484
490
502
492
507
494
493
495
497
497
503
497
492
461
438
448
441
453
445
446
467
480
488
476
480
495
472
469
514
601
650
653
632
634
649
637
641
609
556
519
540
546
537
533
533
520
503
484
487
493
483
485
504
496
490
469
501
494
467
426
404
404
420
411
400
405
411
418
416
414
418
418
417
410
418
409
407
413
416
404
409
419
411
400
412
419
393
377
383
397
379
373
452
594
663
660
641
645
646
595
570
597
591
587
580
598
563
516
487
494
492
488
484
510
478
406
383
388
392
384
387
415
429
427
428
429
425
446
451
428
404
461
570
634
629
613
620
596
538
515
524
535
511
515
546
569
562
571
568
557
576
565
552
524
536
540
526
515
578
657
690
682
673
671
687
675
681
653
631
604
592
609
613
599
594
603
616
584
545
515
518
528
523
525
522
514
457
433
444
458
464
440
430
445
452
467
479
481
475
467
471
511
586
629
638
608
606
621
628
588
536
512
513
518
517
526
517
521
514
545
581
637
653
594
520
485
499
507
506
492
501
504
490
467
454
467
456
463
457
460
464
465
465
445
453
450
461
457
455
455
449
474
511
531
528
533
534
526
528
533
531
519
528
523
528
523
521
531
541
523
520
525
531
532
539
517
526
546
517
523
532
542
521
519
542
531
513
533
532
518
495
540
559
413
137
