578
554
500
532
550
518
539
604
641
614
593
567
531
522
531
550
529
529
552
565
567
579
589
576
570
585
590
553
501
491
476
482
482
492
480
468
458
465
489
484
474
483
484
468
480
500
539
551
559
540
542
540
547
538
507
507
510
505
500
511
505
490
523
606
641
617
610
634
594
495
445
450
486
450
426
485
551
599
574
575
573
568
578
609
634
641
612
586
560
574
570
567
570
572
566
566
577
585
594
586
575
586
591
596
594
584
577
558
556
547
564
576
561
557
520
510
514
510
545
589
630
627
603
605
630
625
586
533
538
522
520
515
520
521
529
526
536
517
520
515
516
513
511
527
494
441
419
427
431
421
437
438
427
440
455
438
423
471
570
621
600
596
623
581
512
465
463
489
476
464
473
479
485
489
482
478
491
484
472
523
597
651
639
633
624
631
616
630
614
554
524
520
544
529
536
542
520
482
463
472
481
459
462
484
472
460
435
436
435
426
433
429
424
437
442
445
445
438
436
426
449
460
468
468
478
472
473
484
477
472
456
442
456
438
422
421
439
445
421
433
447
429
423
482
583
639
587
502
465
492
500
494
480
504
467
431
386
396
411
392
395
392
414
431
443
459
442
425
503
583
651
634
618
639
639
609
545
503
516
505
518
512
526
520
516
518
513
507
505
504
512
524
502
497
490
488
499
499
499
487
500
502
511
533
528
531
537
531
531
535
520
526
533
516
523
536
531
529
537
523
534
523
542
531
531
530
536
531
537
534
534
524
536
543
526
520
520
520
531
527
539
528
517
530
552
524
515
539
530
509
521
550
521
497
545
579
405
132
