489
475
439
444
444
417
410
425
426
411
394
407
429
384
393
450
546
616
605
591
591
615
603
578
549
527
536
544
543
529
534
541
521
534
536
524
529
556
593
609
601
610
612
604
594
605
612
594
554
519
529
550
545
514
490
494
485
480
453
447
453
445
453
451
440
433
461
441
429
483
556
615
618
590
590
607
600
559
519
486
475
495
497
465
466
539
646
695
697
696
684
689
681
698
673
614
596
591
594
590
596
571
509
467
470
468
468
460
468
463
484
456
444
429
433
429
425
435
437
421
414
449
558
619
604
598
580
543
521
510
539
522
525
525
520
532
560
584
576
563
588
612
621
615
602
613
613
629
599
519
473
538
648
712
688
667
692
686
683
691
666
594
564
575
594
557
509
477
508
556
561
557
556
563
568
553
574
573
564
566
563
574
576
590
594
558
499
482
494
501
499
485
479
536
648
709
693
667
666
698
668
665
700
706
640
574
566
537
509
478
481
490
480
480
478
479
481
487
476
475
471
489
468
457
511
627
700
703
677
672
677
673
662
615
582
585
605
596
576
586
594
553
481
443
440
458
464
454
453
448
469
463
459
435
406
354
341
412
504
570
552
537
549
546
550
539
552
537
543
557
573
567
571
570
584
578
589
590
604
602
588
606
608
583
522
515
530
532
533
526
507
482
458
463
484
509
535
529
523
515
527
525
529
525
536
541
533
532
518
525
534
535
518
523
536
533
527
536
540
528
505
521
531
516
521
526
539
511
522
551
522
495
548
579
418
134
