640
606
560
589
612
590
582
605
595
578
586
609
582
517
517
528
525
527
534
534
516
524
527
521
516
550
580
601
608
611
607
602
588
581
581
592
591
591
597
598
578
543
484
462
439
439
453
471
478
471
464
463
474
458
470
469
478
464
465
473
474
469
464
464
472
465
460
465
460
470
472
470
462
471
464
445
425
441
443
441
432
447
438
432
444
435
450
443
442
432
414
403
428
478
493
458
473
472
467
461
519
605
660
649
635
649
647
630
647
650
654
602
541
521
515
532
525
509
487
471
470
485
474
479
471
467
491
544
582
560
560
560
560
561
560
567
569
554
575
586
602
601
594
600
622
618
592
530
494
489
510
507
472
488
506
499
471
391
355
358
363
375
351
381
410
415
391
378
463
600
699
699
657
670
684
681
639
601
569
581
586
597
582
582
578
566
557
560
574
565
555
553
558
538
546
553
548
536
554
594
620
605
608
626
592
547
520
533
539
518
537
522
527
537
546
553
557
560
563
555
514
510
529
551
572
567
590
593
597
576
574
588
590
585
593
597
578
569
590
582
560
483
436
446
465
454
456
445
467
487
486
483
484
486
485
502
484
481
481
490
488
488
487
495
490
489
478
485
487
499
551
573
575
563
565
568
585
561
572
559
551
536
537
547
539
534
535
544
534
533
545
533
526
559
601
623
635
628
620
618
614
616
602
597
607
598
606
594
605
605
602
602
605
610
603
606
602
584
549
521
521
522
530
528
537
513
484
480
477
496
492
480
480
491
483
473
464
470
459
454
460
463
459
439
437
428
436
434
440
442
426
401
387
400
402
416
408
398
442
504
545
536
530
531
521
530
516
535
518
517
519
538
536
522
537
523
520
520
537
536
533
524
524
522
519
532
534
520
528
539
521
515
540
552
521
515
548
530
497
554
570
412
119
