566
527
492
505
541
502
505
533
573
603
595
570
482
419
433
460
434
407
446
462
447
434
489
563
616
619
615
602
609
612
586
553
533
527
546
545
529
528
553
568
587
597
581
575
593
584
584
579
574
559
564
578
572
574
595
640
651
642
648
657
651
652
643
659
628
565
539
544
560
543
542
556
552
507
496
506
513
502
502
513
502
466
442
447
448
449
455
445
445
449
457
464
456
463
464
445
425
492
616
675
639
638
663
663
659
652
682
614
483
431
434
455
438
427
450
442
425
459
534
572
559
551
557
565
567
548
574
609
629
632
611
606
625
598
547
520
529
541
507
504
558
634
677
675
659
654
663
675
643
602
578
586
581
583
588
585
569
565
557
558
566
549
551
557
557
554
553
565
553
544
551
555
554
551
548
550
550
558
558
548
548
554
559
562
563
572
553
558
563
597
615
633
621
621
628
624
611
622
626
633
600
553
529
528
538
529
528
522
530
500
479
482
487
481
485
477
486
465
452
473
464
460
461
466
472
483
484
482
469
471
493
555
577
590
574
594
583
581
575
576
594
615
627
642
632
631
645
638
617
568
537
541
542
546
545
509
500
485
494
485
485
488
481
493
474
467
459
460
468
467
465
468
466
467
442
446
436
446
440
442
411
393
410
407
399
395
419
418
402
394
394
385
380
381
392
380
378
423
474
553
603
626
629
612
629
630
630
623
622
626
622
633
633
598
551
525
531
529
535
535
520
498
467
482
490
484
486
481
473
476
510
538
525
528
536
541
530
529
531
526
518
532
522
520
524
535
517
522
538
542
524
526
544
526
496
554
578
417
124
