496
475
435
446
465
446
431
435
416
419
418
422
398
393
403
407
386
396
393
392
389
432
555
612
608
582
549
522
542
533
534
536
531
537
536
549
583
616
620
596
592
615
612
583
553
541
532
530
509
491
476
490
488
463
440
465
465
442
442
449
445
424
436
459
435
428
488
575
607
591
610
619
588
517
479
466
466
534
630
704
710
681
693
669
618
574
584
608
609
558
506
458
452
476
468
425
414
446
430
420
462
562
617
595
566
543
521
512
531
527
515
511
544
565
572
576
574
583
581
563
566
561
575
579
566
580
584
578
583
564
575
604
597
613
608
607
621
626
582
529
493
494
504
490
505
500
492
549
638
700
677
678
685
664
604
558
569
592
576
553
578
583
558
502
492
483
490
489
486
495
495
496
488
502
552
572
564
553
560
563
559
558
558
560
573
556
570
578
572
577
574
562
572
573
569
559
589
594
584
578
585
593
549
512
489
484
478
532
630
697
695
676
681
702
648
570
531
556
557
535
488
477
476
475
480
478
478
469
527
628
700
686
667
688
698
663
611
594
598
594
584
599
615
565
476
454
449
461
454
450
454
432
385
352
363
376
386
362
359
420
489
570
551
524
543
559
555
553
564
580
579
579
581
585
585
600
604
602
599
596
590
594
593
577
539
520
528
532
524
513
533
519
474
447
459
460
446
467
517
532
535
528
529
539
513
524
531
539
527
527
535
524
516
524
532
530
510
530
530
523
531
536
533
527
522
531
517
532
536
534
516
529
531
526
521
540
528
511
525
544
521
489
549
571
416
128
