583
553
518
536
542
535
525
531
529
532
601
636
615
607
621
596
542
511
537
539
525
520
539
544
531
532
553
575
584
589
573
560
590
595
551
497
477
498
480
485
496
488
478
438
415
427
434
439
423
414
431
469
491
491
481
497
490
491
533
556
559
536
515
515
505
503
513
497
497
501
518
502
516
509
506
498
494
510
534
597
649
653
587
501
443
450
463
460
449
442
495
549
575
576
582
572
585
578
575
579
625
624
628
613
627
646
636
609
588
572
567
573
574
568
575
575
587
588
597
593
578
562
555
565
564
538
524
516
519
506
542
589
621
616
592
597
627
597
547
526
531
532
522
516
523
519
516
530
530
502
444
428
426
437
435
432
436
428
436
424
430
430
437
447
429
434
437
420
415
471
552
627
624
597
594
612
617
564
503
463
474
483
477
467
470
465
482
489
501
476
491
486
476
479
520
596
647
640
618
632
651
607
542
531
539
539
528
533
548
529
481
466
468
462
471
466
472
460
429
430
422
417
427
436
436
427
440
434
437
445
433
442
443
440
450
464
476
466
456
448
453
452
449
448
438
429
421
445
438
427
429
428
424
404
463
573
619
611
600
615
608
612
606
625
590
502
483
479
492
486
496
508
462
403
386
397
409
398
395
390
398
395
387
398
396
403
426
465
456
427
437
494
594
639
649
629
592
529
498
518
528
527
509
510
517
519
504
496
495
494
505
517
539
538
526
541
548
526
520
533
520
531
519
539
518
506
527
530
513
526
534
522
529
533
529
516
526
526
528
517
525
532
521
530
527
524
529
527
544
523
523
524
536
525
522
537
529
513
522
544
532
492
549
569
417
126
