566
539
496
505
532
516
503
508
548
588
617
632
613
616
587
535
497
487
518
506
506
504
515
505
503
511
518
500
494
533
609
629
635
621
644
629
629
645
641
593
539
502
501
518
497
491
523
502
496
532
586
608
597
596
609
600
599
621
579
505
457
493
494
479
481
478
479
448
433
445
450
449
460
438
441
436
456
441
442
445
451
448
439
452
459
444
437
440
441
443
431
434
436
437
439
453
439
448
451
449
445
436
460
452
444
431
485
567
633
620
599
606
623
615
567
492
453
455
470
474
451
445
483
560
608
597
595
603
598
595
598
597
600
611
600
595
606
606
575
533
515
523
531
531
529
537
529
534
557
564
563
568
560
565
573
568
573
569
596
611
603
611
613
621
597
552
523
528
550
545
536
540
563
571
585
593
575
516
502
498
499
505
500
504
504
507
502
497
534
605
630
635
609
628
619
625
603
611
594
591
616
623
576
504
484
488
502
485
478
495
488
500
517
518
522
513
529
521
513
519
559
578
584
585
590
574
577
567
590
587
544
483
442
434
486
578
625
613
608
601
605
615
611
612
615
625
616
616
638
633
608
567
528
540
544
535
542
552
546
522
515
519
525
525
523
518
508
519
518
524
516
520
513
499
484
489
492
495
491
488
494
490
456
446
456
460
443
467
506
532
516
521
513
524
504
499
541
605
625
611
621
629
618
627
621
618
626
616
630
589
514
467
480
506
468
479
489
491
465
481
489
493
474
508
604
644
624
643
653
610
519
478
508
508
489
490
503
491
484
507
532
519
511
506
526
530
548
560
575
575
580
571
562
587
587
536
480
449
444
447
451
458
450
458
445
424
454
456
450
439
451
456
453
439
448
458
440
447
484
563
621
631
618
592
544
517
524
542
544
533
529
541
522
528
541
534
518
518
536
530
528
520
532
521
517
540
539
532
525
530
535
526
538
528
519
527
534
519
523
541
526
508
521
532
525
501
548
572
410
125
