544
537
503
556
606
604
564
587
606
600
560
482
439
431
452
451
431
430
456
440
426
423
440
445
429
440
461
456
433
431
484
583
617
619
607
602
601
602
595
614
591
554
533
532
542
532
533
534
543
543
568
593
577
573
566
581
566
557
588
621
658
640
639
648
658
626
567
532
558
566
550
536
554
553
507
498
495
503
509
503
500
513
510
501
518
501
494
504
507
507
502
511
510
506
502
515
517
488
463
452
442
443
449
466
457
459
463
466
439
453
507
604
664
684
656
600
494
420
407
448
450
434
425
472
531
561
561
558
562
567
564
569
606
625
617
607
610
619
619
625
604
615
622
631
598
563
526
523
521
522
531
506
508
564
633
678
673
656
639
608
571
581
593
583
576
586
587
578
583
587
566
547
558
557
571
556
551
567
567
549
556
575
609
621
623
614
620
627
620
611
624
622
600
550
540
539
536
545
533
523
540
533
524
508
483
482
476
490
473
480
486
476
459
450
456
464
463
460
479
459
467
479
491
474
469
490
563
593
583
573
583
593
585
582
578
581
581
580
597
615
626
632
625
610
629
636
610
555
541
534
553
550
551
543
540
543
545
541
545
534
543
537
536
537
543
548
540
544
540
544
544
544
537
539
538
536
510
493
496
504
501
506
508
512
491
499
497
498
491
496
499
499
500
513
499
506
490
509
507
498
476
482
486
489
484
476
488
492
477
475
472
473
462
467
471
483
466
465
456
452
444
439
452
450
426
408
396
397
410
412
415
399
410
400
375
373
395
392
376
380
399
374
370
417
514
607
648
630
606
618
632
623
594
550
538
524
532
523
521
526
519
489
473
479
497
487
469
498
511
530
522
531
532
524
515
538
533
532
524
533
533
517
527
534
523
520
539
534
525
515
529
537
535
528
538
518
515
533
533
512
531
554
516
502
550
580
411
121
