690
654
587
623
658
623
601
594
593
561
579
581
574
580
578
596
551
515
502
513
519
507
486
464
460
456
456
448
454
458
458
451
444
450
454
437
439
448
443
433
435
426
426
423
419
421
418
433
425
430
429
430
417
420
422
417
412
427
428
433
411
429
438
445
442
442
449
444
440
447
442
444
438
439
443
446
443
469
478
476
476
474
457
448
449
460
463
450
462
475
460
469
470
485
474
466
470
490
485
461
502
559
607
604
590
600
590
596
601
608
576
586
587
602
584
573
588
588
568
586
597
559
490
478
476
476
477
468
488
471
480
485
475
478
488
475
482
516
592
627
624
612
624
615
598
571
598
599
590
600
602
575
523
509
491
474
454
454
457
448
453
459
454
472
485
485
489
482
472
470
511
577
644
642
607
612
621
605
612
608
588
576
581
584
586
586
594
589
544
499
474
494
474
433
420
431
410
427
452
465
467
448
463
459
458
468
512
547
539
529
531
530
530
554
586
588
592
589
600
604
578
510
469
470
491
487
470
494
488
471
469
515
569
618
602
609
625
577
512
457
453
479
453
454
453
478
462
441
413
395
378
406
412
374
372
451
591
663
633
616
632
654
649
631
649
624
576
553
555
559
556
539
518
510
502
507
513
516
510
511
512
510
506
511
519
527
531
530
546
526
508
561
613
650
649
638
648
658
643
651
636
606
564
588
591
593
579
598
594
595
587
592
589
582
574
581
585
578
569
590
591
556
509
471
471
485
485
491
483
480
507
511
538
532
531
534
524
519
522
522
527
526
528
524
533
523
530
528
524
531
530
531
525
529
529
524
512
532
533
529
526
537
539
515
524
542
525
512
518
541
527
489
543
577
412
130
