496
475
418
452
465
435
416
429
430
403
405
417
416
413
439
470
485
489
491
488
481
489
496
483
466
471
507
535
541
544
544
552
529
446
400
411
446
421
408
465
546
586
573
560
585
590
561
570
577
573
560
570
600
622
650
651
634
636
648
652
641
645
645
644
638
637
646
635
640
639
633
637
629
639
628
601
567
579
602
564
495
464
483
488
492
481
491
472
419
382
385
407
394
387
390
403
389
396
391
400
383
385
412
470
485
476
462
483
487
478
465
497
566
597
584
585
561
558
558
568
569
557
565
546
562
556
559
572
573
601
628
621
613
621
628
622
612
600
612
626
611
628
624
624
615
634
622
591
535
487
503
506
484
487
496
500
501
489
477
461
464
467
458
460
458
452
436
439
452
439
445
446
452
442
458
446
442
446
446
452
444
433
402
382
391
386
387
381
384
405
452
473
463
462
477
507
512
512
494
505
531
563
576
587
578
577
571
599
582
583
591
571
564
576
587
572
572
584
572
564
591
602
555
461
488
579
626
603
590
610
578
507
468
462
470
510
613
677
665
647
669
672
653
654
676
668
653
662
668
664
661
651
666
662
660
665
664
659
666
667
662
636
607
596
567
531
522
508
508
506
521
519
487
471
467
466
460
462
453
459
473
461
462
472
467
474
456
449
446
474
456
470
471
470
484
484
479
471
474
478
478
473
501
480
422
400
418
415
417
424
413
413
390
383
403
377
373
456
605
683
659
617
659
667
635
597
590
601
594
591
596
602
566
521
504
508
505
504
515
525
501
461
439
451
458
449
456
449
459
470
456
447
454
447
469
469
463
451
453
466
459
457
446
460
466
449
440
463
460
480
483
484
491
477
474
478
476
500
527
536
524
518
527
523
536
521
532
530
535
530
526
524
535
531
526
518
525
531
516
534
535
516
511
534
524
508
526
545
519
502
557
573
416
127
