579
546
509
532
552
560
583
638
631
597
603
627
628
581
555
536
528
536
540
538
522
543
567
575
572
592
586
572
566
581
581
550
508
473
477
481
490
488
464
436
427
427
424
417
429
430
426
436
421
420
427
429
415
419
439
427
426
419
442
468
484
478
492
469
486
490
484
482
500
530
556
543
537
531
555
552
539
519
504
488
516
519
492
511
540
600
629
636
615
608
633
633
565
497
448
460
478
469
461
445
448
483
540
575
585
581
599
645
637
620
621
625
578
569
581
582
579
590
599
603
582
580
566
552
551
530
515
508
533
527
509
509
543
597
623
593
546
527
495
460
429
424
433
437
431
415
431
429
436
424
437
443
427
429
462
562
623
621
590
606
613
605
598
604
616
566
493
476
472
486
481
470
483
467
495
489
494
497
504
474
480
519
600
651
638
624
627
645
627
623
626
624
627
639
636
633
629
630
629
619
633
638
639
634
623
623
616
625
625
632
636
632
631
619
638
608
551
520
532
535
534
518
532
541
526
474
480
462
448
428
433
428
436
440
438
445
453
447
443
443
443
448
441
451
474
472
464
465
471
476
478
470
469
457
445
452
458
442
449
447
456
453
462
457
455
426
431
439
443
448
429
432
443
428
420
469
562
619
638
572
518
461
403
378
388
392
400
431
458
450
425
446
467
438
422
497
598
645
625
629
635
635
622
632
640
636
638
654
620
533
504
517
522
513
517
511
504
496
490
501
491
502
497
479
487
499
492
497
486
482
494
484
491
495
490
508
530
534
540
533
523
542
534
528
524
526
519
536
523
523
540
530
533
516
526
517
531
535
533
534
520
534
538
517
524
533
522
517
530
529
534
519
543
533
515
522
541
519
490
545
582
407
128
