562
538
484
498
534
515
488
535
600
630
620
625
621
622
623
584
519
497
502
521
510
481
495
531
594
630
632
636
631
596
535
498
501
518
518
498
502
534
581
617
623
608
593
608
610
607
602
613
617
606
603
601
613
607
616
602
594
609
614
587
517
465
476
491
471
437
438
447
436
439
452
448
427
447
491
573
630
624
616
583
507
449
430
503
571
616
616
593
596
600
603
593
597
599
598
590
593
579
588
605
605
574
543
519
519
545
554
574
560
553
564
574
570
562
582
603
607
601
598
603
608
609
605
602
615
631
586
556
530
541
543
534
538
549
538
557
582
570
531
496
507
511
506
498
523
503
500
541
609
631
617
612
618
614
613
609
605
594
598
598
597
613
604
584
512
475
496
497
489
495
527
536
517
517
547
561
578
574
573
573
589
588
556
473
447
441
458
459
429
455
491
567
629
621
597
598
630
609
587
602
626
624
617
622
633
605
553
534
538
541
536
556
542
540
550
549
542
516
516
516
524
524
530
517
513
504
498
485
493
496
479
450
453
457
449
456
455
451
451
459
472
450
443
474
512
513
522
513
526
518
506
552
597
632
617
605
609
624
630
582
514
479
474
497
480
473
483
482
476
480
488
488
479
487
489
484
466
525
601
634
636
622
628
630
632
639
610
525
485
473
503
478
497
516
538
506
515
527
536
532
557
584
573
566
579
588
576
535
494
443
433
463
470
435
430
491
569
619
619
597
612
606
622
621
590
545
516
534
532
512
524
535
537
528
534
532
520
519
518
533
533
532
523
522
523
540
535
524
526
527
523
529
527
529
529
541
532
529
532
533
520
522
538
527
520
528
537
514
511
546
573
408
129
