618
591
545
554
587
563
545
569
582
586
622
627
627
615
620
624
632
603
543
505
518
526
519
500
527
542
491
420
388
394
401
406
397
399
394
402
395
399
409
424
401
387
480
622
679
631
587
587
612
604
587
600
611
586
574
590
593
573
577
588
562
506
493
492
465
428
395
395
405
396
398
398
398
386
394
398
394
392
410
473
499
487
492
521
559
567
573
568
558
564
567
570
557
562
559
580
565
547
528
528
539
530
526
532
529
526
527
534
545
574
598
586
584
589
605
589
579
565
575
578
565
578
574
580
558
590
627
649
638
659
659
621
563
520
522
544
536
529
532
516
474
466
464
462
464
499
512
505
510
567
615
608
579
606
617
569
515
471
480
477
499
490
485
488
510
504
489
498
495
494
488
508
549
567
563
549
555
560
552
572
560
553
526
530
521
508
550
600
637
636
634
621
625
623
626
629
636
626
634
632
630
619
632
624
621
622
642
639
620
567
546
546
549
552
553
548
506
508
507
507
506
512
516
512
494
509
515
501
502
504
500
509
510
504
512
517
512
495
464
440
440
443
439
430
444
437
437
435
438
457
431
436
446
460
448
434
497
629
713
698
666
697
715
665
607
588
592
590
589
604
602
569
529
492
499
505
502
492
514
512
497
506
511
502
486
474
449
456
466
454
453
453
463
440
431
424
427
427
416
426
429
405
366
350
357
354
355
368
342
356
376
415
431
416
419
437
425
411
473
589
645
631
603
616
637
630
596
537
499
509
528
514
509
525
508
476
452
461
464
457
472
475
481
484
480
483
478
477
487
522
538
523
532
528
537
528
530
526
532
527
535
513
529
530
520
534
537
521
522
527
532
513
510
553
528
509
548
577
407
133
