652
622
575
574
559
504
509
547
521
507
540
591
603
597
606
614
602
573
594
597
587
579
604
592
556
539
514
491
463
446
445
454
451
451
456
454
471
473
473
472
469
464
456
444
440
444
440
448
434
413
410
417
407
422
408
409
404
423
457
468
469
473
484
463
455
510
599
656
655
616
634
653
648
606
546
532
524
532
540
527
517
477
470
463
476
483
472
468
486
479
469
456
502
543
556
563
557
555
550
550
582
600
615
605
604
599
627
626
572
509
486
490
511
490
505
513
465
383
344
358
375
363
354
367
360
367
400
415
389
388
391
414
391
395
412
415
383
376
465
604
674
679
637
599
586
575
575
583
591
566
559
551
562
554
564
570
556
561
553
539
540
556
548
534
541
548
598
620
617
602
609
616
593
537
519
529
521
530
527
527
524
531
524
527
535
523
532
529
523
525
532
523
531
529
544
522
516
525
538
550
540
537
551
554
556
538
532
510
513
516
523
515
508
516
537
535
560
567
568
570
567
559
563
575
587
582
591
597
590
579
595
594
554
465
435
435
458
456
446
458
487
488
481
480
488
504
473
488
512
535
562
560
553
573
565
569
576
563
533
537
537
537
526
557
607
644
620
609
613
635
627
630
626
608
602
600
600
592
600
600
599
586
538
516
527
533
526
532
531
538
505
488
473
486
491
480
480
474
486
485
472
477
450
466
457
468
474
460
463
465
458
464
454
460
463
458
467
461
461
458
463
467
467
463
464
456
442
423
439
430
427
444
437
432
407
396
386
405
397
401
391
389
402
411
397
394
404
409
407
394
401
396
399
400
410
400
400
424
499
536
537
518
531
530
526
518
523
517
521
534
539
535
519
528
515
525
524
517
539
532
519
525
536
528
532
525
528
529
537
539
530
528
527
542
526
495
548
573
412
131
