601
579
513
553
575
541
536
562
571
554
564
570
545
549
576
574
543
570
616
641
613
628
635
605
529
503
508
517
513
499
501
524
596
613
597
595
597
606
601
596
610
581
510
464
483
483
468
486
484
480
476
496
508
450
378
370
367
360
402
512
567
557
539
544
563
544
561
576
573
566
571
580
580
555
567
595
618
598
592
596
600
573
493
447
475
486
456
441
491
584
640
634
617
614
633
614
616
625
638
620
613
637
626
628
628
640
607
571
527
534
549
543
529
533
554
539
536
520
509
517
514
512
503
521
512
498
505
490
490
488
493
486
494
493
491
487
496
487
489
483
480
493
483
469
461
461
456
465
462
455
472
460
468
456
463
466
457
433
434
426
438
422
427
424
428
427
433
448
454
452
450
454
443
454
441
454
454
488
501
488
495
494
502
492
501
502
514
513
502
512
502
512
505
507
518
500
496
503
512
508
504
508
506
509
502
498
483
494
499
481
484
492
502
484
475
487
462
476
468
470
467
466
467
467
463
466
458
458
457
465
464
463
473
474
477
474
455
479
479
457
449
460
449
446
443
455
445
415
408
420
408
390
454
570
623
610
604
624
599
512
472
474
494
483
466
486
532
554
592
615
600
557
480
431
426
434
440
416
431
455
436
404
382
388
370
344
427
546
595
586
569
599
592
591
602
626
644
645
635
651
642
624
593
562
561
579
581
562
571
591
564
510
479
487
526
531
525
526
528
539
528
527
531
523
532
527
524
537
526
529
532
522
540
530
538
536
528
534
530
532
520
531
528
523
528
537
527
529
534
525
523
525
533
550
523
525
558
520
499
548
578
405
137
