638
619
571
586
632
600
558
552
527
524
517
535
523
511
519
550
579
605
608
604
594
610
603
612
596
601
599
588
600
587
596
602
581
531
506
514
520
519
503
520
505
464
438
472
476
474
469
473
472
455
458
457
453
438
428
453
434
436
430
437
436
441
444
446
420
426
397
402
405
418
413
405
424
465
469
470
471
472
485
479
471
480
475
482
469
476
465
488
476
465
448
511
597
654
645
641
630
654
635
610
560
523
515
536
538
504
474
467
474
466
478
467
471
458
472
480
471
464
482
485
471
488
546
566
555
551
564
563
551
565
604
614
612
596
619
593
600
616
615
590
601
631
613
592
535
492
483
502
509
474
396
343
359
356
348
362
396
407
405
391
416
386
377
469
609
689
667
643
665
679
666
633
612
576
580
586
592
570
557
567
570
556
560
563
567
556
555
551
545
539
537
551
586
625
618
617
612
623
632
588
539
524
527
530
536
544
549
549
549
555
550
561
555
558
538
515
528
517
517
519
520
515
517
527
545
571
563
571
569
572
563
559
576
577
591
588
593
594
607
598
562
485
452
447
455
466
447
453
464
476
489
490
483
486
476
476
500
556
580
571
558
560
544
532
531
547
543
535
527
551
595
629
625
631
623
624
617
622
616
604
602
584
599
608
595
601
592
607
615
589
547
520
519
524
530
531
528
521
498
484
493
480
489
490
494
486
484
466
460
466
464
462
467
460
456
463
458
465
442
437
427
434
438
435
440
426
404
411
394
398
401
417
404
400
400
418
391
379
420
511
535
535
529
519
529
535
533
532
533
524
529
534
529
528
535
524
524
530
519
513
519
539
519
526
526
531
519
532
539
521
525
539
533
527
536
552
521
488
547
582
414
134
