577
547
492
519
548
523
491
479
459
443
458
465
437
453
476
469
466
463
475
471
467
445
436
433
434
437
421
430
435
421
365
348
343
356
347
353
365
354
341
368
391
410
400
411
416
395
380
479
604
691
692
664
660
695
685
642
600
572
574
560
579
580
568
570
596
603
611
636
626
590
523
473
481
493
481
495
493
469
387
355
357
378
364
366
373
388
371
357
416
506
552
550
539
550
547
545
535
525
518
529
543
556
545
549
594
634
632
603
575
568
567
574
575
575
570
575
576
570
559
565
558
572
573
573
575
565
556
569
562
559
562
562
568
568
574
560
556
577
615
633
637
641
612
561
515
522
544
526
530
538
537
516
498
492
502
487
524
559
573
576
567
582
575
574
580
579
570
573
615
629
639
632
624
634
627
631
644
610
573
549
558
561
555
571
564
571
574
576
630
650
648
638
630
655
661
619
576
542
544
535
544
541
550
540
511
507
514
514
503
522
516
519
511
505
497
491
483
495
497
473
456
453
452
454
444
444
452
437
449
425
407
435
444
425
411
479
567
629
618
612
611
623
617
631
618
599
540
506
508
531
517
511
517
516
496
454
417
421
427
431
419
421
435
425
432
445
435
446
437
432
428
399
348
334
399
526
599
576
555
570
576
572
559
579
617
638
639
645
630
619
624
629
610
586
601
617
600
598
609
606
594
605
608
572
524
501
520
521
519
520
521
520
518
527
508
513
518
526
520
530
539
529
511
531
528
523
525
527
533
531
521
522
530
522
544
536
520
527
530
540
515
534
537
534
535
553
527
508
514
548
527
502
544
573
414
121
