527
514
470
494
507
482
456
429
403
386
407
397
389
393
393
412
409
395
392
440
518
581
578
549
555
556
534
535
548
553
536
548
570
556
558
579
596
583
583
598
590
576
607
613
575
490
475
482
500
486
487
495
464
389
368
360
370
380
362
360
357
380
433
462
452
437
440
494
548
589
590
582
594
589
596
587
625
652
625
622
635
640
608
554
524
516
541
549
522
472
438
442
454
450
435
446
461
440
404
384
386
412
388
383
460
602
694
676
655
661
685
640
575
558
577
566
553
561
564
554
556
543
542
535
544
543
537
531
544
586
627
625
626
615
612
616
583
508
472
476
494
470
475
515
620
675
668
650
635
664
666
632
579
529
535
546
550
549
552
552
521
454
426
436
440
434
443
433
434
460
522
547
531
530
533
542
531
538
537
535
542
555
566
569
555
569
560
551
580
609
619
630
614
628
626
624
619
609
572
551
548
562
555
553
559
553
536
505
519
518
501
509
516
516
513
507
493
495
495
499
491
520
538
551
562
551
551
537
553
542
569
558
573
559
554
560
559
552
551
568
582
589
584
595
581
573
586
594
576
570
557
547
547
548
556
545
539
558
596
596
592
609
599
550
479
443
447
471
463
447
455
463
468
433
401
389
378
381
385
389
365
376
437
553
623
620
589
601
621
617
610
624
625
589
548
524
532
526
536
532
527
539
531
526
541
531
539
539
545
511
474
439
458
460
457
443
451
462
460
460
451
437
464
495
542
535
522
516
527
533
530
525
519
517
520
535
519
524
539
532
523
529
535
519
501
531
545
525
527
544
555
507
527
550
523
487
536
568
409
127
