565
527
479
527
523
492
511
569
591
565
574
599
587
595
606
565
474
415
434
437
435
437
459
438
432
459
450
442
480
565
624
614
602
602
605
610
613
594
554
528
529
559
577
578
597
587
589
599
599
600
594
599
592
586
598
585
579
594
594
601
574
589
578
562
566
568
586
558
585
631
661
651
634
661
642
641
656
668
629
565
535
548
560
546
551
540
535
516
496
516
503
500
508
501
508
500
474
425
448
456
449
443
448
444
456
466
475
465
450
473
474
460
436
519
619
660
654
654
652
660
659
668
616
494
411
439
466
449
413
457
547
583
553
548
581
612
617
628
617
611
611
617
626
599
557
516
512
540
516
511
553
635
673
661
657
658
673
635
590
573
588
585
564
562
551
576
547
548
547
568
557
543
547
567
554
550
563
607
621
622
616
630
627
602
547
544
527
545
530
519
538
533
529
494
484
483
488
487
469
463
461
465
467
468
471
464
477
487
477
484
490
475
469
505
564
596
588
579
582
584
577
586
623
641
623
630
636
636
624
642
630
613
567
539
528
517
495
493
508
506
496
494
497
498
500
485
479
484
484
486
488
486
481
471
471
469
469
469
475
473
471
467
446
442
437
449
449
440
401
402
403
414
403
411
406
400
400
398
399
373
391
416
483
526
524
497
505
549
590
642
626
614
621
626
628
620
634
636
598
560
510
495
484
474
476
487
479
492
493
521
522
526
518
522
535
526
528
540
530
529
524
531
529
520
548
532
527
524
535
533
519
521
537
532
502
545
575
410
134
