526
489
459
479
493
463
501
586
642
618
592
610
634
628
563
482
407
415
444
447
424
422
447
498
520
531
526
525
522
528
527
533
551
561
557
556
561
546
573
619
649
635
623
629
643
639
634
652
638
597
581
591
596
586
595
605
560
493
456
472
471
464
464
468
459
458
419
415
416
428
394
385
445
526
573
559
551
567
565
565
573
557
553
540
546
553
545
548
567
562
561
569
567
575
559
566
569
569
572
582
592
590
572
572
587
587
591
552
550
545
547
548
550
544
538
555
560
579
581
563
566
566
576
563
506
496
506
509
489
484
531
583
608
617
602
605
608
606
593
566
538
552
548
533
546
555
569
572
585
566
557
566
573
559
526
513
522
522
498
514
530
541
541
556
540
525
539
566
620
662
655
661
645
665
675
618
559
519
526
517
524
515
525
518
530
574
604
592
593
574
585
593
595
580
586
599
597
560
531
520
500
514
519
515
512
516
523
506
499
543
608
613
608
618
631
593
546
518
531
526
527
529
526
515
542
622
664
651
636
643
638
640
642
609
530
471
479
505
499
474
495
502
479
467
469
470
467
458
482
468
456
468
500
456
449
513
603
651
642
635
633
631
635
648
610
528
464
477
501
494
483
488
496
490
477
510
548
564
579
574
570
541
523
513
523
512
531
532
513
511
527
581
592
603
584
598
594
595
577
568
554
556
569
563
558
558
547
539
529
542
525
518
519
544
542
521
516
537
537
520
563
641
677
658
653
664
644
592
567
582
570
533
510
516
528
531
529
523
529
524
518
527
522
517
525
532
535
527
517
524
529
530
535
530
529
530
538
527
526
534
529
532
520
524
531
517
531
528
531
516
532
541
520
507
523
547
508
497
545
575
420
119
