570
546
507
533
538
546
583
625
609
608
617
601
554
521
537
550
525
527
542
557
557
573
578
585
575
574
581
577
569
589
573
588
591
579
563
581
595
564
497
470
490
493
468
446
414
415
435
467
483
484
481
483
478
486
513
534
557
557
545
526
514
536
593
641
634
599
599
624
642
580
501
447
450
470
463
463
444
449
477
542
595
592
593
616
629
626
601
612
639
631
621
582
572
563
582
578
586
568
578
576
575
580
588
590
577
595
579
580
585
583
596
581
589
586
574
573
572
562
558
550
563
555
568
554
537
513
515
529
509
510
513
541
591
625
615
618
600
612
624
593
541
520
513
525
529
527
496
442
409
429
423
415
431
435
425
428
437
430
423
428
443
417
414
472
573
626
612
600
605
610
609
610
576
522
464
474
495
482
467
470
483
469
471
489
498
484
488
512
496
484
483
530
601
637
638
609
618
638
632
620
632
644
630
636
648
627
632
635
640
610
557
507
527
527
529
526
481
460
466
479
459
431
408
425
437
424
424
443
439
421
435
447
442
434
437
445
439
440
450
473
465
468
477
468
477
476
465
466
481
480
458
433
456
456
445
451
446
437
428
436
431
411
428
445
426
422
463
571
632
619
602
600
607
599
612
616
616
597
616
625
577
507
473
484
502
489
501
511
470
405
382
404
431
446
445
449
445
435
490
591
642
632
618
641
644
602
521
512
503
523
515
510
509
515
520
520
525
515
509
504
494
490
494
490
515
545
539
533
534
547
537
529
526
535
532
519
526
526
525
518
531
519
515
534
544
528
514
534
527
519
530
540
511
516
541
533
511
517
542
515
500
557
585
420
132
