492
465
425
447
464
447
426
414
435
409
417
408
420
426
414
416
433
476
484
490
487
481
494
484
502
524
535
543
543
519
456
411
420
436
444
420
407
457
544
582
574
568
576
583
569
581
614
652
654
638
639
642
632
639
647
651
639
644
651
639
631
653
625
600
579
582
569
576
586
565
508
464
473
492
484
480
479
503
460
410
386
378
396
466
488
473
447
499
576
610
578
569
552
551
557
570
554
545
580
616
633
626
622
610
624
626
626
586
525
493
487
502
503
485
479
464
462
460
445
425
440
443
440
435
442
443
445
431
443
449
435
433
434
443
439
437
440
442
441
444
438
451
438
441
442
440
441
456
444
449
459
440
405
370
402
455
474
467
466
500
511
506
505
510
516
509
500
527
565
595
588
579
592
577
579
572
577
570
571
578
593
582
575
587
574
541
485
457
460
477
472
462
455
498
571
604
614
596
590
623
614
580
503
464
469
472
463
476
479
462
440
505
614
676
656
634
660
661
662
657
669
679
648
598
589
595
604
582
590
586
578
581
586
586
590
588
586
579
601
568
527
515
504
521
527
500
467
467
459
467
459
454
452
455
449
463
470
450
453
458
468
469
471
482
474
470
476
481
477
471
482
493
477
474
483
480
458
420
414
406
414
421
413
415
393
394
391
369
392
406
373
367
449
581
678
667
640
639
670
664
639
612
602
599
587
589
590
601
581
529
501
511
513
466
439
448
457
454
463
469
488
474
479
475
478
476
477
481
477
478
487
499
485
481
479
480
481
489
519
522
529
517
530
522
523
526
531
525
522
534
526
516
525
523
525
518
528
532
530
520
534
524
524
531
529
522
518
534
536
518
529
530
534
516
525
538
523
511
530
540
515
524
543
529
491
538
566
414
137
