528
494
490
582
629
612
583
607
616
592
558
504
446
464
490
480
470
473
463
421
401
419
423
402
440
539
614
586
573
584
586
558
518
514
511
507
507
515
517
496
457
402
365
349
354
355
360
355
345
342
363
348
329
372
452
499
485
468
474
472
472
489
477
464
481
487
473
463
503
560
595
588
579
581
573
594
611
572
501
467
479
484
486
481
476
486
485
487
483
487
482
463
465
504
563
590
597
583
577
570
560
549
548
551
565
601
616
603
615
612
613
636
620
587
498
442
435
456
448
434
441
449
436
417
422
441
445
432
424
464
565
619
616
594
630
590
527
487
496
509
486
487
516
500
494
484
496
476
481
480
489
494
560
582
576
563
578
588
565
523
509
512
503
497
511
524
494
436
437
428
446
436
437
448
432
438
436
440
432
438
442
444
431
371
347
360
358
357
358
365
367
366
368
386
382
384
374
386
375
369
387
376
354
436
541
594
586
563
579
592
581
577
598
590
565
532
510
514
519
524
510
536
581
611
611
598
604
593
589
582
600
599
553
492
479
481
480
479
482
484
478
479
488
484
489
490
488
477
483
510
567
587
594
575
585
596
612
636
632
621
615
622
636
634
592
526
460
462
512
567
599
604
598
602
590
599
584
600
598
596
597
596
588
598
591
592
560
544
535
559
559
557
554
567
561
566
554
560
551
561
566
580
535
499
462
471
476
480
472
464
485
514
538
529
525
524
528
519
522
524
532
514
523
534
519
510
522
533
524
522
527
537
525
523
559
518
497
549
567
416
127
