695
661
604
621
642
621
614
624
621
574
563
592
589
554
517
505
504
505
514
507
496
504
517
497
473
454
464
460
442
445
428
441
446
454
444
427
424
426
417
423
437
427
420
425
441
438
446
444
451
453
437
443
438
439
429
439
444
434
446
468
481
467
469
459
452
472
472
475
469
478
475
464
467
505
558
621
595
592
598
593
597
601
597
601
599
576
591
591
579
578
571
587
583
581
581
588
585
581
591
586
576
584
585
585
579
576
589
584
579
585
578
577
578
585
582
578
585
584
567
505
468
468
489
487
474
471
491
480
482
469
486
479
467
479
485
486
468
511
586
640
631
612
622
619
618
606
598
584
597
594
590
591
597
608
587
543
515
510
502
515
527
523
512
525
521
499
471
454
455
489
485
477
469
488
490
484
485
510
586
620
615
600
610
604
613
612
608
592
577
578
591
590
582
581
587
598
559
507
482
471
501
497
487
483
487
493
475
444
419
423
425
431
422
430
421
426
421
418
415
420
419
446
464
456
442
466
515
537
545
538
544
534
547
537
539
518
540
561
571
604
593
593
567
512
478
469
485
485
463
506
585
611
568
487
476
464
474
468
466
460
463
479
473
431
425
406
388
379
444
585
663
646
621
626
645
637
629
644
650
639
628
643
650
624
577
546
549
547
569
556
556
564
541
515
503
509
506
503
507
519
515
502
514
525
522
527
528
522
533
545
624
661
639
631
633
662
649
631
597
569
570
588
587
571
576
588
583
578
585
576
581
589
591
602
581
582
596
576
588
569
582
580
578
589
577
551
508
477
481
480
483
483
474
480
490
513
522
520
513
524
529
518
528
523
529
535
529
532
530
527
530
519
533
537
527
523
534
530
527
534
534
532
531
523
526
524
523
538
523
518
523
532
522
519
527
528
512
520
557
520
494
537
563
407
133
