530
497
471
487
505
480
491
479
419
380
385
404
404
398
391
401
399
398
399
417
409
399
397
438
515
574
578
568
561
580
549
535
536
550
526
527
556
570
557
576
587
591
593
594
605
579
596
611
571
507
469
492
483
478
470
497
461
392
368
362
372
374
360
370
389
429
468
457
452
462
452
448
452
453
451
441
474
560
596
581
574
590
626
631
638
629
642
648
606
552
516
523
539
537
535
532
533
516
472
440
446
458
452
440
451
452
447
449
461
460
438
411
408
398
390
416
434
389
381
457
608
673
670
657
634
598
558
555
569
557
538
537
555
524
557
608
625
626
619
619
637
625
589
523
460
472
479
471
470
475
476
455
505
630
679
655
651
665
676
635
653
671
637
558
535
563
518
446
422
448
437
422
456
520
555
539
531
548
545
538
535
551
557
556
561
557
571
565
561
557
570
554
551
580
617
636
624
614
629
621
622
624
633
640
611
576
538
520
515
513
518
516
516
509
510
515
514
508
514
513
515
511
515
501
504
513
507
505
493
509
542
552
558
548
553
555
555
556
562
563
568
570
566
562
558
558
568
555
577
583
578
577
579
596
560
554
546
544
530
551
561
547
539
557
594
597
597
593
597
579
590
599
574
487
450
437
450
464
447
443
408
373
352
388
388
363
353
439
551
626
616
602
601
616
619
610
612
621
603
606
622
628
593
557
531
543
540
529
498
481
455
436
451
459
447
451
472
509
522
526
522
518
530
540
520
522
525
527
522
527
538
520
532
534
532
523
523
529
528
530
530
535
527
525
521
530
513
533
538
521
520
530
540
518
518
536
519
513
535
545
518
500
547
576
420
125
