619
596
534
561
594
549
552
585
627
619
621
637
627
617
619
635
599
548
498
520
534
509
507
528
539
504
417
395
394
399
389
389
393
397
402
433
427
403
416
422
397
390
479
616
705
691
659
681
699
691
665
611
591
594
607
597
605
590
604
604
602
594
577
586
590
578
595
591
574
507
482
479
481
478
478
491
474
409
392
395
398
403
409
391
391
414
470
502
494
506
546
576
570
562
567
567
572
553
554
540
528
543
546
540
531
541
540
532
540
541
530
525
536
536
520
539
577
597
597
604
595
578
565
567
584
574
558
554
595
633
649
668
660
615
562
529
518
522
550
541
506
481
460
455
460
452
473
455
461
466
504
508
509
531
575
601
603
589
572
535
473
481
503
497
471
489
494
485
483
513
516
496
479
508
547
573
562
557
560
564
557
563
541
518
515
511
504
511
511
502
541
606
649
635
615
620
632
637
624
624
571
549
549
545
542
548
557
540
505
507
512
505
447
425
438
435
433
452
446
434
437
463
442
425
513
643
709
699
686
675
631
583
582
604
608
584
592
603
589
592
608
581
518
490
499
513
498
508
513
511
498
473
459
447
447
466
459
452
460
469
450
429
431
423
422
430
425
438
408
371
356
339
359
416
437
424
423
451
409
403
467
590
636
635
616
633
627
618
624
649
595
540
507
509
510
507
517
523
508
505
519
517
489
465
461
467
480
459
469
468
466
471
458
471
456
464
466
462
470
464
462
475
469
462
458
463
481
485
495
481
479
476
464
480
494
520
534
526
528
538
537
535
530
536
531
513
534
532
526
520
523
528
521
513
547
536
519
531
528
524
516
536
534
526
531
546
514
495
542
578
407
124
