502
476
418
456
459
448
436
461
453
407
414
420
412
420
417
429
414
400
423
463
476
472
489
493
480
473
487
500
526
561
543
526
556
560
522
446
419
424
418
406
456
540
588
584
557
575
591
586
570
621
655
629
634
643
652
642
618
620
576
583
601
579
580
584
581
560
524
477
490
497
454
404
387
385
396
395
382
388
408
467
482
482
460
469
474
473
465
502
570
599
606
574
586
605
600
594
589
587
559
549
551
554
557
554
545
568
613
640
617
628
629
598
517
475
492
511
503
500
512
512
508
498
472
462
463
464
466
459
438
441
441
458
435
445
437
443
440
447
443
444
445
448
423
405
378
387
402
377
392
387
386
385
400
448
475
474
450
463
480
478
469
469
506
581
595
593
579
593
600
578
574
590
575
587
570
573
573
570
586
591
545
486
458
461
466
469
463
465
452
492
556
621
614
579
591
620
618
565
504
460
471
474
478
461
456
476
461
448
507
632
677
652
658
669
671
660
659
654
609
573
585
599
561
539
520
512
516
521
527
500
482
458
451
458
469
455
464
449
462
461
457
472
465
461
479
478
482
478
479
487
483
476
484
487
478
423
408
418
409
405
412
407
382
397
399
375
372
445
592
668
660
650
645
657
651
651
656
666
646
632
656
651
657
649
656
644
655
652
665
664
643
608
596
597
607
600
581
593
577
530
501
513
521
521
490
473
452
455
461
460
464
482
487
473
480
496
522
523
517
518
530
526
538
524
523
535
527
533
533
527
530
526
527
533
529
542
526
521
523
519
537
532
530
513
527
518
529
534
536
529
528
526
520
525
532
529
521
525
536
532
522
528
543
540
518
525
538
517
531
540
519
507
520
555
529
502
554
571
408
123
