525
512
456
465
504
481
472
485
507
499
475
487
481
463
475
523
578
605
595
604
606
598
598
613
572
492
466
466
490
467
427
419
401
405
403
417
409
415
422
400
401
450
538
602
601
584
580
600
598
568
532
505
512
521
511
502
520
507
506
518
523
492
441
422
419
435
424
428
413
376
345
370
358
338
378
446
487
483
464
477
482
471
475
480
487
471
461
494
560
595
593
584
573
590
595
579
581
604
561
496
469
473
480
499
477
479
471
486
484
473
482
474
469
507
557
602
596
571
587
597
575
575
590
588
581
582
600
578
559
549
562
552
549
568
556
545
564
609
624
622
610
630
624
582
618
643
580
485
426
444
444
450
459
445
450
444
418
415
434
443
411
416
481
571
637
624
609
588
533
493
494
494
503
492
481
496
519
560
584
586
579
573
587
559
511
493
508
513
503
500
524
515
486
459
437
431
436
441
433
444
434
434
441
444
444
443
442
441
432
438
431
434
433
448
438
414
370
353
361
378
374
359
361
378
375
379
383
386
385
382
379
387
372
363
419
546
598
580
562
590
600
567
521
518
511
504
514
513
518
509
519
515
515
519
513
505
532
584
615
620
609
608
615
603
604
606
598
579
583
604
584
587
601
586
563
496
487
470
491
497
483
480
479
496
488
503
489
510
503
490
512
565
575
586
579
584
585
571
585
620
642
631
628
613
636
640
595
519
474
472
466
513
568
612
615
584
600
608
600
593
603
589
592
587
591
591
601
596
582
561
542
535
544
551
554
558
554
560
566
555
558
563
540
505
472
472
499
458
472
481
460
464
477
515
530
525
531
530
525
521
528
521
534
529
530
513
517
542
530
534
538
535
530
517
528
530
509
515
536
523
500
555
578
406
128
