608
584
541
576
597
574
550
577
579
569
571
582
566
579
589
623
592
599
600
609
587
597
607
597
588
596
600
591
587
602
592
585
585
592
561
509
481
505
519
492
462
452
440
458
455
447
455
442
461
470
479
477
468
467
471
465
465
453
463
468
450
426
422
407
411
416
416
402
426
421
419
416
413
413
415
410
416
409
403
414
398
422
417
389
366
354
355
348
380
436
462
451
451
457
457
435
488
581
643
627
597
622
617
604
607
616
604
579
605
610
594
583
604
615
577
526
513
510
518
508
506
514
483
461
443
446
451
450
454
453
448
464
450
449
461
461
446
458
463
470
438
437
435
428
429
442
431
420
427
428
418
430
416
424
421
394
405
402
393
394
417
383
380
448
564
618
617
609
615
605
618
613
588
531
495
489
521
510
494
496
518
536
538
529
542
584
611
590
588
614
569
518
473
494
495
486
510
574
617
617
596
583
521
473
483
500
485
477
491
503
495
479
498
509
483
483
484
490
498
478
459
446
429
438
450
474
484
475
487
483
479
464
457
458
450
455
455
455
456
438
414
399
411
409
419
411
412
398
401
403
401
407
405
390
409
400
404
416
407
406
399
408
427
455
472
472
462
457
490
556
585
586
566
592
583
572
594
608
626
620
631
637
599
545
507
530
540
537
508
468
470
445
455
463
472
450
422
409
420
397
384
456
567
634
618
596
612
614
585
602
622
600
526
495
512
504
512
506
511
510
508
515
515
498
497
524
569
566
572
569
565
565
561
574
575
565
543
516
535
530
525
518
529
528
519
524
530
528
520
527
526
527
526
532
515
536
526
526
522
530
534
535
522
529
524
520
521
532
527
532
515
533
535
519
512
529
530
518
522
538
528
524
548
531
523
528
550
526
506
547
581
416
129
