606
580
529
578
584
568
551
576
573
562
580
612
603
604
602
605
590
584
579
596
592
559
510
483
473
466
458
452
458
447
441
457
474
467
462
454
474
457
460
458
474
468
454
473
457
460
470
459
458
472
475
454
423
397
421
401
406
425
431
396
364
340
337
338
367
430
460
466
448
456
453
449
458
444
445
479
568
640
626
602
615
633
604
614
619
619
580
598
606
576
520
492
512
527
501
458
448
452
451
455
451
443
464
467
459
456
469
472
452
430
440
425
422
431
431
440
435
432
439
443
426
439
436
430
414
422
424
432
426
437
424
405
405
405
394
384
396
404
380
389
454
557
627
614
603
603
627
618
572
526
506
497
510
503
509
520
512
506
502
522
547
557
573
604
613
595
598
603
593
591
593
579
596
604
564
514
486
483
503
495
490
494
502
496
503
485
489
516
581
610
612
604
569
536
490
490
499
496
493
479
490
492
505
490
460
443
451
464
456
432
438
444
478
471
486
470
475
493
477
464
449
455
460
463
449
421
405
401
421
405
409
408
404
401
428
454
469
478
473
474
481
478
463
475
482
478
462
479
473
462
453
507
558
593
587
569
574
593
588
577
570
594
615
622
624
620
627
622
633
608
557
516
529
545
531
523
541
552
523
474
454
455
471
465
461
463
466
466
456
423
394
412
399
399
456
575
637
597
522
496
513
531
506
502
507
513
558
574
574
571
569
564
563
562
549
537
535
526
521
527
537
534
544
518
520
530
526
531
534
532
515
527
518
522
514
527
519
526
534
518
527
525
526
515
530
531
529
521
527
529
514
519
527
535
527
523
534
532
521
525
544
520
527
543
542
516
518
549
515
498
560
569
413
120
