500
459
421
451
483
443
431
427
420
414
425
476
481
485
473
506
483
483
509
542
532
550
545
518
445
416
423
424
430
418
415
412
465
539
591
582
550
595
639
646
633
646
627
605
575
592
600
566
503
473
484
494
484
490
483
459
419
389
396
394
393
397
392
383
388
405
447
484
481
465
467
500
554
590
600
587
581
593
588
551
551
562
559
554
545
568
610
629
621
632
624
591
514
487
503
503
503
501
506
504
464
469
469
466
457
460
455
449
450
437
443
444
440
437
432
427
437
445
436
440
447
456
454
448
433
404
388
383
381
392
387
383
416
457
461
469
470
468
464
468
465
466
472
501
508
512
514
513
511
514
522
564
587
581
575
587
583
565
583
587
556
471
450
470
463
468
457
469
460
492
580
623
601
586
621
625
603
604
617
600
592
615
630
587
494
469
452
480
485
469
467
452
506
618
675
669
644
661
666
659
627
603
591
583
588
596
587
561
532
502
511
508
509
507
503
516
487
468
451
461
464
462
440
467
459
465
479
483
477
475
501
486
477
477
478
479
469
478
490
480
489
487
482
479
461
432
391
400
406
419
409
396
404
390
384
400
415
363
370
445
583
669
659
651
647
661
635
636
662
634
603
590
594
598
592
583
604
600
566
525
515
507
513
510
505
503
513
516
502
508
479
440
447
466
461
444
455
444
452
475
477
496
491
485
484
499
518
533
521
527
527
521
526
529
525
527
512
527
536
539
520
518
522
528
523
525
523
523
521
526
528
531
531
531
525
530
532
519
520
535
533
528
524
530
530
522
516
530
523
520
543
540
511
520
532
520
509
553
563
412
130
