657
629
567
597
620
578
591
588
549
502
501
543
518
506
524
530
518
520
554
588
573
579
555
543
530
546
542
543
537
546
540
541
552
540
530
553
610
616
622
609
615
618
610
618
602
534
499
496
513
494
506
519
504
496
550
607
631
624
618
622
622
607
609
595
609
628
581
513
454
475
490
473
463
479
470
465
430
433
414
416
437
421
418
467
580
651
652
617
622
633
637
624
627
643
626
586
514
480
487
488
488
480
486
474
437
418
423
438
426
425
428
448
428
418
435
428
413
434
444
417
404
471
574
633
627
613
617
616
612
604
609
613
603
591
593
591
582
597
589
591
571
541
533
512
529
530
525
511
560
612
660
660
640
642
660
647
611
573
553
547
561
538
542
552
546
521
514
517
529
516
484
486
480
478
485
477
459
447
460
461
452
461
463
467
458
471
469
478
459
470
474
470
474
483
504
510
513
510
500
535
571
602
596
578
601
610
593
582
602
593
592
611
608
593
590
602
617
572
541
517
530
522
526
522
501
471
442
443
466
449
438
436
427
440
425
435
425
443
435
422
426
421
436
429
426
425
445
420
423
471
569
623
632
614
609
623
626
561
497
437
419
449
461
441
419
476
567
597
587
580
598
589
571
613
632
637
641
643
642
623
589
578
584
589
592
574
574
571
595
552
484
445
454
465
451
400
379
361
383
387
361
356
427
542
639
613
604
601
611
604
598
610
617
600
602
614
596
597
597
609
613
579
542
525
520
532
522
533
534
527
498
494
511
533
532
532
527
532
526
525
528
529
519
513
528
523
530
520
525
529
527
513
527
531
531
515
522
522
522
529
544
533
514
536
532
518
512
531
539
515
519
548
525
507
547
574
410
131
