495
534
568
621
638
612
601
603
627
614
572
497
411
405
441
448
428
422
463
513
527
527
529
535
516
525
531
529
543
560
555
552
540
559
559
552
560
571
603
639
646
649
630
637
630
622
602
604
590
567
501
461
460
483
479
464
465
470
473
470
468
477
469
459
480
478
455
421
411
408
408
419
421
400
389
444
527
580
574
569
556
576
561
559
550
533
533
533
553
538
534
537
558
563
563
570
574
555
564
558
554
564
583
591
591
589
597
594
570
540
534
539
543
540
547
539
549
555
566
566
556
576
566
574
574
557
509
515
502
513
490
496
507
494
499
520
579
615
590
591
601
602
594
592
599
587
556
545
534
542
547
550
551
549
545
549
564
575
568
579
578
568
565
574
563
568
566
561
533
507
514
516
509
514
515
518
512
542
548
551
524
538
537
537
538
565
638
671
663
665
670
648
654
665
671
630
545
503
512
526
530
513
526
538
585
609
601
593
596
602
595
587
597
603
580
522
516
530
521
497
532
591
615
614
623
616
559
506
515
563
619
643
650
642
633
653
663
619
523
482
488
498
483
483
489
495
475
468
472
455
465
469
461
461
496
587
645
652
638
636
650
635
620
633
652
628
626
648
647
598
516
484
490
506
499
487
492
483
487
489
487
490
516
553
586
588
570
572
587
555
535
511
518
530
526
506
517
516
520
515
529
572
597
599
585
591
603
586
577
571
562
562
555
557
554
564
574
554
550
566
549
523
536
537
531
513
555
645
672
658
679
671
643
595
557
574
569
570
569
580
585
538
518
514
531
518
526
535
531
522
518
533
529
528
521
529
534
522
522
524
536
535
535
530
526
525
523
527
523
535
541
531
520
531
521
521
522
544
528
518
522
545
524
490
550
569
417
127
