609
585
540
564
578
558
559
572
578
573
562
584
584
569
575
584
566
579
583
574
582
595
606
602
597
599
593
586
578
575
574
567
576
577
579
579
557
513
471
483
493
495
490
484
498
488
483
473
461
449
442
450
466
440
449
449
449
445
451
463
468
484
478
467
479
482
471
477
459
479
457
459
454
472
465
457
457
465
471
457
475
465
465
468
462
460
459
462
458
467
460
468
465
470
472
481
471
474
447
421
417
407
415
432
402
373
355
350
357
347
370
428
460
464
445
455
470
467
450
451
495
578
621
625
612
612
628
616
609
633
622
618
593
585
594
594
589
589
600
601
582
529
505
512
523
503
520
507
498
469
448
448
457
447
441
456
458
462
457
465
462
458
462
451
454
462
465
462
454
457
470
456
459
447
461
462
451
438
437
423
426
436
432
423
425
426
425
410
433
418
422
432
437
420
392
407
417
394
395
438
552
621
628
614
610
610
606
613
587
528
490
496
515
500
506
532
547
555
533
539
546
533
542
559
578
586
593
590
601
582
601
601
577
514
495
501
495
479
490
506
485
482
508
573
605
588
585
596
602
604
575
525
485
494
509
501
479
452
445
441
438
441
439
455
472
488
484
475
490
489
473
462
462
449
447
455
453
444
412
409
413
401
392
441
453
457
498
549
589
595
576
570
581
580
573
573
586
589
578
587
624
627
632
615
627
627
613
626
626
611
547
524
533
530
522
529
551
517
465
456
466
449
458
455
467
466
437
412
412
402
419
418
390
380
453
561
628
609
610
584
556
516
548
562
570
574
559
542
521
517
536
529
526
525
531
526
533
514
531
525
523
524
541
532
522
530
530
514
526
543
543
515
534
539
533
511
531
549
527
510
545
555
409
131
