543
489
463
473
496
475
467
489
484
499
576
621
608
603
611
597
519
447
482
494
465
461
488
485
446
424
426
410
394
423
428
404
392
446
543
608
580
535
492
503
513
509
505
513
535
490
435
417
414
407
351
345
361
351
336
374
440
488
470
471
486
474
473
492
563
597
595
589
589
603
593
557
497
468
455
483
479
463
471
484
476
476
485
487
479
476
486
468
468
502
560
598
584
576
585
598
580
597
592
589
589
570
553
545
559
549
548
547
561
565
588
619
625
605
606
615
626
585
481
432
441
449
442
431
436
440
447
455
435
437
426
433
429
435
441
419
418
465
577
619
638
617
572
525
483
485
496
503
493
488
503
499
490
495
508
559
585
590
578
580
577
563
569
584
567
515
499
510
500
505
510
516
496
454
427
437
453
432
442
432
389
348
363
373
365
362
362
358
362
372
391
375
381
381
400
373
361
429
544
604
598
574
579
588
585
585
591
573
577
587
586
585
584
580
581
583
586
580
581
575
590
586
581
589
571
526
512
513
532
499
503
544
577
625
613
608
601
611
598
596
582
600
601
552
503
476
481
477
485
483
488
484
502
503
484
492
517
560
582
575
598
612
629
626
606
606
633
644
597
507
456
471
475
470
504
581
615
605
596
610
602
596
593
596
601
596
592
612
599
603
606
603
601
597
608
595
596
612
601
591
603
609
597
590
604
601
601
590
588
609
596
587
595
597
593
600
600
593
596
600
592
587
605
580
546
544
542
547
566
553
560
552
556
556
571
540
487
463
467
476
472
460
477
472
477
471
477
483
465
461
472
514
530
527
521
531
521
521
534
532
527
527
525
533
529
520
511
532
522
533
528
535
511
518
518
526
531
531
519
524
526
511
530
537
537
523
530
539
531
521
530
528
528
524
545
530
505
528
562
518
495
554
571
413
130
