605
581
541
551
576
570
595
630
641
609
616
646
588
522
522
521
525
524
509
435
371
393
423
399
380
484
625
705
674
675
693
674
667
681
659
618
586
599
607
595
588
603
599
590
593
604
578
571
589
597
566
502
478
486
491
485
482
490
496
470
420
381
405
397
387
391
400
399
388
430
482
507
493
477
489
491
479
497
552
582
568
560
560
569
559
545
545
539
526
530
545
570
589
595
585
590
586
595
593
584
578
577
574
573
581
572
577
584
554
591
630
663
652
636
643
655
655
617
559
532
526
541
547
523
480
453
460
467
466
456
473
478
493
516
522
512
510
519
515
500
500
547
581
600
596
598
592
595
602
598
597
595
606
589
508
475
478
485
503
482
484
484
510
498
501
508
509
492
495
517
546
565
559
550
554
559
567
554
531
500
517
527
519
514
521
519
514
489
536
603
645
629
610
637
645
616
561
547
546
556
535
551
549
543
547
514
507
494
492
445
437
438
436
442
439
448
452
442
443
450
456
448
436
459
470
441
425
499
635
712
696
673
684
687
691
690
662
610
578
596
613
592
594
616
582
533
504
505
490
470
456
459
476
454
460
466
457
431
427
419
427
410
426
446
405
373
359
356
359
351
354
371
408
436
452
419
420
470
578
644
636
622
611
635
621
610
625
631
609
531
496
511
502
495
499
523
518
504
485
468
459
482
467
468
467
476
492
487
478
483
480
486
472
494
526
535
525
527
531
529
520
531
534
519
522
532
538
527
525
530
521
525
531
528
522
525
533
528
519
542
534
515
521
544
533
506
546
567
417
133
