608
575
532
558
583
565
558
625
645
627
593
557
498
500
522
524
477
420
386
386
395
393
398
390
402
421
407
397
466
623
694
688
670
695
692
665
672
696
663
610
591
608
603
585
593
595
578
581
587
586
578
595
604
562
512
470
481
492
478
414
374
395
418
390
389
425
462
500
479
494
492
480
484
486
501
490
498
556
576
580
559
560
567
571
563
547
533
534
533
539
536
531
539
520
541
581
595
588
585
581
590
595
584
577
572
570
590
567
563
569
582
620
650
646
654
650
653
656
616
554
502
469
451
479
504
510
510
502
498
512
509
519
510
541
574
615
598
603
593
601
595
575
515
480
468
485
491
487
477
486
487
476
497
513
500
483
516
556
567
560
560
561
548
525
519
512
503
515
523
495
488
543
617
622
633
627
621
629
632
613
563
545
553
551
551
548
538
547
518
500
513
506
514
509
508
513
487
449
442
442
455
431
443
439
439
423
446
456
445
429
501
635
716
708
664
608
600
590
610
580
525
493
491
503
500
505
515
496
464
441
459
459
461
467
460
452
465
455
428
410
421
422
421
413
433
424
361
341
359
349
350
360
418
419
402
465
575
639
642
607
613
640
628
598
545
504
495
508
521
514
495
474
468
454
466
473
453
470
474
464
461
473
484
476
485
485
482
474
484
486
524
529
539
520
522
530
529
524
530
525
535
532
511
526
529
526
523
527
531
519
521
537
518
523
536
536
511
526
528
509
519
536
535
509
510
548
523
493
546
559
409
140
