655
633
570
587
621
601
566
545
521
509
528
532
519
522
527
532
538
565
589
585
573
577
573
582
571
583
586
574
590
589
576
569
567
577
572
569
538
542
532
547
538
531
547
546
543
529
540
543
547
530
547
602
601
617
626
616
603
623
615
584
534
496
508
517
518
506
500
486
519
526
577
621
630
568
503
469
464
463
430
424
427
423
428
430
402
405
470
580
643
645
620
624
648
619
613
632
636
628
633
637
624
617
618
635
594
520
467
483
485
481
478
499
503
449
435
428
422
423
431
440
422
411
461
565
620
620
591
601
624
612
607
609
596
577
600
596
590
582
589
597
603
592
593
601
605
608
568
549
519
517
526
537
514
515
552
624
656
648
643
642
655
637
634
653
629
574
528
548
569
552
554
545
552
545
544
544
527
502
509
524
520
511
514
515
484
480
488
492
475
461
464
469
464
479
459
465
465
476
462
459
468
477
469
478
458
475
482
513
514
514
505
508
516
515
510
515
513
500
502
528
588
600
605
592
593
600
598
607
603
606
596
621
606
591
537
512
514
529
506
467
439
445
461
456
449
423
424
426
435
430
432
417
440
417
428
441
439
418
427
443
422
419
469
576
633
621
596
609
612
599
612
623
632
615
607
598
607
630
642
584
488
426
433
439
450
441
438
470
553
592
607
586
574
601
597
586
599
585
580
579
614
614
637
647
618
576
553
575
574
575
579
581
551
487
454
464
474
458
453
461
450
458
453
452
457
452
466
437
399
366
363
386
402
359
356
429
550
628
616
590
590
610
607
605
612
617
597
610
610
614
610
607
619
613
593
542
529
527
535
521
512
533
525
523
512
523
536
527
519
530
531
516
507
492
497
495
501
494
489
487
508
524
530
531
538
532
532
530
523
531
517
528
528
518
523
538
539
518
539
523
536
528
529
528
525
529
531
519
524
530
537
521
517
527
527
508
524
541
522
502
544
577
421
121
