617
594
541
557
602
610
607
619
630
607
623
634
635
625
603
561
508
511
530
530
515
509
532
534
498
431
387
389
405
410
407
396
401
428
417
414
426
428
397
396
484
621
704
696
653
678
695
695
664
616
603
594
595
602
613
595
609
607
596
590
595
589
581
602
601
553
509
489
485
476
482
502
477
423
393
394
410
406
399
395
406
417
454
504
502
481
489
499
498
494
485
507
549
571
571
558
543
532
529
532
531
536
535
532
544
532
522
531
534
543
536
540
539
533
525
544
585
589
591
587
598
592
577
594
589
587
582
599
596
582
577
575
567
564
575
576
568
553
593
621
643
658
656
649
652
652
668
627
561
518
527
534
542
539
514
474
445
456
469
454
459
452
464
451
461
479
492
508
533
572
600
612
593
589
601
614
573
522
480
481
486
491
485
493
486
495
496
498
491
497
501
493
493
510
545
557
567
568
559
548
559
555
516
497
541
609
637
627
605
615
642
633
621
638
639
613
643
648
605
567
535
540
556
551
548
538
548
545
549
539
506
500
502
510
504
499
503
508
496
459
427
439
452
440
438
445
441
432
444
456
449
448
452
442
423
499
625
708
694
677
687
697
675
673
696
672
618
568
602
604
606
591
602
598
567
530
508
510
507
473
447
448
466
466
448
430
422
422
419
426
431
443
415
363
357
353
360
341
352
350
352
359
410
423
420
419
433
418
419
481
574
629
634
615
626
627
629
616
617
616
625
605
526
492
491
517
505
498
517
516
499
468
452
471
456
448
465
461
472
475
487
482
473
487
482
478
494
521
536
529
516
530
527
529
528
527
534
524
528
536
525
531
529
522
527
529
515
531
533
525
532
538
520
517
534
523
521
522
539
527
512
520
545
525
496
543
572
411
132
