624
599
542
560
588
589
581
608
602
589
591
608
600
579
603
616
572
523
470
487
479
476
492
484
468
462
464
458
457
486
554
571
575
558
580
577
568
562
561
592
606
631
645
628
627
642
633
609
563
541
527
483
454
441
462
465
456
461
494
511
499
497
502
504
488
499
508
498
488
530
595
614
611
605
607
611
601
615
596
570
556
560
558
570
545
551
560
553
552
554
549
573
582
597
594
592
588
602
605
573
521
491
490
496
491
486
500
490
444
416
414
434
432
418
424
430
424
417
407
432
419
434
420
444
469
498
487
476
477
490
486
463
475
502
541
560
575
545
494
457
474
479
483
466
476
474
486
493
481
462
471
478
472
465
489
535
565
563
555
557
550
552
570
587
610
599
601
584
591
603
570
508
479
490
504
493
491
492
494
493
517
556
594
582
579
575
591
585
535
465
429
433
449
443
421
425
448
479
485
490
478
482
482
490
466
469
510
550
563
572
573
576
578
556
548
548
554
563
580
580
593
597
588
580
585
597
564
511
479
486
491
482
483
483
488
471
474
469
468
492
530
569
568
550
557
556
552
548
563
584
587
591
593
606
600
610
578
523
484
479
494
502
473
489
520
550
591
607
541
470
440
439
446
434
428
436
432
452
474
488
481
480
484
501
484
465
501
551
577
578
567
574
575
569
573
570
572
581
579
547
494
451
446
466
469
458
463
468
474
461
458
510
557
579
578
582
586
583
571
587
583
571
548
517
526
531
528
522
529
537
536
518
531
530
517
532
522
521
527
536
536
518
522
533
535
521
531
536
528
519
530
532
525
526
546
533
513
531
549
529
507
548
566
412
132
