558
537
477
494
525
502
472
462
445
432
428
457
434
426
452
457
433
418
417
413
391
399
410
391
382
433
551
610
603
581
591
617
630
634
626
621
630
631
605
551
526
533
538
534
527
519
560
622
670
660
653
654
657
663
637
590
561
558
575
565
564
579
563
557
564
570
565
577
603
628
606
549
530
529
535
532
532
527
538
531
536
526
525
535
529
526
559
618
641
637
638
638
636
639
641
611
568
531
531
540
525
520
536
527
490
464
473
485
479
499
502
480
500
559
572
562
563
570
568
553
552
561
551
542
558
541
544
542
566
535
553
608
617
608
607
608
577
507
477
481
495
470
476
482
490
482
489
512
520
524
508
514
535
572
612
605
593
612
631
576
498
453
481
484
471
469
469
471
433
413
461
550
602
581
530
529
552
525
522
557
562
573
560
572
578
528
469
451
443
447
481
574
630
611
598
609
624
615
617
625
625
626
632
619
618
627
642
588
512
469
476
506
475
474
470
463
458
465
449
437
509
639
714
699
677
669
701
691
654
620
595
593
603
622
601
588
623
616
588
543
508
508
509
514
517
523
517
520
510
504
501
506
509
512
511
518
509
516
509
521
516
514
505
509
520
506
473
444
448
465
453
448
454
452
438
446
444
446
449
446
453
451
465
484
482
485
477
460
479
472
453
450
450
454
451
449
447
447
431
416
378
381
412
445
458
454
457
447
453
488
545
591
595
560
582
592
565
540
529
532
523
517
525
530
526
542
539
519
520
537
530
532
519
516
516
516
530
529
527
519
543
550
517
515
537
527
492
550
582
403
134
