687
658
593
620
610
561
549
596
602
557
503
498
506
482
472
462
451
463
463
446
448
452
456
453
449
447
435
430
429
439
442
428
423
422
414
426
417
419
413
420
439
442
440
432
452
462
479
486
475
460
472
464
465
464
456
443
455
458
452
466
484
486
469
466
504
576
601
602
597
606
604
611
579
591
593
597
595
597
587
587
588
580
579
584
579
578
585
602
558
504
473
469
480
479
472
476
493
473
469
481
485
475
479
486
475
464
511
592
628
626
615
623
627
616
600
586
599
609
603
577
529
503
517
539
519
493
464
464
438
451
456
448
441
457
478
491
475
522
589
632
612
625
620
598
578
582
586
579
576
588
569
512
474
494
501
478
433
419
419
423
416
421
419
432
452
469
464
450
458
458
463
442
456
456
450
458
462
465
450
449
476
511
549
534
531
534
541
539
520
539
557
566
586
598
599
586
599
593
561
503
487
488
479
492
516
575
613
621
600
573
519
456
436
436
420
379
385
472
586
653
653
624
636
646
633
633
643
645
616
572
551
554
549
552
558
561
561
533
514
514
513
514
510
522
516
534
525
522
535
525
523
532
528
526
553
616
670
670
634
653
672
639
609
577
600
577
584
572
580
584
591
576
586
595
599
587
588
590
582
581
576
569
583
585
584
572
503
474
469
499
471
482
502
531
517
517
540
532
524
520
537
529
521
525
533
546
521
535
531
518
522
533
537
518
523
532
522
521
529
533
525
528
536
536
521
528
542
518
528
547
520
496
549
566
415
123
