580
551
487
519
556
512
462
444
458
464
448
453
450
452
455
459
465
469
458
443
422
420
441
432
414
387
348
347
357
358
353
344
384
392
408
394
414
403
417
412
407
394
405
423
393
378
470
613
711
690
662
674
690
672
659
668
678
686
655
608
564
562
571
574
544
572
624
626
607
622
635
594
516
490
479
495
497
482
484
475
491
504
464
393
370
365
382
369
380
379
374
379
377
371
359
369
368
372
407
508
564
548
527
540
549
530
520
522
530
517
515
528
517
535
543
545
545
530
569
605
619
615
615
622
613
618
624
609
577
565
565
573
570
572
566
566
563
559
565
565
562
554
560
570
570
565
567
560
567
577
564
568
570
566
560
568
563
565
558
572
571
554
547
575
581
601
629
647
607
553
530
534
530
530
538
530
529
531
505
487
495
497
495
483
512
555
580
575
578
572
576
566
580
575
562
580
621
632
633
627
634
637
610
589
557
561
573
566
560
551
596
626
646
640
636
641
634
635
649
646
620
562
528
545
556
554
541
546
550
546
522
515
507
514
512
511
512
501
517
515
515
512
505
500
489
474
491
479
475
466
459
443
439
433
439
421
420
435
420
408
419
463
555
629
646
586
531
521
516
517
511
520
533
493
460
405
422
434
433
425
417
424
428
421
429
422
434
420
430
432
445
443
437
446
442
427
446
455
420
365
396
526
579
579
553
571
570
569
576
609
641
632
618
621
632
636
623
612
580
591
598
601
588
587
596
610
611
581
532
506
511
520
516
508
529
540
513
521
528
522
520
523
531
524
523
530
527
525
539
536
530
525
514
521
525
520
536
532
528
520
548
535
523
526
537
532
520
536
529
508
528
556
532
497
550
576
417
131
