659
620
567
590
613
591
593
593
548
501
513
543
521
516
519
550
567
578
578
572
575
573
579
570
542
545
533
529
543
543
536
532
566
606
615
614
621
624
627
622
588
525
500
497
516
520
508
508
515
531
582
612
610
605
612
619
611
617
611
617
620
611
609
622
639
583
496
457
468
489
462
460
466
482
469
468
477
473
475
475
474
467
476
484
466
424
415
418
422
429
427
412
397
467
581
649
624
600
634
644
627
619
617
639
608
602
626
625
619
608
623
641
585
518
475
478
492
475
483
485
499
474
430
415
420
424
430
426
416
415
416
427
435
415
426
427
429
431
422
427
417
425
417
424
428
425
422
421
425
417
431
429
412
421
428
425
423
435
431
411
398
475
564
636
630
593
604
612
625
613
601
615
601
599
581
538
502
501
524
528
511
507
561
615
655
652
633
627
652
646
611
571
547
549
547
540
545
540
536
510
517
521
520
486
483
482
466
458
460
460
465
466
461
464
475
478
480
475
485
495
515
511
500
498
516
515
510
515
514
524
504
502
526
577
591
592
596
602
602
595
609
611
590
551
500
474
446
460
457
449
450
460
468
459
448
445
421
416
426
431
421
423
456
425
397
487
591
598
482
417
434
441
434
473
560
608
586
578
590
599
592
582
600
638
646
652
655
640
637
644
638
642
636
575
564
584
588
570
585
589
550
499
449
457
465
460
455
451
460
465
462
431
400
378
365
376
443
548
627
625
588
601
618
610
598
605
596
588
601
602
609
610
608
604
600
607
598
610
620
590
552
525
517
529
520
520
533
537
520
499
487
491
484
492
493
482
508
526
531
520
517
525
520
528
525
542
523
529
528
527
528
529
534
524
522
535
534
521
517
535
524
526
546
542
516
503
534
533
498
553
582
416
136
