484
466
424
446
477
456
441
429
418
419
412
427
408
411
444
472
485
490
487
485
483
483
478
492
495
486
484
504
533
549
553
549
542
548
546
548
509
466
418
419
447
419
408
453
543
587
579
566
588
630
644
641
638
645
637
604
566
585
605
590
580
576
584
598
577
591
594
582
592
616
565
503
471
475
488
483
488
488
472
414
370
381
390
400
384
376
410
471
479
474
475
471
484
478
462
473
509
566
599
598
584
584
601
567
548
563
565
547
550
561
574
598
615
628
616
610
621
636
604
530
499
498
503
504
504
502
498
472
456
456
463
468
452
455
472
458
442
439
435
441
440
430
445
436
440
437
439
445
437
450
457
444
450
461
444
447
450
440
427
397
389
382
385
395
384
385
406
464
470
467
470
463
469
456
480
502
521
511
504
506
505
500
521
576
580
574
575
595
580
582
582
587
593
586
593
581
589
585
588
586
591
573
595
585
579
581
591
565
591
586
576
586
587
596
576
583
590
587
572
587
591
580
574
587
592
553
500
464
457
456
471
469
456
475
501
570
598
613
591
606
612
611
557
500
452
470
491
463
454
506
622
686
656
646
664
677
658
660
667
640
598
582
588
593
587
576
596
597
577
605
603
578
528
508
517
524
509
502
512
510
470
450
464
472
462
465
465
462
466
461
455
452
456
475
486
475
484
495
492
464
477
475
476
470
476
476
467
482
487
461
430
408
408
412
396
410
412
396
400
403
392
367
383
402
376
371
451
597
677
649
639
648
667
649
639
639
652
646
659
656
658
636
627
605
587
586
588
596
594
590
596
572
585
593
591
594
596
597
595
583
572
543
499
500
516
523
498
513
520
508
475
451
452
464
476
490
479
480
495
481
471
504
517
530
534
521
531
522
530
533
522
530
515
533
520
528
521
527
515
526
518
529
524
530
543
535
525
522
539
530
524
537
542
523
520
530
532
518
523
553
522
495
539
567
416
128
