565
530
474
510
523
504
497
530
521
495
520
510
525
497
534
603
622
621
618
598
540
488
494
538
595
636
640
623
611
640
642
595
532
523
563
624
617
599
597
613
606
558
503
474
494
490
491
485
492
477
453
452
432
447
434
454
450
443
484
566
637
633
569
491
454
456
462
459
466
464
465
441
483
564
630
614
576
589
607
607
594
594
608
582
582
595
609
589
538
520
529
527
520
543
527
522
521
537
567
574
565
564
561
572
598
616
612
599
614
623
603
551
538
541
541
548
563
587
592
568
576
594
590
555
512
523
504
495
529
607
628
636
609
616
627
610
614
601
600
594
599
612
607
603
602
562
507
478
479
503
501
485
495
487
483
489
492
483
486
495
519
527
534
533
522
539
527
519
517
529
519
525
540
564
581
590
575
563
579
590
546
484
442
445
460
446
428
480
575
618
606
597
610
612
599
606
620
629
628
623
608
624
634
605
553
532
533
542
541
534
527
505
503
517
524
520
517
516
501
481
485
493
494
492
497
493
478
461
447
450
450
453
456
445
452
447
450
461
507
515
505
518
528
522
501
528
601
638
615
600
629
630
611
625
635
588
514
462
475
486
483
472
490
485
482
472
478
491
477
475
528
597
653
631
625
631
646
633
635
638
635
621
639
649
596
531
489
490
494
492
489
490
493
494
504
512
530
528
512
528
550
559
582
570
568
567
568
582
576
576
574
594
550
470
432
460
448
421
485
580
626
611
591
612
596
539
517
532
533
526
525
529
529
522
530
529
528
521
536
524
522
518
527
548
532
529
534
539
515
516
529
530
505
534
549
517
504
558
578
409
129
