541
519
429
407
393
384
391
397
401
377
394
401
388
398
413
411
385
437
523
564
574
562
566
565
543
542
536
533
534
544
541
540
550
577
560
557
552
567
564
575
590
596
594
581
594
594
579
511
466
478
493
464
378
340
369
384
377
366
374
391
370
362
372
374
351
357
369
362
365
378
372
354
392
440
467
451
474
557
612
589
575
580
592
576
573
605
624
619
624
640
636
611
557
525
502
472
448
433
439
426
386
384
402
415
398
385
459
598
678
670
645
645
663
670
634
587
557
551
567
564
556
567
569
562
547
542
527
531
531
534
536
552
585
611
614
613
619
613
616
631
599
510
448
501
612
683
671
615
571
547
535
543
557
559
548
531
461
424
419
458
442
427
455
516
546
537
539
551
542
534
544
559
554
549
593
617
631
627
621
621
618
630
625
610
575
559
550
559
521
513
519
525
507
523
523
523
511
515
522
514
508
497
511
516
510
508
499
488
510
501
506
506
499
507
547
558
553
550
562
555
558
551
548
561
554
544
563
582
568
583
590
585
597
589
577
550
535
551
581
588
595
595
584
606
607
556
484
426
459
469
449
445
463
445
399
377
378
383
366
385
399
376
350
424
563
644
609
594
609
604
622
620
612
622
615
599
547
515
536
535
529
529
532
515
474
437
445
465
451
445
475
517
527
527
523
527
529
535
516
522
538
535
527
526
538
529
525
542
522
526
520
530
529
513
536
532
537
522
536
535
516
514
553
523
499
553
568
392
130
