538
519
469
493
503
476
489
478
431
367
385
412
394
393
403
412
380
393
422
401
395
431
544
588
566
560
573
568
574
560
566
567
555
574
564
565
553
566
566
556
571
568
557
543
537
545
537
543
539
542
541
537
548
560
563
575
573
549
567
598
593
592
596
592
577
521
480
490
495
468
390
363
376
373
375
363
369
366
383
434
465
467
452
445
457
459
441
457
452
455
452
458
458
436
482
553
600
588
575
591
588
586
592
586
593
614
633
635
627
619
632
637
624
632
630
627
623
636
640
629
647
648
614
544
521
523
531
523
519
535
530
513
526
538
520
467
443
448
449
455
450
456
454
455
455
441
465
461
451
445
459
455
444
410
406
403
396
404
411
381
374
459
596
674
674
654
649
661
673
669
641
583
560
555
574
575
554
564
569
565
567
543
550
535
542
557
531
525
559
611
613
613
618
611
626
623
624
570
516
467
469
482
484
472
470
524
617
666
668
652
649
668
660
636
576
537
540
547
547
533
542
560
518
452
430
436
432
420
449
519
558
550
527
538
543
558
564
566
554
558
566
560
553
581
608
637
621
618
622
615
616
632
629
625
622
627
615
558
545
559
556
557
556
552
540
515
510
518
515
511
507
524
514
504
501
508
498
508
496
501
500
498
490
496
500
540
565
552
556
550
553
553
554
546
556
564
562
554
560
563
560
558
561
569
559
560
588
592
596
588
581
585
570
587
580
582
551
549
546
553
546
549
553
548
543
549
535
560
585
600
584
591
590
580
597
611
553
490
435
456
459
455
449
457
465
458
446
466
446
405
362
362
429
551
630
623
592
604
622
620
608
613
607
542
524
535
535
529
525
547
522
465
446
452
447
446
459
447
439
468
527
533
527
519
535
532
532
527
542
535
529
543
522
531
517
532
525
522
537
519
518
538
532
531
522
532
520
520
524
548
520
492
547
573
416
130
