608
580
540
556
583
556
548
576
567
560
561
590
607
617
634
621
588
544
514
509
512
515
529
512
516
526
495
427
380
403
411
404
395
403
399
402
413
419
413
422
409
422
418
413
402
394
413
410
420
416
416
407
413
429
412
403
414
427
395
376
470
622
701
684
675
674
614
593
598
612
592
599
595
597
580
578
583
586
587
602
571
506
477
493
481
412
378
403
399
390
408
471
493
487
477
495
490
512
533
576
577
558
573
578
556
539
532
535
539
525
551
582
601
587
571
573
580
577
576
577
571
562
586
644
683
636
557
520
525
531
537
514
479
456
461
461
453
470
499
528
512
503
508
531
495
504
543
578
597
602
607
611
560
518
478
480
486
470
478
486
479
497
493
506
504
503
511
504
499
487
491
519
554
565
575
555
545
536
520
501
510
546
606
636
644
625
631
644
635
616
578
537
543
562
533
510
499
509
516
512
505
501
508
509
510
494
507
507
515
505
507
516
506
450
428
443
442
436
443
452
432
410
490
634
705
700
678
683
695
692
695
671
634
589
588
594
604
581
584
605
605
578
525
499
506
517
498
461
457
458
465
460
459
469
465
442
440
419
424
408
430
421
403
372
357
351
365
350
351
357
381
404
444
429
424
423
438
430
421
407
473
579
628
636
609
610
641
636
591
537
495
499
514
519
501
516
510
500
486
461
462
462
471
462
466
463
471
468
463
478
481
476
492
484
481
488
485
475
493
515
537
529
524
528
529
527
528
530
533
530
526
524
525
528
512
525
522
518
527
522
516
514
537
531
513
525
540
532
521
536
531
531
523
547
534
523
524
552
524
500
552
580
418
124
