609
576
518
529
583
561
538
556
566
550
546
559
562
553
549
561
571
601
638
643
610
630
629
631
588
524
512
496
507
516
510
500
503
533
586
607
606
612
589
609
616
610
602
602
612
609
582
528
483
470
496
489
470
496
492
486
479
494
467
477
484
504
476
397
351
420
517
561
546
549
562
572
597
579
580
569
562
573
592
607
604
592
594
601
606
548
498
452
444
505
587
631
621
613
619
627
630
619
616
623
623
635
601
563
527
535
544
540
534
543
546
548
536
537
543
543
536
517
515
511
516
517
514
513
512
503
481
493
489
497
486
493
493
487
472
490
494
494
459
459
463
467
475
454
472
447
436
428
430
433
435
423
431
425
422
434
451
448
449
458
489
493
504
496
486
501
489
497
511
493
491
494
502
509
498
510
515
493
506
511
502
482
492
506
493
499
493
497
496
501
495
498
490
500
497
500
492
478
471
469
470
466
464
464
466
474
466
455
469
464
469
465
466
456
479
480
476
466
471
479
471
457
445
455
457
458
446
427
410
408
418
425
399
408
459
576
633
634
573
509
480
476
477
474
482
514
560
596
593
578
585
594
597
552
472
416
412
452
443
427
436
449
426
371
373
374
371
372
396
363
357
426
549
605
584
563
575
584
576
595
643
665
641
625
638
639
647
630
599
581
570
590
545
511
490
509
495
487
496
539
531
529
538
528
524
523
526
526
520
533
541
529
523
529
535
526
523
523
527
527
515
524
517
513
529
529
524
529
533
524
515
526
529
521
519
541
528
519
518
549
514
498
539
581
418
135
