683
671
607
610
606
568
559
583
589
560
571
594
580
555
523
510
507
506
495
500
494
504
485
467
461
457
467
460
458
459
457
453
457
468
449
430
439
444
435
434
438
437
436
438
428
416
421
419
420
425
439
444
433
429
441
440
434
455
470
477
470
465
469
477
465
462
455
450
450
450
454
453
457
462
452
449
459
450
467
486
477
456
498
560
611
600
604
600
602
594
590
589
593
582
590
600
594
584
601
604
601
584
594
582
588
599
592
592
572
591
592
552
495
460
476
491
477
471
520
583
624
619
602
625
622
622
610
626
627
607
594
597
604
584
595
601
608
568
529
515
515
519
528
530
499
477
444
459
474
489
486
474
481
501
479
464
516
580
633
620
605
625
628
601
591
591
584
575
596
591
560
516
485
494
502
489
477
426
424
413
419
427
426
428
431
446
460
456
454
459
462
453
435
477
516
540
534
551
588
599
593
593
586
590
581
592
583
515
464
491
491
469
492
583
622
599
575
600
624
564
496
470
460
463
478
473
471
475
464
406
381
405
418
404
370
433
586
669
636
617
640
626
574
540
569
561
552
547
564
563
539
508
507
517
517
504
521
508
519
538
522
532
520
539
536
525
528
560
621
664
657
649
657
635
603
565
582
597
587
584
579
574
584
580
598
589
582
591
594
590
584
569
586
597
556
501
470
472
474
485
474
471
477
491
514
534
528
536
532
533
528
531
525
523
533
528
536
533
519
519
530
537
543
523
535
537
523
515
518
528
525
527
533
525
522
526
543
525
526
537
528
513
531
541
528
507
542
585
411
130
