648
614
571
584
608
595
574
594
549
511
510
537
529
503
505
556
581
600
612
595
603
601
611
601
601
609
613
597
590
603
599
584
601
596
572
522
508
519
517
490
503
526
514
500
463
450
449
456
450
444
433
458
462
469
457
472
469
436
431
440
442
444
439
446
410
401
406
438
449
479
494
477
456
516
608
642
647
629
632
638
654
651
616
563
517
518
540
530
523
526
513
481
460
469
472
466
471
482
470
477
468
463
472
478
465
468
488
558
619
626
593
597
614
621
605
591
518
488
489
488
507
505
468
399
346
352
376
367
339
369
378
374
396
411
398
394
397
418
394
373
450
600
691
668
648
669
680
637
611
581
585
586
586
584
579
584
567
543
564
572
568
568
560
549
558
550
530
549
543
534
544
555
547
540
556
588
618
622
618
617
618
619
583
547
514
524
538
529
533
534
553
553
557
556
560
551
557
554
546
536
519
519
518
510
531
516
526
528
552
571
573
570
562
567
553
567
582
591
584
591
589
588
590
567
486
443
448
468
459
442
438
459
480
477
488
488
501
497
490
506
539
572
567
564
563
567
579
549
540
541
528
543
537
545
530
540
541
560
592
638
610
622
620
626
615
584
613
622
587
542
519
532
534
507
496
480
470
481
485
478
481
483
464
464
461
473
465
474
464
463
451
432
432
438
429
439
440
432
405
422
513
547
536
515
525
538
533
524
530
525
532
522
536
529
520
535
528
524
544
533
532
520
539
521
523
519
532
512
520
538
534
514
533
529
523
504
543
536
526
527
555
527
505
550
584
408
129
