643
620
564
589
617
611
554
533
533
525
512
519
548
569
598
611
600
597
604
601
591
587
595
593
583
589
599
565
533
508
501
509
508
504
500
505
501
460
441
444
456
459
442
467
449
438
434
448
475
470
472
463
465
450
438
438
437
441
442
434
435
434
435
429
430
450
436
431
448
438
434
431
431
441
440
438
442
444
434
439
444
431
439
436
442
437
434
435
450
435
434
440
448
419
417
417
400
404
415
419
398
410
426
451
476
493
475
465
484
486
459
457
514
587
645
643
636
612
559
523
515
543
535
515
520
544
531
513
541
534
520
515
529
542
507
485
463
473
478
474
467
469
480
476
471
482
498
537
568
574
553
543
576
596
607
609
607
616
609
611
613
607
607
610
618
583
525
495
491
504
503
491
489
502
513
505
467
395
346
339
376
402
386
380
467
604
679
683
662
632
604
570
581
588
599
575
575
588
561
548
560
577
569
565
566
572
541
543
548
551
532
544
551
544
522
557
556
536
533
566
605
624
619
614
601
551
522
526
531
535
533
519
532
554
565
554
537
546
547
547
550
551
560
552
542
527
524
522
518
528
504
505
523
556
561
565
574
561
563
565
572
570
603
591
554
482
436
448
461
467
445
448
458
462
478
499
488
473
510
553
567
571
566
572
579
564
528
546
536
545
539
527
526
557
599
632
624
612
618
616
600
575
545
525
520
526
535
529
531
522
535
507
491
488
487
483
483
483
487
486
481
489
490
478
479
484
483
470
463
468
462
450
430
434
437
443
436
435
403
400
397
405
411
400
396
400
404
389
391
443
504
538
533
516
513
535
541
524
538
526
529
513
525
525
534
526
520
535
526
522
539
532
517
522
529
539
535
536
532
513
531
524
542
531
528
545
525
522
532
542
524
508
552
573
410
129
