577
555
489
541
551
524
507
570
598
610
618
625
617
605
633
620
599
557
544
540
532
542
537
525
528
535
556
577
572
582
570
583
590
564
511
465
480
486
477
483
489
476
443
418
426
450
461
486
488
484
479
506
528
547
542
554
550
551
535
521
504
506
539
596
630
635
612
623
638
639
586
494
443
437
456
467
452
454
492
550
582
587
564
565
568
576
607
624
633
624
626
627
631
611
583
561
562
578
562
579
574
577
582
600
583
578
589
597
585
568
562
551
568
576
546
515
505
520
525
527
524
519
531
517
518
517
514
509
537
584
606
615
606
604
618
618
588
542
513
525
519
525
523
526
527
531
505
446
412
413
441
433
420
437
436
424
431
448
431
409
473
573
621
601
590
615
604
585
595
615
577
496
460
470
478
469
468
469
494
478
479
489
501
479
474
513
602
662
632
615
629
647
639
639
641
610
562
520
530
539
528
485
460
463
464
479
450
442
417
418
427
422
421
432
433
444
434
442
451
444
448
444
431
445
460
475
480
478
490
467
466
471
479
480
455
444
454
453
446
440
445
444
448
445
456
450
444
449
453
442
455
454
452
428
426
450
429
412
460
586
630
599
610
621
579
519
479
494
494
486
495
508
474
416
392
395
394
404
392
393
406
442
455
443
443
451
439
434
471
588
637
635
619
633
632
626
638
619
546
499
493
523
506
484
489
513
486
478
488
511
513
538
542
533
529
535
537
537
530
535
534
525
522
545
529
525
533
524
530
527
539
523
518
520
533
533
521
530
519
528
518
533
531
529
524
522
539
523
522
531
528
529
521
534
525
518
542
536
508
533
560
519
490
538
565
413
133
