613
580
540
557
590
568
556
565
589
559
568
579
579
559
564
586
586
595
601
602
591
596
611
602
589
597
592
602
599
605
601
598
585
612
608
592
600
592
592
568
529
483
480
495
488
489
501
482
450
441
457
463
461
465
464
464
449
450
457
453
450
454
454
452
446
474
492
475
483
478
476
473
477
475
466
459
469
447
419
421
414
416
424
400
363
343
326
376
433
454
464
468
452
442
486
580
632
625
598
627
618
613
608
625
622
616
620
628
622
621
609
617
615
612
598
594
597
597
593
595
593
600
597
591
591
599
576
521
500
503
517
501
514
517
503
461
443
444
451
461
458
459
461
471
455
455
473
467
453
425
435
437
427
420
432
423
421
421
424
424
415
415
401
400
403
405
397
385
455
562
634
623
594
592
629
623
575
528
495
501
517
533
523
528
549
553
533
534
545
573
593
607
585
579
591
613
607
568
512
484
495
510
499
478
494
538
550
530
495
484
492
482
493
494
504
479
488
493
506
486
483
504
487
463
441
435
447
450
438
439
451
440
431
439
442
436
447
449
448
432
447
453
436
446
470
481
483
471
460
448
459
453
464
462
464
467
449
422
400
410
408
411
415
399
414
394
410
404
406
405
407
412
400
421
459
484
463
471
484
463
470
501
563
592
570
573
579
591
582
584
617
624
623
622
624
626
623
601
558
523
529
534
533
516
477
460
459
471
454
464
459
448
427
395
410
434
408
392
461
561
631
619
619
604
605
603
615
621
619
612
587
557
497
498
514
521
512
502
521
515
556
577
561
556
563
573
546
529
527
520
521
529
529
529
529
529
528
527
519
536
526
533
532
526
524
517
535
524
519
528
549
521
507
528
529
522
525
537
519
499
551
576
413
137
