588
566
518
553
563
566
549
563
592
608
628
642
628
618
635
635
616
619
632
588
522
498
497
506
494
496
501
497
520
575
619
610
594
606
603
606
603
607
608
601
600
616
608
599
613
618
573
507
463
478
498
479
487
499
485
472
495
477
456
400
383
372
368
413
503
561
548
540
535
559
550
551
563
582
572
573
573
584
569
566
574
580
580
576
595
603
570
487
458
464
469
471
468
469
469
468
468
467
458
497
586
635
622
609
631
639
627
616
628
622
626
620
604
553
532
548
551
533
538
542
546
516
509
520
521
515
507
524
518
513
494
481
489
486
500
482
488
492
489
499
475
490
494
495
484
493
484
492
484
465
462
468
457
453
464
454
448
437
418
425
428
431
450
459
454
456
444
454
450
451
465
490
498
483
494
507
497
502
498
486
496
486
507
507
514
511
505
515
511
494
498
506
491
498
486
501
489
497
501
508
495
491
500
485
481
475
473
461
474
473
466
483
478
460
460
468
468
459
464
466
466
490
472
479
466
473
471
460
459
449
452
449
459
456
433
420
418
409
391
455
570
637
622
602
620
602
502
461
475
495
481
480
496
483
473
495
502
477
473
512
582
603
586
593
596
585
595
600
539
471
426
408
386
361
369
387
364
374
377
381
362
422
530
612
595
579
585
593
565
593
625
649
643
633
646
652
651
620
602
589
573
574
573
577
578
555
513
483
501
505
502
490
500
532
535
518
525
535
530
531
531
531
522
538
531
524
531
522
529
525
534
534
533
532
528
539
527
531
533
525
530
532
532
540
505
527
541
526
501
545
572
413
131
