540
507
467
492
515
497
454
413
400
389
401
405
389
387
409
417
396
405
405
380
390
450
532
572
565
571
562
577
575
569
555
554
546
531
551
542
539
537
537
532
542
560
569
571
552
560
559
568
557
560
576
589
595
592
580
597
610
563
504
471
484
484
480
495
495
461
386
351
375
376
365
361
362
367
354
389
448
475
456
450
463
455
441
481
566
606
592
585
580
596
578
578
583
586
587
592
604
619
633
639
615
552
512
535
541
534
525
523
542
514
520
536
545
535
544
539
536
518
477
437
435
452
450
450
451
462
441
406
395
407
411
398
388
415
384
378
456
607
681
672
640
658
671
671
633
592
559
560
570
576
558
553
565
572
565
537
532
541
544
532
541
536
535
549
538
531
548
543
526
531
558
589
622
622
606
609
612
628
589
502
470
469
471
479
472
482
479
478
494
481
471
520
616
687
654
648
664
682
661
667
646
584
530
546
573
538
541
553
555
523
457
432
429
436
442
441
428
437
439
433
423
455
514
544
542
529
544
538
527
548
558
559
550
568
576
554
549
575
614
637
635
626
623
633
626
614
568
553
555
555
561
551
552
575
555
525
514
515
510
514
504
502
493
520
550
566
552
549
557
550
567
551
557
557
562
559
563
580
597
596
573
574
581
585
574
550
543
541
556
542
532
544
566
580
576
596
596
593
604
608
552
485
449
450
458
458
452
466
482
447
447
478
456
449
457
476
443
394
365
371
374
386
378
380
354
423
566
635
628
608
604
621
600
602
618
614
602
605
618
622
605
619
621
610
616
624
608
603
619
625
594
545
525
532
528
533
540
534
516
480
441
446
469
460
447
455
469
505
523
521
522
522
535
530
521
530
525
516
523
525
526
529
517
522
536
529
509
520
534
531
516
534
534
523
518
535
535
518
523
533
523
500
546
574
404
133
