630
585
543
573
597
566
547
575
598
588
592
608
589
590
612
607
584
602
604
572
508
476
492
490
496
480
481
474
463
455
448
481
537
589
579
559
564
569
558
561
569
570
562
565
570
575
571
569
568
567
562
567
573
563
568
563
563
560
566
567
566
557
567
562
573
566
578
571
559
576
560
584
619
637
634
634
633
621
558
516
536
540
533
519
538
536
519
478
449
442
449
459
453
461
498
501
493
499
508
491
478
515
592
615
619
606
601
622
593
573
563
564
560
571
558
560
563
568
567
552
564
553
566
570
565
550
569
557
546
557
551
563
553
547
576
591
597
600
601
573
521
488
466
448
420
435
424
429
438
457
500
500
480
475
487
487
467
487
508
530
587
580
574
553
574
575
554
496
486
491
484
469
473
473
476
463
499
544
554
550
561
587
620
604
584
595
612
605
569
510
501
501
500
494
516
563
588
576
582
587
601
583
564
569
581
583
545
459
437
428
449
446
470
501
481
486
488
493
476
479
495
481
476
504
565
584
543
542
551
558
547
564
547
549
554
572
604
585
579
600
588
578
602
595
552
495
484
481
487
479
472
472
468
495
534
561
559
549
552
556
557
547
553
548
548
557
547
550
560
588
601
598
591
585
603
611
593
575
524
485
476
527
558
582
577
596
578
572
584
596
565
474
426
440
449
437
442
455
442
435
443
445
435
432
447
477
481
482
482
463
498
553
593
579
568
581
586
560
479
439
460
467
460
455
461
468
470
478
472
454
459
470
486
475
472
465
470
457
496
553
586
583
568
578
584
576
534
518
519
526
534
526
528
525
518
528
531
523
522
511
520
531
536
518
531
532
525
519
527
523
527
524
526
531
527
520
537
532
522
517
533
520
514
549
579
401
138
