631
597
536
570
588
553
551
571
607
599
604
613
578
505
484
485
480
489
490
494
471
467
456
471
483
466
452
486
546
569
568
565
559
575
578
616
641
643
618
619
639
625
626
635
610
556
528
529
532
526
535
545
509
462
447
466
459
461
473
466
450
461
493
493
502
494
497
479
530
591
631
616
606
604
621
608
595
580
576
545
558
577
565
568
549
551
539
559
554
549
560
559
555
550
569
585
601
593
596
598
601
596
598
565
504
487
497
493
438
401
441
480
482
481
483
501
484
487
516
544
558
575
577
538
493
463
480
491
494
492
480
484
483
463
478
471
462
483
525
567
545
544
551
558
541
537
560
563
573
603
611
602
571
523
478
482
494
503
474
483
514
573
599
547
468
446
437
456
448
443
438
445
482
493
490
489
483
492
486
490
490
505
541
574
579
575
559
577
577
573
557
552
543
545
565
559
554
535
547
560
579
582
596
593
565
510
474
491
502
483
479
477
476
459
479
486
478
470
490
534
558
555
563
567
584
597
605
604
572
524
485
489
503
482
482
483
528
570
584
578
584
578
574
584
591
557
475
438
441
451
431
430
447
452
432
445
486
493
482
472
503
479
462
511
564
585
586
573
581
572
579
576
557
495
457
455
463
464
462
470
466
469
467
468
489
551
593
592
580
581
586
596
592
565
552
526
538
533
542
523
530
539
521
525
536
531
535
524
543
533
511
513
534
523
521
523
536
514
535
540
528
517
531
535
525
522
525
523
525
536
536
526
536
531
531
526
539
526
526
519
539
544
515
517
529
535
512
527
557
528
497
554
582
412
129
