497
471
425
458
479
463
438
462
458
428
411
419
433
422
434
427
430
400
398
402
397
406
412
402
392
401
410
395
393
400
409
402
403
414
395
392
400
407
383
384
449
553
601
612
591
590
606
602
602
600
608
599
587
594
595
590
555
525
538
543
532
531
526
548
596
605
607
586
546
534
530
538
502
478
475
490
486
488
490
481
474
459
454
459
456
444
456
460
441
427
439
456
435
431
481
556
605
614
593
590
613
622
571
518
478
465
495
495
470
463
533
642
710
702
680
674
693
693
692
687
681
683
681
688
693
678
689
699
702
691
681
690
697
661
620
590
582
597
609
601
565
491
459
463
478
470
441
430
453
433
430
428
446
425
423
476
549
610
607
592
592
603
609
603
605
578
537
498
511
543
563
573
573
574
569
576
566
572
576
576
573
564
575
578
577
563
563
575
577
580
573
563
569
571
580
571
564
577
602
616
613
607
616
612
617
611
615
622
617
609
621
630
627
627
624
623
586
516
485
494
503
502
502
488
495
506
494
480
544
636
698
691
669
665
687
686
672
661
600
561
565
590
578
566
578
586
567
500
491
496
493
508
559
572
555
554
562
563
547
561
569
555
553
559
568
573
565
577
573
567
578
570
568
573
596
595
568
519
480
482
500
497
483
486
545
643
695
710
678
697
691
682
672
693
705
651
574
547
559
570
558
552
560
562
557
552
556
545
513
461
453
524
632
703
698
676
672
688
685
675
683
691
677
685
679
670
683
670
680
673
679
680
696
676
678
697
696
664
620
585
589
606
602
579
586
601
603
592
594
589
592
577
594
608
551
481
448
456
458
456
468
469
438
387
369
372
388
363
353
407
509
558
555
539
546
554
575
573
573
563
571
582
575
586
572
573
600
605
599
603
612
593
600
599
610
580
543
527
519
521
527
541
521
467
463
457
464
456
469
459
456
464
513
540
524
517
517
528
527
526
545
529
538
517
530
531
532
525
528
530
523
526
535
527
525
537
522
535
526
528
531
520
537
529
538
527
528
536
531
523
520
541
526
491
553
569
415
126
