555
526
470
494
521
515
485
506
508
492
503
507
502
492
514
506
462
439
440
451
438
430
438
442
441
440
456
451
445
449
460
443
407
398
402
392
403
404
409
408
384
440
546
614
605
573
602
615
634
614
640
626
603
546
532
515
538
532
524
521
558
620
655
677
650
634
593
550
556
567
564
567
595
618
619
601
620
617
606
621
600
610
610
596
553
523
510
525
547
529
526
554
621
642
634
634
642
628
556
514
513
541
537
524
529
530
531
533
526
523
514
487
462
482
473
478
469
482
494
500
489
491
492
501
500
502
518
535
574
572
558
565
574
554
544
562
547
556
547
548
545
553
555
603
612
597
592
615
624
577
520
486
480
495
513
518
523
509
536
583
605
611
616
575
511
463
466
493
488
458
434
444
440
415
414
459
547
600
592
572
557
545
534
539
537
549
555
565
577
556
563
582
564
533
470
432
438
468
469
448
428
488
576
632
616
600
611
622
612
619
625
613
608
619
632
585
513
465
463
484
487
469
471
488
473
467
452
459
447
443
444
469
446
434
510
643
711
689
668
689
696
681
682
702
689
691
705
680
615
592
601
615
594
606
621
591
513
498
508
534
509
509
528
505
449
445
454
453
453
450
456
450
453
450
461
451
448
461
483
481
479
481
474
475
477
460
450
446
456
448
451
446
457
435
403
399
397
397
389
390
392
407
435
452
461
454
454
464
452
441
480
553
584
579
573
576
588
585
575
578
579
580
583
590
571
537
520
539
536
535
529
549
532
534
515
525
525
519
536
535
530
522
530
526
526
527
534
525
522
533
522
518
532
527
530
531
540
529
529
521
535
525
530
542
533
537
522
536
518
520
526
536
537
516
520
524
526
526
523
520
518
531
522
511
521
538
535
528
520
532
535
516
519
540
529
497
558
582
420
124
