659
627
592
608
610
607
615
571
497
433
430
435
407
401
419
413
406
415
407
386
448
619
695
653
639
667
667
656
667
646
595
537
557
576
559
552
546
550
542
540
549
548
541
588
612
601
589
598
607
565
495
460
469
467
459
466
467
461
457
422
414
474
579
630
620
610
594
610
614
610
613
615
629
584
504
469
478
465
417
384
402
420
405
387
407
414
402
393
433
486
508
510
510
496
510
504
508
512
502
500
541
592
622
603
607
614
611
613
605
614
590
519
503
494
510
504
500
524
527
484
459
449
443
446
456
454
453
439
429
427
430
421
436
432
442
434
429
424
432
427
429
428
432
430
418
428
435
430
427
434
442
433
418
424
429
413
413
392
390
385
405
383
396
419
461
491
466
461
473
482
457
457
481
519
540
544
540
530
534
540
528
517
527
516
518
526
530
520
516
535
578
602
607
600
604
605
582
597
594
601
588
594
602
588
586
597
596
578
569
565
545
527
502
516
500
521
520
504
506
544
609
626
615
608
617
583
494
453
466
487
456
455
508
570
612
609
594
600
592
597
601
596
597
591
598
609
607
594
548
525
524
537
545
556
558
544
552
556
588
612
620
573
496
466
471
491
463
479
462
462
495
558
598
607
590
599
599
609
604
577
519
491
493
500
502
484
492
513
485
484
499
503
493
494
516
524
521
520
513
519
514
510
505
514
530
511
497
541
628
673
660
632
608
600
594
583
603
593
590
592
601
587
560
545
545
547
538
553
550
527
504
480
480
483
504
475
484
500
520
527
527
525
529
528
522
535
528
519
532
537
535
519
532
530
525
528
524
527
525
518
531
532
524
518
532
529
533
522
539
514
518
540
540
518
533
534
511
525
535
543
524
537
537
517
515
524
528
527
520
529
538
516
528
542
521
490
545
588
417
132
