679
653
590
626
664
649
581
562
534
529
519
510
486
474
496
498
485
481
501
490
471
438
439
421
419
431
427
421
430
451
461
447
466
471
460
448
481
536
574
557
550
558
575
557
558
566
600
609
607
604
601
611
614
615
607
599
612
610
586
519
496
512
492
476
464
483
479
458
498
574
600
598
585
601
596
590
596
599
576
555
575
573
569
562
565
569
561
555
554
541
556
556
557
543
558
596
615
600
607
626
594
513
478
474
496
485
483
496
496
486
494
494
492
496
502
487
482
496
561
595
563
500
466
480
477
487
480
497
514
519
511
516
507
521
510
517
528
585
608
595
588
588
609
613
563
508
478
476
495
484
479
481
480
465
455
460
473
463
465
467
471
472
454
468
490
508
529
536
526
516
550
546
526
528
560
624
657
663
640
634
646
660
618
574
540
550
558
579
591
604
593
599
592
616
567
516
467
476
484
485
492
486
497
490
499
493
485
483
479
482
482
475
482
489
497
479
475
522
564
609
608
589
601
611
582
536
518
527
522
516
520
529
501
465
434
440
450
439
446
461
424
413
401
404
393
391
405
391
405
426
447
443
444
434
443
438
441
447
443
437
435
402
388
387
385
392
391
381
395
386
377
394
401
392
372
447
579
668
656
639
656
638
609
572
593
611
558
500
467
470
477
470
456
458
471
464
460
463
476
470
459
431
401
404
417
426
402
390
460
555
613
612
587
596
604
611
592
613
606
598
591
595
601
571
539
525
515
520
531
531
519
520
529
530
526
531
531
534
526
526
529
529
525
532
544
525
516
527
535
523
518
533
543
507
529
542
521
509
556
578
405
125
