496
472
430
448
477
450
453
455
456
406
417
430
461
489
490
483
490
475
476
477
472
504
530
552
550
544
544
556
558
513
445
410
426
433
410
459
545
603
569
573
567
585
572
552
593
638
640
649
638
645
640
634
643
641
640
640
645
643
630
610
585
579
588
585
579
565
574
597
566
499
480
484
488
480
484
490
468
403
377
397
404
386
378
392
399
391
411
457
485
476
469
483
492
473
454
494
557
595
589
597
592
588
567
552
562
554
546
570
607
635
628
616
629
632
632
586
533
484
457
466
469
458
457
462
459
458
451
431
432
438
449
447
450
442
433
431
439
446
444
442
445
442
446
441
428
441
444
436
448
437
440
440
444
455
449
447
424
391
381
382
386
405
442
488
471
449
462
486
509
503
505
528
559
582
597
574
592
582
570
571
575
586
578
545
501
461
451
469
475
455
449
491
567
607
597
591
616
610
605
591
606
598
610
603
606
605
587
611
565
496
454
455
484
467
454
463
485
453
455
511
615
673
656
653
656
679
656
653
669
633
597
570
592
588
583
571
586
596
565
524
504
511
519
521
499
466
464
460
466
453
457
471
458
448
460
465
459
464
462
464
460
460
462
460
467
469
460
465
445
461
455
470
455
465
465
465
466
469
465
465
466
465
462
460
450
450
455
458
466
446
456
459
465
472
472
482
484
483
475
480
464
478
479
489
458
424
406
413
416
419
408
403
404
409
404
392
396
390
388
390
382
383
381
391
398
382
394
410
381
379
454
604
676
648
642
654
673
651
641
652
653
646
661
658
659
653
656
641
603
588
607
592
525
508
509
510
509
519
508
483
463
449
448
458
459
450
462
470
493
476
486
489
492
486
491
505
530
527
518
527
525
521
531
534
520
525
534
538
519
528
535
520
516
527
527
513
529
549
532
497
561
568
414
132
