620
588
543
563
582
561
557
572
580
557
572
579
577
563
589
582
564
568
605
616
593
598
608
599
603
595
588
571
580
577
578
578
584
559
506
476
482
500
484
475
490
494
478
505
482
450
430
445
452
456
451
454
463
458
450
458
461
459
481
469
483
475
474
477
471
475
482
468
468
486
463
462
466
472
453
455
468
458
418
410
415
418
397
402
421
400
359
338
362
347
336
382
432
464
455
454
445
435
486
583
643
632
603
623
631
614
614
615
596
590
605
607
595
585
597
604
595
595
589
604
570
524
505
513
514
506
463
437
457
457
451
444
447
451
439
445
456
468
449
465
468
453
435
435
439
439
438
427
423
421
434
421
413
420
432
424
422
425
432
408
403
409
411
395
403
406
393
385
442
566
641
627
597
611
616
580
529
500
502
517
510
506
502
519
532
547
544
543
550
536
539
557
574
587
600
603
568
517
477
493
480
495
488
506
494
488
503
571
615
611
586
591
608
610
571
515
484
474
456
436
442
446
449
438
450
436
447
450
483
490
482
487
484
479
490
472
460
453
446
458
456
451
453
463
455
443
410
402
417
405
405
400
420
413
400
399
403
417
407
411
429
453
471
473
471
459
475
474
467
458
500
562
610
584
576
593
573
574
584
615
623
614
628
630
601
553
522
521
543
547
523
480
463
455
461
442
425
418
401
407
414
383
389
453
554
619
628
611
608
606
611
612
589
542
486
495
519
511
499
509
523
554
557
554
519
508
522
536
521
530
529
518
513
534
540
529
509
535
535
522
519
536
544
517
531
537
513
510
541
527
507
524
539
524
503
556
576
414
120
