529
519
451
413
391
382
379
396
402
389
396
393
406
405
406
403
407
412
400
389
446
533
588
574
553
550
545
541
544
545
540
539
541
542
540
554
578
559
559
565
575
559
557
584
596
592
583
587
597
589
580
594
596
581
515
493
485
484
492
487
450
401
359
355
355
380
426
453
454
472
441
449
484
553
599
604
589
572
602
587
577
603
619
641
637
631
643
644
606
549
518
527
545
538
526
523
531
507
459
439
456
458
438
437
453
446
440
445
457
443
445
458
445
401
390
411
410
385
399
417
401
377
456
596
688
683
648
653
663
653
646
665
669
652
655
648
666
662
663
643
578
555
567
575
553
553
570
560
552
530
539
540
524
541
543
536
535
550
537
537
540
531
538
540
532
556
593
627
630
603
596
631
639
580
527
466
473
490
487
470
463
488
472
462
469
527
604
668
667
660
658
671
648
661
643
580
537
538
553
555
543
555
559
527
460
428
443
426
419
447
508
546
554
535
546
568
559
569
563
573
563
562
568
554
583
617
632
624
633
623
617
628
606
564
549
559
567
571
550
551
561
560
553
575
560
550
557
563
549
520
511
516
515
514
508
512
510
508
501
501
500
502
504
511
505
504
505
510
508
495
494
524
535
567
554
550
554
555
548
550
556
555
566
557
573
580
586
596
587
579
577
583
576
564
537
552
565
543
534
558
585
606
592
599
593
598
608
601
598
614
611
585
480
438
450
478
449
365
369
379
370
354
426
557
625
600
603
607
610
609
596
617
618
601
613
619
616
606
602
615
593
539
538
532
547
542
520
469
441
453
450
438
450
443
456
446
468
516
540
536
527
517
534
541
519
523
529
528
535
526
529
537
530
535
532
526
522
527
527
523
530
530
525
519
539
527
515
522
531
527
524
524
535
533
520
529
522
520
532
541
527
516
530
533
533
521
538
524
509
539
543
524
499
555
574
416
138
