562
534
480
517
536
511
521
608
642
618
614
628
617
600
620
636
620
621
625
603
524
487
539
606
644
622
629
630
649
634
617
623
632
608
533
480
501
525
502
484
509
546
573
617
611
596
598
604
605
593
603
624
584
501
470
493
483
446
438
455
448
424
486
576
631
609
610
641
627
572
490
454
449
466
470
473
446
496
570
629
607
602
598
601
585
596
600
605
605
593
604
592
596
598
578
545
528
533
532
535
528
528
527
527
559
579
562
562
571
567
556
582
587
610
613
602
610
611
610
612
608
608
582
548
533
548
550
543
526
536
561
573
586
597
583
563
531
512
500
512
515
502
504
531
592
634
631
616
627
625
621
617
627
616
618
625
626
616
613
624
617
613
598
599
602
591
584
592
607
575
524
484
487
494
496
498
491
505
515
508
514
539
560
576
596
591
578
572
585
557
474
432
483
575
639
626
604
607
603
601
606
618
637
619
630
632
623
618
636
634
606
563
531
543
536
537
545
549
537
525
525
522
514
520
514
512
517
520
514
495
496
495
484
485
500
489
492
464
463
442
455
449
457
450
452
454
458
461
449
448
456
445
456
443
452
454
454
460
454
453
449
455
458
450
456
464
467
447
457
464
453
441
452
465
450
436
476
517
527
518
518
521
503
533
610
649
602
515
469
482
493
472
477
498
477
474
495
488
486
467
516
592
640
655
628
630
635
628
619
632
646
612
529
491
488
505
510
482
501
489
489
500
525
532
521
514
525
532
512
522
564
578
574
572
575
569
576
578
597
552
485
443
444
454
459
446
452
458
447
447
464
448
450
454
458
434
440
495
565
617
615
603
618
614
608
614
597
610
609
610
619
605
607
608
607
605
612
605
612
615
611
609
615
626
594
549
519
521
525
526
531
530
531
526
535
535
535
527
522
529
530
526
540
530
523
525
530
531
527
515
540
534
522
522
528
526
524
533
532
535
524
529
535
516
514
531
530
522
517
541
515
487
547
579
410
128
