534
523
481
464
441
382
375
401
416
389
392
401
408
394
408
417
408
402
397
455
529
587
572
545
559
570
575
560
549
551
536
532
549
539
548
553
576
563
567
563
564
566
575
592
592
591
590
610
595
563
503
478
480
494
492
478
484
507
498
456
402
359
364
383
378
370
362
385
439
467
452
456
460
461
448
458
491
570
602
588
583
580
591
581
590
601
620
639
646
642
627
634
643
611
558
519
526
541
536
529
520
476
438
440
451
467
437
418
406
389
392
409
419
391
375
451
597
675
673
647
656
682
667
631
589
568
560
555
571
570
578
572
548
536
540
542
551
546
527
553
608
619
611
610
615
581
509
452
480
500
478
473
481
494
471
475
486
462
452
521
623
683
668
647
658
673
671
627
578
534
540
550
547
539
545
557
523
454
425
424
453
512
550
545
535
552
555
562
548
552
571
576
563
566
549
563
557
568
574
571
554
564
569
605
632
636
625
632
630
623
618
629
639
623
617
627
630
626
628
611
629
617
627
623
611
569
555
549
562
545
551
561
566
553
518
516
521
514
510
526
517
508
503
498
508
508
490
501
501
498
508
507
492
513
541
563
559
541
556
560
565
565
569
562
552
571
555
572
574
586
581
584
587
578
582
583
587
577
556
549
551
552
545
550
551
543
548
576
597
601
590
589
610
597
593
605
598
562
490
451
452
471
472
447
454
476
443
381
369
385
385
367
378
384
365
350
433
551
627
615
593
610
612
604
596
616
615
607
610
614
614
612
605
555
516
530
532
530
529
543
527
475
452
462
466
439
460
513
540
522
529
537
534
520
530
532
522
537
528
536
524
538
535
532
524
536
523
510
523
545
525
532
538
544
507
516
538
516
493
533
573
397
131
