631
615
578
571
559
525
537
593
605
565
567
597
587
558
558
543
531
530
544
548
527
536
539
553
595
633
637
616
605
630
626
591
539
495
495
513
510
509
508
524
596
628
616
597
609
629
576
496
451
476
477
466
459
479
446
425
420
429
417
424
432
418
410
469
590
648
639
613
636
637
613
618
629
620
605
614
617
619
617
632
590
510
473
485
482
488
475
488
472
423
417
427
430
431
417
409
464
561
625
615
605
616
613
595
585
601
596
587
595
576
541
497
519
530
524
506
543
607
659
649
639
635
652
651
611
578
546
537
544
540
550
551
549
540
545
554
549
541
513
511
502
502
490
487
482
487
481
493
488
481
474
493
484
485
481
477
481
490
487
476
492
480
510
494
473
462
456
463
476
458
459
453
459
472
460
473
474
461
472
482
505
524
506
505
528
521
514
532
576
617
588
588
592
591
599
603
598
593
591
594
594
590
590
606
588
543
517
517
521
528
518
523
524
523
498
463
445
450
454
456
444
447
457
456
465
439
436
429
426
431
429
425
423
428
422
423
429
436
432
417
424
427
421
430
424
427
439
436
428
409
470
553
633
632
569
471
437
432
451
451
433
425
444
449
441
431
484
547
603
592
571
584
596
586
581
601
630
644
651
632
631
641
656
630
591
560
571
579
581
571
580
584
544
494
447
441
460
465
432
395
369
381
377
392
382
384
379
391
380
376
372
375
381
370
385
388
383
381
376
385
381
387
377
369
373
383
373
359
387
385
371
357
439
550
625
615
601
611
604
604
595
611
611
595
601
614
597
601
600
593
546
522
523
533
543
517
517
530
539
520
509
492
489
500
490
483
498
498
491
492
511
529
519
519
525
533
522
511
538
540
531
519
520
531
532
529
535
521
517
521
537
528
518
543
525
509
520
555
520
501
555
581
420
120
