499
476
419
437
474
440
424
430
450
418
416
432
431
399
414
419
394
374
443
558
612
563
507
544
593
591
594
604
591
547
523
526
540
522
523
542
517
489
471
486
495
481
478
489
484
469
463
444
447
446
470
458
435
450
458
439
421
447
459
430
422
465
554
611
620
607
589
598
607
614
570
526
468
471
488
502
472
464
536
642
696
698
672
681
698
687
692
688
691
685
671
690
670
616
580
599
612
599
581
603
611
567
511
466
464
474
456
462
474
460
431
429
439
422
418
479
557
618
600
591
596
603
603
602
576
548
519
513
534
522
518
518
544
561
564
584
577
572
563
571
586
606
622
623
611
611
619
622
617
612
613
623
594
529
489
502
510
505
499
516
496
485
540
643
696
679
667
674
680
679
697
671
603
558
569
584
577
569
578
553
508
477
499
500
493
489
506
495
481
507
551
569
568
556
557
575
564
565
560
571
577
579
589
593
590
577
577
579
564
528
478
472
537
634
708
704
681
676
707
705
661
583
536
538
569
568
522
490
476
490
476
483
488
469
456
529
638
692
672
665
689
671
621
584
590
611
600
583
607
593
592
583
584
598
558
493
464
432
397
368
365
375
388
373
354
417
507
562
544
550
553
558
556
540
553
549
541
546
569
585
589
611
590
597
588
597
606
577
548
525
521
523
515
486
456
455
479
502
532
541
531
516
536
528
531
533
530
536
530
529
538
523
512
524
537
528
528
533
536
531
530
533
531
506
525
537
530
516
529
540
513
526
543
513
490
541
575
418
127
