454
443
399
409
419
422
456
506
491
467
481
499
535
539
551
550
540
549
562
521
455
417
414
439
447
429
425
454
533
579
576
562
577
580
595
620
647
642
623
598
597
594
589
580
581
585
599
563
501
462
474
479
476
477
489
487
481
477
489
459
420
384
399
398
391
381
396
405
384
391
413
450
485
487
477
466
498
556
607
591
580
578
587
593
584
570
563
550
562
571
553
556
566
606
621
627
604
626
631
577
530
490
486
498
491
496
487
468
450
459
469
471
449
464
462
466
452
459
447
437
441
426
438
449
438
444
434
434
449
456
441
440
452
448
425
405
379
379
387
391
381
390
402
450
472
473
472
481
476
476
468
502
510
499
508
511
522
510
496
528
575
579
575
595
583
584
585
585
592
574
581
584
577
565
581
584
562
495
450
462
464
463
498
580
617
601
576
602
608
602
583
530
456
448
522
613
675
678
666
669
661
666
657
606
575
572
589
590
574
527
521
514
509
516
507
503
517
516
497
470
456
460
474
463
459
458
453
463
466
467
448
459
465
460
450
453
456
469
470
466
461
456
457
457
468
486
471
478
482
471
479
487
475
471
477
480
475
477
485
458
427
407
395
412
409
404
406
422
415
416
414
394
394
383
388
395
383
376
442
598
672
665
643
643
654
596
574
600
609
590
583
605
609
572
530
518
502
493
504
520
519
504
472
457
447
452
455
458
454
457
469
457
474
486
483
476
488
526
537
523
516
532
527
523
520
524
523
524
532
526
534
536
529
521
520
527
546
524
530
533
515
517
540
540
511
533
539
536
523
526
538
527
522
527
532
516
535
547
509
494
552
583
407
122
