694
661
604
636
647
632
623
636
633
617
635
642
624
630
652
609
552
520
536
540
532
526
532
493
480
494
500
488
485
489
489
438
427
425
427
427
416
432
433
421
421
408
425
460
460
462
484
539
574
567
558
556
566
557
562
573
561
558
555
551
577
597
616
615
593
605
617
616
574
537
487
495
492
506
474
478
495
478
470
503
571
611
602
590
603
585
566
554
559
550
553
567
561
548
573
604
617
611
616
608
618
607
617
620
603
613
607
616
621
613
599
610
621
616
582
510
483
480
492
481
476
487
491
480
483
500
506
486
498
499
500
492
523
564
588
579
584
581
580
583
582
574
594
598
554
514
461
484
497
490
475
484
494
512
513
522
509
519
517
513
517
538
587
602
606
584
594
608
591
590
609
587
594
605
603
572
504
480
475
488
478
486
480
490
487
483
471
470
468
466
460
466
477
466
467
461
475
514
539
539
516
534
567
614
672
676
626
569
538
551
558
550
551
556
566
553
578
600
597
601
620
613
573
503
476
473
488
484
480
478
512
576
595
595
591
581
596
598
604
588
532
495
512
520
520
501
516
528
508
457
434
445
447
434
445
437
446
438
434
405
397
402
393
396
403
408
400
402
440
447
443
434
438
446
435
449
450
448
435
441
454
441
437
436
442
431
448
453
447
392
377
398
386
386
386
391
375
394
408
381
363
450
597
681
653
641
657
639
592
575
594
595
575
588
604
553
490
470
468
454
427
413
408
398
454
553
620
612
588
609
603
594
599
602
586
575
587
588
589
576
602
601
594
583
576
544
515
534
537
538
526
529
532
527
528
549
532
514
525
532
530
526
529
538
524
528
541
543
528
535
531
524
523
530
533
518
523
542
525
516
535
525
513
519
532
550
515
526
548
531
505
548
569
415
123
