565
543
487
524
548
494
456
454
449
441
452
465
464
445
452
465
449
460
465
461
450
453
440
429
411
432
434
410
378
351
362
358
376
362
343
355
375
380
418
424
405
402
415
409
392
372
466
623
697
678
663
687
663
601
563
580
590
584
604
620
624
613
609
622
615
621
614
634
622
619
623
622
621
623
635
615
606
617
637
626
583
534
463
399
369
377
384
368
354
415
500
553
556
551
553
558
549
527
526
523
508
514
509
497
538
537
540
544
537
549
564
593
620
622
606
613
622
620
622
603
578
577
562
572
570
580
567
570
555
565
566
567
560
556
568
571
555
573
565
564
569
586
624
632
642
629
624
636
634
621
553
523
531
543
514
526
537
525
501
498
485
495
486
495
502
495
512
556
584
571
568
586
610
631
627
616
621
592
567
558
564
573
557
563
594
615
634
644
641
640
649
638
616
560
514
503
518
522
511
529
513
499
485
492
482
479
485
484
485
488
486
484
487
475
461
448
455
454
438
447
453
444
425
420
437
415
411
418
435
420
409
459
580
636
621
610
623
593
610
610
596
537
493
506
524
508
508
525
500
458
418
422
428
413
422
427
426
420
426
427
437
438
438
437
435
438
440
426
439
440
453
431
420
390
352
352
412
524
588
570
551
583
629
631
604
592
611
601
585
614
612
582
538
527
528
527
527
514
517
527
533
514
530
522
521
527
518
539
523
534
539
536
540
531
526
527
518
521
518
530
523
516
531
529
521
531
536
524
519
527
533
531
522
544
530
514
526
546
516
486
551
581
409
125
