589
583
518
541
581
567
535
568
573
566
557
569
578
601
626
629
623
603
629
640
591
537
501
505
522
500
502
543
592
603
611
603
597
617
607
595
594
612
604
573
512
469
483
492
481
474
481
470
398
355
365
378
365
358
386
386
372
355
410
503
568
549
525
536
545
542
555
567
583
566
564
570
589
598
586
590
591
598
599
611
597
591
603
610
581
497
452
463
485
454
434
496
596
636
630
632
626
626
619
618
625
622
621
622
620
625
633
631
608
558
520
527
553
550
543
525
515
498
494
494
494
493
493
495
494
481
491
484
503
496
475
486
482
490
481
457
460
464
464
459
463
455
441
433
424
433
433
434
445
458
440
449
464
449
436
459
484
502
497
492
492
503
505
513
502
504
512
518
503
499
505
511
505
495
502
500
503
494
504
497
488
492
497
490
491
491
496
501
505
496
491
496
506
498
491
496
499
487
464
466
475
481
472
465
466
455
461
467
454
449
459
458
461
471
485
468
467
463
474
472
470
469
480
464
447
454
443
460
459
452
434
459
462
447
421
405
413
405
417
424
408
398
451
561
631
615
591
612
617
613
605
627
586
511
467
482
487
480
476
479
478
507
570
603
585
578
594
595
589
593
592
595
586
591
587
601
599
546
480
421
425
452
435
431
442
437
408
389
381
373
383
381
369
364
419
541
597
587
580
578
594
588
572
602
637
636
627
645
639
644
624
590
563
561
576
575
558
516
496
493
506
516
498
492
496
520
527
521
525
527
527
533
540
532
518
527
521
531
520
528
530
519
535
527
521
523
539
535
526
523
529
522
529
535
536
523
527
557
522
495
548
569
416
123
