517
492
447
458
493
481
452
462
514
580
615
616
633
636
585
482
421
422
439
453
503
530
545
506
518
549
527
523
534
557
558
559
554
552
565
612
642
641
638
637
626
634
643
628
620
608
594
592
596
577
593
601
595
609
562
492
455
460
480
489
454
423
397
406
422
413
398
404
420
400
390
442
532
584
574
557
572
566
561
560
550
549
533
546
549
543
533
553
548
555
548
570
565
566
558
566
561
572
584
587
584
578
579
580
580
583
560
553
546
563
570
555
562
579
578
581
555
527
510
498
509
516
497
495
531
570
604
608
595
591
600
588
557
535
551
542
541
544
539
534
541
537
551
535
541
542
547
571
562
575
568
564
571
583
570
573
566
571
568
574
568
567
563
572
572
559
533
512
511
511
518
509
520
513
526
528
544
549
536
542
525
528
563
632
672
662
639
650
661
656
653
662
668
644
652
668
672
629
563
521
519
532
527
530
532
533
535
574
594
604
588
589
606
590
586
587
601
583
578
574
585
583
582
584
590
578
582
586
567
580
586
570
592
578
583
586
583
584
588
587
581
602
576
586
592
567
532
511
518
526
518
513
523
519
500
531
584
622
616
613
624
633
628
622
606
553
522
514
530
539
520
516
558
617
660
652
641
621
667
660
602
527
469
479
482
494
479
479
467
452
474
467
458
499
602
661
650
615
636
644
592
522
476
481
500
492
475
495
492
470
508
558
589
569
577
578
576
521
520
525
527
525
529
521
513
533
569
605
603
581
601
591
598
586
574
559
560
563
559
565
567
555
538
521
548
548
533
521
569
633
679
679
656
671
663
655
666
666
647
593
561
576
582
573
573
577
572
536
507
522
527
520
524
530
528
520
539
526
518
522
527
526
519
530
538
527
528
534
535
528
520
536
521
505
522
546
516
504
548
569
405
127
