641
624
574
591
567
512
508
538
517
506
538
595
603
593
613
596
600
603
600
590
585
583
582
576
585
598
570
522
509
496
510
499
505
500
465
452
450
461
437
448
456
449
462
461
476
467
466
470
468
471
463
452
443
447
451
444
439
426
406
400
416
401
400
420
473
485
468
472
496
471
475
505
593
653
643
631
633
640
629
634
650
624
539
525
530
545
521
523
542
537
511
488
474
470
468
468
481
474
478
480
473
459
495
543
553
564
554
571
563
553
562
578
589
610
625
584
525
502
498
492
486
501
522
464
385
342
356
351
370
344
347
381
397
399
400
398
398
389
409
401
391
382
402
411
391
371
447
599
698
684
651
658
673
664
632
605
576
580
593
585
571
552
566
572
557
560
564
570
554
559
563
568
553
539
550
545
541
538
552
531
528
556
599
607
614
614
613
623
589
536
527
531
524
512
522
541
549
540
557
563
547
528
516
510
510
516
529
508
520
529
555
566
565
585
616
598
582
587
598
560
486
443
449
458
456
443
450
451
458
475
487
467
466
466
512
533
568
571
567
571
573
566
562
569
565
573
558
573
559
558
564
560
577
561
548
524
538
543
548
531
518
565
604
624
620
626
613
605
606
609
598
604
616
590
566
522
536
531
518
528
530
531
498
476
486
491
490
475
479
486
479
485
490
492
473
477
473
466
467
466
483
449
462
463
467
443
432
438
440
424
438
450
440
427
449
442
428
406
406
400
398
433
505
541
529
519
532
538
520
520
535
537
518
512
528
545
524
521
519
524
532
534
530
525
534
532
526
520
530
522
529
528
528
518
529
536
531
523
531
531
515
523
521
527
522
526
543
533
509
532
546
528
505
563
578
407
125
