678
651
610
625
649
628
618
640
608
564
579
585
582
574
592
574
522
492
513
518
505
500
506
495
472
449
458
461
456
459
459
459
451
450
447
443
446
445
445
439
443
439
421
425
421
420
413
423
430
432
421
428
434
423
428
432
432
419
454
453
434
441
451
439
434
446
476
480
476
474
473
477
459
465
457
451
450
460
449
453
462
478
478
480
472
478
475
469
509
557
614
606
597
604
606
608
595
598
595
597
593
601
599
595
601
592
598
590
595
597
588
593
587
593
602
596
590
604
594
577
578
592
591
582
574
596
579
583
580
579
580
575
591
586
579
576
582
551
493
474
468
484
473
476
486
474
474
480
474
480
484
474
482
467
516
588
635
626
612
612
629
616
624
616
621
625
619
607
598
601
583
594
601
605
593
603
610
598
588
597
602
566
529
516
509
516
517
521
522
503
457
456
454
450
461
485
477
477
493
494
482
482
495
474
481
516
580
626
632
608
607
615
603
609
591
585
583
579
580
590
587
565
509
484
497
502
490
489
496
496
492
482
480
501
484
483
440
416
408
418
420
417
425
452
446
457
453
455
465
521
546
562
526
534
549
533
530
563
590
585
580
588
608
605
569
503
472
480
497
494
474
470
511
564
623
618
570
491
454
454
467
467
453
422
391
376
457
578
646
646
640
654
631
578
546
550
573
555
514
516
514
523
512
513
498
500
504
513
508
500
502
529
526
523
528
529
521
515
562
623
657
647
653
650
643
641
657
641
596
570
562
592
569
581
585
594
580
587
604
588
596
591
590
584
592
579
585
575
583
582
581
586
597
550
500
476
463
486
474
470
489
482
487
517
528
527
518
527
544
526
512
528
533
537
525
539
538
532
523
539
528
525
537
528
532
517
531
526
531
536
527
522
522
536
539
515
526
539
529
501
522
546
511
497
546
581
412
131
