492
472
436
453
474
445
438
439
423
405
417
428
416
403
416
416
412
408
413
400
436
466
498
490
470
485
486
484
484
494
489
476
495
539
540
547
540
531
541
541
549
528
452
422
411
433
435
419
419
469
543
589
594
575
576
593
589
630
654
655
629
637
646
645
630
601
575
575
577
595
573
578
604
581
512
465
479
501
463
470
484
493
463
403
384
389
398
403
395
396
406
401
383
388
413
459
485
476
484
469
465
498
569
601
593
579
586
599
592
587
597
599
593
569
551
563
569
555
553
561
559
606
636
640
587
523
506
504
504
492
502
512
487
467
461
461
462
460
463
457
447
433
439
441
446
442
449
438
443
441
447
426
399
386
385
396
394
387
384
405
447
481
470
461
467
460
467
465
469
457
470
505
503
508
501
525
511
498
528
577
583
593
571
586
583
583
584
589
589
545
485
454
471
481
466
492
566
629
574
492
465
485
467
454
514
621
681
677
658
670
677
664
660
661
632
606
588
575
583
593
568
527
499
522
520
508
506
523
519
491
473
463
452
461
460
470
449
457
458
459
457
462
460
458
462
461
459
464
472
481
495
481
472
493
483
476
476
488
479
465
477
493
475
419
409
421
418
403
400
417
412
369
382
405
378
364
451
596
677
664
647
657
657
621
599
595
586
593
598
595
586
585
593
578
524
491
506
472
445
443
449
451
446
462
461
453
467
481
489
486
486
499
470
481
491
530
534
514
525
519
527
525
528
510
519
536
525
522
532
536
529
520
529
535
532
515
528
539
518
509
535
539
503
522
542
528
489
537
565
415
112
