537
530
480
502
519
452
427
434
458
430
435
450
464
421
418
411
401
399
414
411
379
375
442
550
601
593
582
585
580
599
616
631
629
631
629
607
557
527
519
537
539
518
515
568
637
664
654
643
644
660
652
668
641
584
551
556
570
582
595
604
612
612
598
614
620
590
551
519
534
534
515
528
561
614
648
637
628
630
646
652
608
542
519
527
520
492
461
480
476
470
469
492
474
471
475
478
468
463
475
477
488
507
496
498
506
496
509
545
562
566
555
565
572
571
541
550
555
543
550
566
600
601
611
612
595
598
602
607
567
522
472
478
500
515
513
505
535
583
612
602
592
602
610
588
508
460
466
491
462
468
479
468
437
424
438
457
421
423
474
556
599
594
579
583
588
588
586
590
584
549
526
537
537
545
554
578
576
545
555
560
580
542
475
449
446
453
454
453
439
439
489
583
627
626
621
620
628
616
616
626
592
510
470
476
488
483
469
496
487
482
462
484
489
478
460
477
455
436
501
631
708
703
682
700
678
607
586
605
608
586
600
614
585
517
512
519
525
503
515
516
492
461
448
452
464
462
452
440
455
457
445
460
454
465
471
471
471
478
471
475
471
458
454
435
446
440
444
453
444
403
378
387
402
401
399
402
402
381
400
456
467
452
445
452
456
444
478
560
590
575
576
590
570
533
510
529
519
523
516
545
531
522
524
528
526
538
533
527
525
535
520
522
527
531
531
527
524
530
519
527
529
523
522
520
524
536
525
528
526
517
521
541
531
513
521
545
520
502
541
565
425
133
