497
465
444
440
462
455
452
450
435
412
421
417
434
419
427
433
407
408
391
404
413
388
384
431
544
613
604
579
600
598
543
528
536
539
553
588
608
604
607
617
592
544
519
534
527
494
476
494
487
476
483
494
483
457
465
468
452
458
459
456
461
442
443
435
449
458
425
422
487
563
616
603
580
595
625
613
567
511
483
469
486
489
495
480
477
543
636
712
690
681
684
700
682
682
700
665
610
576
582
602
592
593
612
607
574
498
459
462
467
459
461
474
473
447
425
431
431
414
423
430
424
408
468
562
606
615
594
579
551
517
508
524
530
520
524
522
519
514
530
525
520
519
522
528
513
519
529
522
516
522
532
557
585
574
570
572
570
576
575
583
583
577
576
578
576
566
572
576
586
584
615
631
622
620
614
611
614
609
625
622
586
534
477
474
498
504
483
476
546
639
686
703
688
654
596
572
587
591
568
565
586
554
507
476
491
503
496
498
497
489
503
545
568
571
570
575
567
575
562
570
576
591
593
594
587
577
584
586
590
561
507
467
497
505
473
474
548
633
696
699
682
684
688
711
655
575
532
550
545
562
560
558
528
488
462
470
477
481
469
464
512
620
706
692
660
685
704
658
612
599
593
585
595
614
560
487
444
462
455
460
459
450
377
359
369
365
345
400
504
559
547
533
548
555
541
543
561
541
533
564
577
592
577
582
573
568
577
591
597
596
585
595
589
610
583
541
517
524
538
512
466
450
457
459
457
460
456
455
508
534
534
534
532
535
527
523
524
528
532
516
525
531
525
539
526
527
540
522
530
534
532
524
532
528
518
518
536
548
517
530
533
528
490
540
573
408
128
