482
463
433
455
461
449
452
456
453
443
446
458
459
450
451
419
430
413
423
417
427
413
418
436
463
495
481
491
488
503
490
506
529
556
544
539
560
532
538
556
518
465
409
427
430
417
417
432
422
414
427
435
414
405
468
545
585
577
570
581
575
562
597
631
641
643
635
637
632
642
633
611
569
580
603
593
584
569
591
601
549
494
475
488
487
470
478
491
491
449
410
389
388
382
400
389
390
409
465
482
474
468
475
466
471
503
569
605
604
595
585
583
567
555
551
565
558
552
555
570
601
634
611
623
631
599
526
486
501
516
509
500
501
505
499
496
499
507
490
471
458
458
461
459
456
450
441
447
441
442
449
447
443
431
439
437
451
443
457
452
449
456
446
428
450
435
397
384
391
404
386
369
401
445
462
470
467
464
469
462
476
506
508
521
518
502
510
515
507
509
512
514
501
527
564
585
582
574
587
588
584
579
581
569
581
594
584
538
494
458
460
473
470
461
457
498
561
601
608
592
566
514
456
439
507
629
682
654
602
576
578
591
566
526
516
511
515
528
515
507
512
493
462
439
460
467
454
460
455
467
457
453
470
461
457
458
469
463
453
465
465
463
459
471
468
463
458
463
479
486
485
492
483
482
488
487
485
480
475
479
477
486
488
474
434
394
402
403
410
416
413
398
394
381
385
391
388
401
390
393
394
384
383
401
392
377
398
410
389
373
454
597
679
655
585
584
605
588
580
607
602
579
528
509
511
508
502
519
518
517
467
442
448
448
459
452
452
455
454
464
484
490
476
473
488
489
470
487
516
541
533
527
534
540
528
521
534
538
520
527
531
523
521
533
542
526
527
531
523
519
524
533
516
525
549
517
501
554
576
409
125
