651
620
563
586
619
595
584
591
559
515
510
534
541
552
596
606
561
531
544
544
534
555
554
534
523
559
613
609
620
625
601
611
619
622
582
526
504
494
503
512
517
517
497
534
586
618
610
610
619
588
500
453
463
476
475
470
470
468
431
424
429
436
426
430
410
403
462
586
654
642
607
620
633
613
598
630
621
614
627
642
587
505
475
471
476
458
469
495
472
424
421
424
412
417
426
428
408
468
559
633
609
604
610
610
585
584
609
604
594
602
598
573
538
529
522
529
527
509
500
546
616
651
629
561
542
539
525
503
521
525
517
513
524
505
481
478
495
492
483
465
461
460
457
465
473
469
463
461
462
447
466
465
485
468
475
463
467
475
473
475
474
486
508
511
503
508
533
514
504
525
575
601
602
589
591
596
603
599
597
603
585
605
605
594
604
612
592
539
510
516
523
518
517
521
528
522
528
529
523
516
521
524
476
449
449
468
458
450
428
425
422
438
435
421
414
432
417
427
435
420
423
429
428
444
424
430
440
439
420
431
476
569
620
629
605
603
634
626
590
475
441
442
444
439
429
435
435
476
545
605
600
583
598
581
574
596
632
655
649
634
643
640
643
634
635
645
641
648
637
633
641
623
589
572
591
586
577
568
595
551
476
444
454
454
447
457
458
440
400
370
371
378
383
378
381
378
382
366
351
440
541
631
608
598
602
622
609
592
604
609
607
601
597
606
597
592
602
614
601
619
619
605
600
610
624
610
604
598
600
603
611
611
621
612
596
614
615
577
550
521
520
523
524
517
532
532
523
529
527
528
520
524
538
537
531
532
532
534
513
498
492
472
506
500
493
480
489
496
525
521
519
517
522
520
539
529
519
514
529
533
522
532
529
527
521
528
525
529
528
526
528
523
520
538
529
521
531
535
520
517
537
544
511
523
548
529
496
549
578
405
131
