544
526
490
506
526
501
522
593
621
612
579
530
499
502
487
490
535
594
632
639
623
597
550
490
483
527
585
605
607
595
611
601
604
607
590
620
625
573
499
465
482
494
485
483
492
492
488
496
477
476
450
449
432
450
462
442
431
487
592
622
622
599
610
623
613
594
623
628
579
493
450
459
471
463
449
501
577
611
601
602
598
605
595
589
592
597
593
597
610
609
584
544
520
525
536
548
554
571
566
572
591
631
602
548
541
558
582
579
586
581
585
582
575
586
519
491
508
514
501
480
533
588
627
616
624
610
631
608
624
616
602
593
609
611
602
605
621
575
519
481
483
503
497
519
527
539
531
530
527
516
535
564
600
582
548
498
451
433
459
467
435
430
478
574
627
613
599
608
599
619
627
611
627
627
631
618
626
635
600
568
544
538
547
544
553
546
535
524
519
522
518
509
524
520
498
493
495
497
497
476
460
465
451
452
453
443
447
455
453
455
452
462
461
458
458
449
454
453
452
454
453
445
452
451
448
451
448
453
456
455
453
456
464
448
447
448
466
449
440
479
512
525
529
517
510
509
546
588
629
629
626
597
629
629
595
513
480
484
488
488
476
479
490
488
481
477
491
489
480
472
496
470
473
518
595
650
657
622
631
640
600
523
488
494
504
495
492
499
501
507
524
523
530
529
532
527
522
539
579
585
583
587
587
556
485
439
457
463
457
448
480
573
621
615
602
604
621
616
581
540
526
527
540
528
527
526
527
526
530
526
523
528
525
529
542
536
522
534
538
522
517
526
534
529
526
539
535
518
525
543
514
499
549
577
417
134
