538
530
517
581
646
635
585
603
624
621
588
538
514
498
488
514
523
494
491
537
608
599
541
484
493
513
509
517
502
509
535
587
617
605
594
602
602
595
604
586
518
472
475
491
487
486
483
465
440
442
457
440
425
484
584
632
627
598
617
617
625
582
489
451
450
468
456
489
564
625
599
576
598
607
599
592
607
611
593
594
596
574
534
520
544
531
518
542
535
516
531
525
529
526
525
529
541
538
536
517
533
558
578
559
564
570
585
569
563
581
593
616
604
603
609
607
609
620
602
585
563
520
529
549
550
532
574
593
583
570
585
600
560
517
505
506
503
501
516
503
498
502
510
502
507
523
523
504
504
516
499
497
534
601
630
624
622
615
612
627
623
575
510
478
493
491
492
476
488
496
478
490
492
523
526
521
527
519
518
511
511
534
584
582
586
580
567
564
583
592
534
468
445
443
449
444
449
449
444
474
577
625
610
592
596
619
599
607
620
636
622
625
630
604
557
522
537
551
538
542
552
523
530
521
518
527
524
514
527
499
492
493
495
499
505
500
484
493
499
489
448
452
460
454
444
445
464
457
446
459
504
518
510
525
526
503
513
540
596
628
634
618
611
629
631
576
519
468
477
473
476
476
486
473
485
476
474
489
496
469
476
521
607
604
532
470
481
502
493
490
494
489
497
502
534
533
524
524
532
537
565
583
579
571
586
576
474
423
483
592
613
604
603
630
618
601
610
617
593
537
516
529
531
537
527
515
537
531
512
530
526
526
534
519
528
525
527
512
525
526
532
517
520
530
544
539
522
524
523
527
521
511
523
527
523
530
525
526
523
527
532
519
529
534
530
520
542
537
510
526
546
534
501
546
574
416
132
