546
559
575
629
653
616
589
625
651
576
510
491
506
502
498
523
597
650
630
610
625
621
624
625
633
600
533
486
501
517
508
507
508
503
521
575
610
613
596
604
622
593
596
618
613
562
510
474
481
497
488
490
477
493
483
479
458
446
434
455
458
443
423
474
579
634
610
605
615
602
500
430
455
476
453
441
494
576
612
601
604
606
603
596
603
596
590
597
596
585
553
521
516
528
529
521
527
548
567
573
562
559
567
588
589
608
596
612
607
624
607
610
614
608
598
553
528
546
541
537
547
542
552
535
539
554
539
539
546
573
587
588
583
563
531
490
496
504
497
513
506
536
595
629
622
613
625
620
611
605
595
591
609
616
582
520
472
482
498
491
484
494
500
495
486
501
493
490
515
532
529
531
524
519
542
567
593
584
570
575
590
548
473
446
438
462
468
437
438
489
573
633
618
584
615
633
616
617
633
646
602
564
549
549
549
540
537
553
556
536
511
521
529
519
499
487
502
488
481
494
500
488
459
442
447
456
456
448
450
446
459
460
457
441
472
502
516
518
507
514
532
518
501
546
597
631
619
619
619
619
617
630
624
588
518
491
478
486
473
482
485
488
489
488
492
484
488
500
481
461
510
588
649
654
625
621
643
645
593
526
476
493
496
512
488
491
515
532
520
538
524
519
528
527
538
524
528
537
524
522
517
535
516
518
519
533
565
596
594
586
558
586
599
559
477
436
443
459
446
464
443
438
475
566
620
624
598
605
604
604
599
617
622
610
605
628
608
611
608
627
596
541
526
531
532
515
517
543
515
538
535
543
514
527
539
526
512
531
532
532
532
530
524
524
530
539
526
517
528
527
503
517
548
522
503
556
569
416
127
