687
650
594
620
651
592
573
581
584
572
573
574
534
493
510
521
493
489
518
510
475
460
469
467
452
453
457
449
463
461
462
450
434
436
440
435
440
436
441
434
435
436
421
426
424
423
423
437
429
417
424
424
427
435
439
441
440
433
430
451
468
469
469
473
470
475
482
471
468
451
456
458
459
459
461
451
483
498
471
476
471
488
475
464
496
581
609
592
593
603
608
594
597
592
589
587
595
596
591
589
590
594
581
573
598
582
579
589
597
553
496
473
480
483
470
478
478
478
487
486
482
486
488
474
480
514
581
626
625
609
614
617
620
605
612
595
581
595
611
576
528
527
517
513
524
520
506
512
522
505
465
440
461
462
458
445
450
459
459
488
505
476
475
518
582
622
616
595
607
612
623
614
573
582
578
563
505
477
494
498
479
492
502
474
434
409
419
426
427
439
454
446
448
463
441
442
479
513
545
542
531
537
531
535
551
564
599
599
555
501
479
485
489
474
501
572
613
593
601
597
597
615
613
581
504
431
461
480
455
409
387
416
399
385
370
458
586
654
642
626
642
633
584
543
556
564
561
537
515
520
520
513
512
507
509
507
522
527
537
530
512
551
624
664
666
639
648
661
668
626
589
580
575
586
592
587
567
579
581
586
575
587
593
582
583
589
589
585
582
587
592
590
601
591
584
590
590
591
578
574
594
589
571
585
588
563
510
483
466
499
488
475
467
497
510
533
528
529
522
528
525
531
529
539
539
524
527
535
534
532
525
543
534
511
534
533
519
522
535
543
526
511
533
546
503
524
563
528
500
556
572
410
136
