685
661
599
632
653
633
616
636
645
587
553
538
531
528
534
540
529
538
544
541
516
497
490
483
475
487
492
491
489
484
476
442
415
427
426
439
420
426
430
434
449
462
464
462
455
460
458
451
492
543
575
572
554
560
576
570
561
570
554
559
558
561
566
565
592
609
605
613
607
605
606
597
606
604
613
617
593
528
495
492
519
511
496
485
479
471
475
477
478
459
502
575
599
597
587
586
573
568
561
567
568
558
558
569
554
541
558
598
604
620
608
601
623
638
590
516
469
481
488
487
489
494
497
479
474
485
484
489
480
490
478
492
494
495
490
474
486
500
479
480
522
563
588
589
577
589
585
586
588
576
584
586
588
582
592
591
572
512
482
477
484
486
474
480
490
504
500
508
501
511
511
511
522
512
513
531
576
605
607
593
593
608
592
564
513
480
483
487
485
489
481
474
472
460
472
486
465
466
468
476
461
455
494
526
541
532
524
525
519
571
625
669
649
644
644
647
647
662
625
571
534
547
557
547
549
561
566
550
543
550
558
544
551
553
548
555
554
554
550
553
550
545
540
556
563
549
548
548
546
559
587
610
611
604
600
613
602
601
608
597
601
614
622
564
494
497
568
616
599
599
607
585
525
496
509
525
508
505
513
522
522
504
457
435
428
447
436
439
441
452
432
417
396
392
390
397
437
452
444
438
447
445
435
440
426
432
438
441
434
439
442
440
443
449
441
435
443
460
440
394
380
384
398
377
387
393
391
374
390
380
368
382
399
373
355
463
603
655
611
565
570
601
587
587
570
521
466
463
485
488
465
422
424
414
422
414
414
418
410
392
453
552
626
617
587
592
618
598
571
580
600
586
578
548
525
523
536
535
524
528
527
535
526
540
521
524
531
525
525
513
525
519
520
528
530
524
528
541
525
516
522
526
513
521
533
539
507
533
544
518
499
559
574
415
135
