664
630
587
609
612
600
610
587
489
427
435
482
458
446
450
450
404
388
410
416
401
410
419
404
407
424
403
377
452
608
685
666
648
663
656
641
669
642
581
544
562
571
552
549
557
565
542
548
554
539
537
562
589
597
614
594
580
589
603
569
498
443
469
483
440
421
443
436
413
474
572
624
612
598
601
597
618
627
585
513
466
472
495
463
422
395
407
414
409
404
398
428
479
524
510
494
505
517
508
494
531
584
609
608
610
603
608
610
617
614
582
529
498
493
510
514
498
511
520
492
462
440
459
452
458
455
438
428
435
430
441
427
436
424
418
440
432
422
437
431
424
428
427
431
423
430
437
431
428
428
434
424
406
403
393
409
409
392
396
420
462
484
482
467
475
477
478
458
486
526
547
534
538
548
530
532
520
510
507
517
537
513
519
535
582
614
593
596
603
601
599
593
606
595
583
591
605
589
595
593
600
582
591
595
596
589
588
588
598
599
592
604
582
598
592
605
599
595
594
582
581
590
601
593
579
565
570
539
519
500
508
516
511
515
522
509
495
534
589
628
616
604
619
613
599
616
636
601
496
452
518
582
620
611
596
591
597
598
603
598
591
600
600
606
598
595
598
590
606
610
584
543
517
522
526
522
530
523
539
511
529
560
553
539
581
592
599
593
595
594
608
621
567
505
454
459
481
466
464
499
582
601
596
591
591
591
590
595
585
602
607
579
519
494
492
510
485
495
506
494
491
494
522
521
504
541
636
666
651
641
663
662
649
651
670
648
599
585
584
600
590
597
608
585
562
541
547
566
555
543
492
476
475
472
485
517
532
538
517
532
519
537
529
515
524
528
522
517
531
538
538
533
538
534
539
524
534
523
531
520
541
542
515
519
549
514
493
539
582
411
129
