558
530
451
451
468
451
443
445
456
448
469
466
471
458
468
474
457
466
464
474
436
418
431
436
425
436
424
444
409
373
356
356
361
362
346
360
393
408
401
404
419
411
395
402
411
386
387
469
615
700
688
623
591
568
556
566
574
570
557
565
592
605
610
616
627
622
606
620
629
588
504
482
473
482
484
480
499
494
488
488
488
479
502
480
465
480
484
497
486
489
495
492
468
494
487
455
392
373
372
379
375
371
351
356
412
502
556
555
529
520
532
514
514
512
529
555
543
545
536
540
543
530
534
568
608
625
614
613
604
588
556
567
584
554
569
577
570
565
568
565
567
562
575
575
564
562
565
565
555
583
618
631
635
623
638
637
636
622
625
631
647
621
564
526
532
540
526
536
532
539
528
530
519
500
491
491
499
502
494
492
507
552
582
588
559
572
585
613
631
638
640
634
629
637
617
568
562
567
579
559
565
565
571
557
584
629
643
656
640
615
574
532
540
555
554
546
547
541
525
509
525
526
517
521
516
515
487
476
510
492
483
480
492
479
460
450
462
454
454
448
452
441
447
456
455
450
441
459
457
453
448
450
463
439
448
450
457
448
426
410
422
440
437
410
402
476
577
637
627
608
614
620
629
589
535
495
508
513
505
519
520
497
440
415
420
444
419
412
429
422
423
430
430
442
419
432
437
417
433
426
426
426
438
454
438
435
443
450
431
422
382
351
334
416
518
580
564
554
568
559
579
585
624
628
629
625
643
626
635
616
602
593
594
611
596
599
607
606
579
554
511
511
518
517
530
523
515
521
529
520
529
526
527
518
527
527
534
532
524
519
518
531
517
521
540
528
516
525
531
532
520
532
538
521
517
533
528
521
519
540
534
491
549
578
415
124
