548
522
479
497
522
494
500
525
502
452
448
443
452
447
441
415
388
400
413
393
392
413
390
384
448
547
613
588
578
602
590
582
607
627
630
625
642
617
557
524
531
541
532
527
535
530
539
538
533
522
569
634
677
664
640
636
672
666
629
577
560
555
578
576
567
568
565
581
593
610
613
613
598
618
628
616
591
552
532
520
526
567
602
649
659
622
622
655
655
623
564
532
524
535
539
533
513
483
473
470
469
478
478
478
466
475
461
482
473
480
457
467
465
464
483
469
469
477
465
472
471
476
476
472
469
473
471
471
483
484
496
506
492
491
495
498
502
515
544
560
563
567
575
569
560
529
557
560
543
539
560
591
597
609
609
603
600
604
617
573
510
486
487
491
491
482
473
484
506
517
519
515
517
514
510
535
565
610
632
580
507
445
475
481
471
431
432
436
426
445
439
430
428
454
542
604
592
559
575
606
576
534
537
539
537
533
534
544
525
524
542
543
542
542
535
536
558
575
572
560
569
581
556
524
485
452
436
454
462
442
436
497
572
613
608
600
608
619
613
635
626
612
621
630
575
516
459
483
492
477
484
489
467
458
452
447
448
497
647
712
703
674
679
716
693
679
688
692
682
682
697
667
616
590
604
609
605
604
617
603
597
605
614
600
611
613
610
598
601
606
609
580
546
504
505
516
515
508
522
523
499
465
445
457
461
457
446
456
447
455
455
455
441
442
436
458
469
469
477
467
473
467
468
453
445
445
461
433
403
381
394
402
400
399
390
386
396
446
467
457
459
464
445
431
488
548
581
589
565
581
599
578
586
571
568
577
586
566
541
518
511
519
527
524
524
521
522
522
519
529
536
536
525
530
520
533
522
533
531
532
524
540
533
520
531
530
522
523
541
527
510
522
554
525
487
541
552
405
128
