556
540
484
499
536
515
487
522
584
594
580
585
597
598
557
471
428
422
441
438
428
430
442
450
447
448
459
465
438
444
492
574
622
609
602
614
608
606
614
606
564
522
537
550
540
519
531
550
568
596
594
590
590
586
596
593
596
584
591
579
570
591
591
593
578
575
567
572
577
566
590
621
666
662
640
651
645
640
658
656
633
569
547
547
545
538
538
552
560
538
511
511
504
486
464
423
452
446
444
445
468
465
461
462
472
457
439
498
612
672
655
644
663
661
656
665
651
640
649
675
611
481
403
432
465
443
421
471
541
558
566
554
558
560
561
572
599
623
624
609
615
627
625
595
535
512
517
528
525
518
519
553
628
673
672
653
659
674
673
642
602
565
586
590
587
552
543
556
555
552
550
562
555
549
550
564
560
546
567
561
547
553
582
600
624
620
624
616
618
628
617
607
558
516
525
536
534
520
522
539
538
526
499
473
476
491
488
490
486
498
484
475
462
461
459
467
460
463
476
479
471
492
558
595
582
577
583
591
569
566
586
625
633
620
636
628
631
635
635
619
551
534
543
551
542
536
541
533
536
542
556
539
514
488
505
499
502
496
499
498
500
510
499
493
478
476
473
481
478
470
454
448
460
469
467
460
476
475
454
460
463
456
461
463
465
456
461
463
465
449
436
444
450
445
439
439
410
401
402
412
415
392
397
391
382
388
393
388
390
384
424
486
530
527
508
508
533
524
507
533
602
645
602
546
527
529
537
537
530
529
492
485
488
489
471
475
490
477
459
484
521
532
524
521
531
521
521
535
532
526
517
528
533
528
524
529
511
518
522
532
536
537
530
530
531
536
528
522
529
540
529
527
534
533
537
527
530
526
525
533
533
528
516
532
539
522
517
540
536
518
524
549
525
512
547
573
411
133
