605
575
523
546
566
542
536
563
554
541
567
618
638
626
626
633
621
620
595
535
488
489
523
522
502
505
528
573
606
611
594
584
617
606
592
605
621
585
502
477
485
493
478
491
485
466
481
502
450
388
358
366
364
375
386
371
366
402
510
579
558
535
541
556
543
542
546
547
540
539
560
542
541
554
565
575
564
573
558
569
562
576
591
592
602
593
589
602
583
593
609
601
551
485
462
453
451
502
591
639
629
602
615
631
624
623
632
625
619
613
643
607
554
528
548
550
552
528
510
518
503
516
510
514
500
490
501
492
496
501
490
485
495
499
498
485
487
489
489
483
472
459
478
462
464
462
474
454
442
419
434
427
429
422
420
446
436
433
448
463
489
497
495
495
493
500
505
498
510
512
521
506
508
504
507
503
510
510
508
496
502
494
504
502
510
509
495
508
498
492
489
502
485
506
483
493
501
492
498
501
495
493
499
501
495
473
461
476
477
472
481
463
467
461
459
461
463
453
476
488
473
473
479
479
462
452
440
461
457
446
458
443
435
407
425
422
408
403
447
563
636
630
598
616
627
573
516
473
475
496
493
484
471
516
566
586
610
598
549
475
434
429
440
440
435
440
442
429
430
422
421
419
433
451
425
390
364
376
382
359
361
429
544
603
595
578
580
594
586
579
574
595
628
641
646
646
641
649
640
650
634
646
637
630
602
570
581
566
585
581
560
521
486
488
506
499
484
509
517
530
515
525
534
523
528
528
524
518
524
538
532
534
530
529
512
522
539
540
522
525
537
515
511
532
541
509
526
548
532
509
546
570
410
133
