653
628
578
610
618
595
605
632
583
494
431
447
454
452
439
415
403
398
408
418
403
405
410
410
408
408
419
421
407
404
418
418
401
383
400
423
382
390
463
578
676
670
649
655
672
674
616
591
557
564
557
560
542
546
548
551
539
543
543
555
577
593
616
600
582
599
596
587
586
596
604
595
589
607
597
555
483
448
465
477
456
448
468
478
476
446
446
430
413
420
478
575
632
626
605
600
624
614
600
615
624
578
501
485
479
484
483
473
481
470
427
395
398
403
397
393
399
409
425
481
520
523
498
491
534
592
611
600
614
608
587
539
497
503
512
493
496
514
527
497
459
458
469
447
453
440
454
449
463
459
464
448
457
463
459
439
439
427
424
433
424
419
429
428
435
427
440
436
411
412
404
404
391
417
450
479
466
470
472
533
547
539
537
530
526
518
505
547
578
592
600
595
591
591
585
586
604
593
584
564
552
564
571
565
556
571
556
557
531
510
505
498
538
584
628
634
611
607
627
633
586
519
460
472
473
477
463
463
482
474
474
482
477
468
468
474
491
472
472
497
566
610
601
595
603
607
589
602
609
598
602
593
603
603
606
605
580
545
526
523
530
525
524
515
526
522
528
547
547
548
552
569
566
557
553
551
570
593
602
609
604
615
609
600
603
597
600
622
581
499
451
465
494
464
452
499
565
596
595
591
606
607
607
568
505
490
492
501
492
490
498
499
500
521
526
510
512
524
521
506
553
634
670
652
655
654
623
578
588
595
595
583
603
590
549
538
545
559
543
546
568
537
504
485
487
492
487
485
489
485
473
487
495
484
489
493
485
486
485
485
482
486
492
474
489
518
532
528
523
541
520
514
530
530
519
527
516
529
525
541
539
513
526
539
538
517
524
535
519
528
535
540
515
540
547
523
498
558
580
417
130
