654
609
502
510
535
517
511
532
535
519
534
568
594
577
573
574
571
566
575
559
535
540
543
553
541
532
542
568
590
616
613
605
610
625
619
617
597
547
495
477
526
597
614
619
615
610
607
610
629
575
506
464
462
486
464
455
461
477
479
470
482
479
456
440
432
404
430
436
411
396
474
595
650
628
607
620
636
624
635
627
627
617
632
620
607
616
634
589
512
464
466
450
425
418
425
420
420
434
427
411
465
577
638
621
602
610
621
603
603
615
603
582
597
602
590
572
546
514
524
519
525
529
514
517
563
624
653
660
649
637
658
664
620
566
537
544
542
553
548
533
523
509
511
513
522
508
516
513
516
512
495
495
482
484
497
476
482
477
479
480
493
479
461
462
461
459
450
464
475
465
463
463
469
468
460
463
473
461
449
449
458
462
470
474
463
472
476
478
472
475
510
517
512
507
526
513
508
526
570
601
593
592
598
588
586
596
592
584
591
582
599
596
589
586
587
602
582
550
506
533
529
505
464
444
459
449
446
447
450
456
445
442
443
442
421
420
426
425
433
430
440
443
424
439
447
431
431
472
576
633
616
605
602
625
616
614
621
572
479
430
432
438
442
437
442
441
473
560
605
597
572
592
589
593
575
606
631
650
635
633
637
644
632
641
641
621
593
569
588
585
584
577
584
592
546
493
444
439
475
477
445
402
385
365
368
386
390
361
354
431
561
622
615
603
597
617
617
602
612
613
608
598
607
613
608
611
611
605
601
604
616
615
595
612
615
608
625
602
606
607
610
590
552
524
517
530
523
513
527
531
524
514
529
507
500
496
524
527
516
534
537
531
531
537
533
508
520
518
530
527
538
530
518
526
539
538
506
519
537
520
502
550
572
418
123
