543
543
494
507
527
528
576
622
625
614
600
634
635
588
535
506
477
509
522
500
504
536
617
632
624
631
625
627
633
631
599
535
501
515
525
496
497
515
515
497
501
530
574
617
627
599
584
612
625
568
507
472
472
493
483
488
475
477
457
440
440
444
477
556
640
647
575
495
460
458
461
470
460
463
463
467
467
451
445
461
443
441
486
574
622
605
602
583
610
596
589
605
601
577
548
525
526
534
529
535
537
541
529
521
543
542
533
518
531
549
558
580
568
561
571
561
559
568
568
570
570
589
619
603
604
598
614
603
592
549
544
529
543
551
527
532
550
575
583
596
585
576
567
585
586
555
524
500
510
510
503
501
508
501
540
590
631
631
613
620
624
627
613
623
634
626
623
618
618
624
631
622
604
608
591
594
610
604
609
602
598
594
606
571
500
477
476
495
499
488
489
496
482
497
494
514
536
525
526
537
524
520
544
574
575
576
569
575
569
587
581
557
475
437
447
467
441
433
491
572
625
617
611
589
615
620
610
619
627
620
605
566
529
541
538
553
538
519
525
513
515
517
520
510
510
495
487
496
487
485
496
500
479
452
454
454
445
453
461
465
451
455
459
454
443
467
503
528
517
515
524
523
515
511
522
523
509
525
541
597
625
633
617
612
625
626
582
505
482
472
488
488
480
481
488
489
477
481
490
504
463
461
519
609
647
640
633
633
627
615
633
606
537
490
484
500
494
495
509
500
499
516
524
530
528
512
523
522
530
573
584
576
576
587
582
563
588
589
558
479
424
453
470
435
433
490
568
631
621
616
597
608
625
591
536
516
522
535
539
524
525
532
516
531
538
526
515
529
537
521
524
528
528
516
523
524
518
515
551
548
508
526
548
521
502
545
575
408
118
