483
473
432
431
471
449
444
467
462
439
454
449
434
415
421
437
430
424
417
434
403
388
407
418
396
380
443
551
629
605
587
588
602
599
590
599
603
602
590
601
600
593
599
602
591
550
537
533
541
536
533
539
548
585
609
627
608
590
605
615
605
594
553
522
527
527
532
526
540
533
545
524
510
481
473
483
486
471
481
486
477
464
450
457
472
449
449
468
449
453
459
451
433
430
464
557
602
612
580
596
598
614
604
583
531
462
463
539
658
699
698
681
685
683
690
693
672
617
582
596
611
587
597
610
569
494
453
460
472
466
460
460
439
432
432
427
429
435
427
423
466
570
621
603
583
608
595
550
509
523
553
555
576
581
573
554
574
609
612
603
617
621
604
610
628
594
520
500
505
497
469
530
642
699
689
666
691
668
596
568
581
590
569
577
596
556
509
494
494
504
501
489
504
497
484
519
551
555
561
565
562
586
573
569
559
565
574
579
593
594
591
556
523
469
473
545
621
684
697
673
673
697
698
640
588
554
518
501
479
463
473
481
486
475
466
520
639
695
694
668
671
680
686
679
704
659
610
588
597
609
595
583
596
601
584
593
595
593
591
594
601
589
591
606
597
590
592
606
601
598
598
589
588
596
602
590
589
600
601
590
605
583
579
610
606
562
487
436
444
475
462
437
467
470
439
384
378
378
364
355
407
500
564
560
528
539
564
550
557
564
578
575
583
572
577
564
578
583
585
587
601
601
587
603
605
608
576
550
513
529
527
527
525
507
493
461
461
477
480
456
458
491
517
530
529
521
513
524
534
528
515
526
533
524
525
526
531
522
516
534
528
520
517
541
525
531
541
524
510
529
545
520
496
554
580
403
133
