542
523
487
503
533
511
485
472
450
444
453
456
454
451
446
406
398
399
416
413
387
400
398
400
405
385
380
438
550
610
604
579
590
611
596
588
614
632
622
632
645
637
629
633
639
601
557
522
519
530
528
537
524
523
554
634
663
667
658
652
674
660
641
585
559
557
581
562
564
563
577
567
560
558
578
598
621
624
592
556
535
531
538
527
524
536
534
520
523
559
625
650
658
643
641
634
648
649
608
549
524
511
546
534
537
535
520
533
532
534
534
525
533
519
498
476
460
470
474
462
487
507
507
486
491
507
488
486
516
554
567
572
557
566
568
560
546
567
572
571
570
567
566
540
543
548
550
557
556
545
552
546
549
553
591
618
598
596
607
622
609
606
626
582
505
481
492
495
479
482
516
530
513
523
528
518
508
551
585
607
601
592
616
608
604
603
616
612
609
614
599
596
604
606
578
514
461
428
436
427
428
441
435
420
424
437
421
420
469
552
602
589
573
596
603
570
542
544
546
531
537
542
557
563
571
568
568
574
578
538
468
436
471
450
447
452
441
429
474
575
619
619
591
617
622
604
604
616
623
616
622
616
606
623
634
599
504
459
483
486
484
464
493
480
482
462
458
441
450
472
451
423
498
638
714
693
676
696
699
694
693
698
685
613
591
610
623
580
526
509
517
517
499
505
518
496
465
449
448
456
447
456
461
457
438
460
447
455
451
452
447
459
467
473
474
488
470
483
471
471
480
489
473
456
446
444
452
444
438
452
465
436
406
400
388
395
395
392
399
381
388
412
441
462
466
461
443
451
490
552
592
579
574
576
587
570
571
541
523
526
526
528
524
519
541
531
529
540
529
518
546
530
525
519
527
537
510
524
528
529
516
533
546
524
514
541
534
500
517
550
531
495
541
568
419
123
