689
651
601
636
658
644
631
622
574
517
527
540
520
480
480
495
482
469
494
510
468
429
432
427
423
433
442
418
419
438
450
469
462
471
469
451
469
460
453
457
474
457
458
490
547
576
557
558
566
563
556
574
590
607
622
607
608
612
612
616
613
613
619
596
601
605
615
590
514
499
504
522
505
496
509
511
505
499
511
506
496
481
477
482
483
471
475
483
477
465
458
503
558
601
600
575
572
566
561
566
565
561
566
568
559
559
559
560
558
553
555
555
551
568
596
623
616
596
601
614
626
591
504
465
483
498
497
479
476
498
489
473
495
503
488
495
501
511
487
492
495
487
500
504
498
474
515
563
587
577
581
592
566
500
478
482
478
471
470
477
482
479
473
489
506
531
513
514
524
523
515
505
533
577
598
598
603
595
577
506
465
487
490
483
473
497
493
468
484
480
472
452
458
479
461
455
459
483
469
452
480
513
544
555
531
536
520
557
617
663
662
646
643
650
652
657
636
574
533
539
562
569
554
553
566
549
544
556
565
544
560
600
628
616
587
612
625
572
509
472
471
481
508
570
623
611
594
600
607
597
591
596
604
591
608
602
590
590
607
580
538
508
511
531
514
456
436
440
427
453
451
433
419
411
395
410
386
397
397
395
404
415
435
446
432
437
447
455
439
438
424
443
450
428
385
391
396
388
385
404
385
381
398
396
382
361
440
594
695
666
622
660
663
644
592
584
603
592
586
597
605
564
505
450
471
477
461
472
470
470
477
478
475
467
467
473
475
469
480
481
479
471
462
491
481
450
424
406
404
401
417
395
393
455
564
607
596
586
601
596
609
605
589
601
587
593
591
588
582
584
549
531
528
529
539
531
528
529
526
529
523
517
525
527
533
528
524
525
536
524
536
518
529
532
536
527
525
534
531
522
536
536
535
517
529
537
521
534
535
517
491
552
569
412
119
