545
539
498
506
535
546
578
622
637
617
614
624
613
600
589
528
489
493
517
515
499
495
527
503
496
532
604
637
619
621
637
644
631
601
533
496
499
517
519
503
493
506
534
587
610
596
581
598
618
597
576
512
482
472
478
487
486
476
456
435
436
438
452
447
438
450
455
433
424
478
575
629
623
604
600
606
616
625
582
507
431
442
478
460
454
463
470
450
446
498
579
615
605
599
599
597
607
597
598
601
588
587
593
594
593
605
580
538
517
528
533
531
525
535
535
526
529
542
533
514
543
563
569
573
575
581
569
570
604
607
600
610
617
593
549
531
538
543
543
544
572
592
586
577
560
528
496
506
512
503
500
502
528
596
624
611
588
583
623
584
510
480
498
495
496
488
496
482
484
489
519
536
537
520
520
551
562
573
567
573
576
581
577
575
552
491
437
433
498
578
614
619
609
607
631
626
620
616
630
624
622
635
636
601
568
540
533
552
547
541
530
525
517
515
523
513
519
511
509
505
484
492
492
500
491
500
497
486
480
466
447
448
443
456
457
443
471
504
528
518
509
516
529
512
522
527
516
508
541
594
630
624
606
616
621
631
638
589
512
468
479
493
496
479
465
489
506
483
476
529
587
633
649
636
600
530
477
477
501
497
501
507
506
497
482
513
526
518
513
521
519
534
522
528
543
521
530
526
522
519
528
553
563
575
585
596
571
572
594
603
541
478
450
452
456
445
451
445
439
486
574
626
614
613
610
623
575
541
526
533
529
534
532
531
530
528
522
530
534
536
528
522
523
525
514
541
536
529
532
539
525
516
537
526
521
531
524
525
529
531
530
524
520
555
522
508
527
544
531
492
548
575
417
124
