611
583
534
555
586
555
561
568
571
563
561
580
570
579
560
569
579
575
603
596
598
594
598
596
595
592
594
579
572
577
577
582
571
516
481
473
490
507
497
483
501
488
499
489
463
449
455
463
460
455
474
483
470
481
482
471
470
460
472
457
430
417
402
420
424
412
396
364
344
355
354
344
343
348
368
426
451
462
452
442
508
578
629
626
625
607
626
615
607
602
592
585
587
590
597
580
524
501
502
528
514
499
515
519
483
461
449
449
454
461
448
443
450
453
448
451
448
451
457
457
464
463
468
455
462
474
449
437
432
435
425
423
434
440
433
437
429
425
429
434
421
394
399
408
389
379
432
567
640
586
514
484
501
495
499
503
507
505
524
543
543
530
539
539
544
532
548
539
542
542
547
535
533
540
563
588
603
603
592
582
594
601
567
514
482
485
497
491
482
495
483
484
506
577
612
578
500
477
498
496
492
487
506
481
454
439
442
448
450
442
443
447
445
440
444
446
450
475
481
486
477
472
479
488
469
460
450
457
459
455
452
456
443
423
399
401
417
409
407
401
400
410
398
404
401
417
452
478
492
463
473
499
543
587
589
575
568
584
614
630
615
631
639
591
548
525
532
520
480
454
460
452
460
463
457
421
394
419
405
391
445
569
649
620
584
603
626
596
597
617
613
583
534
511
505
506
507
508
512
556
574
562
548
571
566
567
558
564
577
566
556
564
542
517
514
535
526
517
532
526
521
532
540
533
519
530
526
519
525
538
537
515
532
530
523
516
534
530
507
522
534
523
491
545
581
413
134
