495
477
424
444
473
458
445
465
470
444
448
462
455
442
456
458
454
450
462
455
438
425
433
423
419
423
430
420
414
412
404
390
404
414
383
373
449
556
601
606
578
598
610
593
607
605
579
547
528
546
539
541
528
545
539
543
520
522
553
593
604
599
609
601
620
611
581
553
531
528
535
541
537
539
527
543
534
530
530
530
522
537
532
539
513
523
533
526
515
540
527
540
536
530
535
531
533
538
533
542
535
531
521
532
527
529
517
498
486
487
492
488
488
485
485
481
485
490
477
468
461
459
468
447
454
459
451
441
445
448
432
451
439
451
444
441
461
437
440
476
555
607
600
600
609
579
510
471
490
512
480
465
536
649
687
701
681
682
703
697
669
619
590
596
608
582
599
612
565
495
458
473
484
470
479
461
441
416
420
428
435
421
442
429
420
466
568
616
596
580
596
597
596
577
594
602
606
592
542
520
519
524
526
520
517
544
571
566
567
576
577
573
583
585
570
572
584
608
616
621
621
586
523
480
494
516
477
478
528
646
689
693
675
663
606
557
554
584
573
569
568
588
549
504
486
486
501
494
496
497
488
492
503
484
487
505
555
567
565
559
569
577
569
569
577
575
569
567
565
565
563
582
576
574
573
564
581
573
588
577
585
585
587
581
585
577
585
583
591
586
585
579
577
579
572
583
592
561
519
485
482
507
474
471
536
641
697
702
673
666
680
693
650
587
543
551
571
546
507
448
451
525
638
695
695
678
670
614
588
592
603
600
598
604
575
486
438
452
478
450
445
462
447
376
339
415
506
570
558
536
546
551
545
555
547
542
562
569
590
576
573
583
583
600
589
596
593
593
581
550
525
531
537
507
467
452
465
462
452
466
465
456
458
464
467
446
453
471
455
464
461
463
456
446
488
522
529
530
526
529
534
534
528
526
530
525
522
518
531
538
518
523
534
539
526
526
528
524
526
532
534
520
520
535
530
521
522
549
526
490
543
566
418
134
