618
592
546
559
586
583
588
633
637
613
610
627
627
620
605
548
504
506
530
517
502
519
543
488
409
388
410
406
400
401
416
410
396
428
418
410
417
434
410
405
433
410
406
413
435
398
387
468
627
685
689
670
663
624
591
600
603
603
594
582
573
576
580
591
573
582
593
591
567
515
477
474
492
494
463
412
412
458
501
492
503
492
502
503
541
569
574
548
561
555
526
529
533
545
527
528
537
546
556
595
592
587
580
594
586
567
581
572
567
551
593
640
656
659
658
632
556
518
527
545
521
482
457
459
472
468
482
492
525
522
514
506
542
588
604
609
595
574
511
470
474
495
494
480
498
492
506
503
502
520
539
562
569
556
562
578
551
513
501
518
523
516
515
506
508
547
593
650
642
635
626
640
645
621
564
534
539
555
560
548
547
540
541
548
539
551
547
540
550
536
513
498
510
500
506
498
507
523
486
447
420
446
447
432
437
452
447
440
442
446
445
447
451
458
428
451
459
434
440
505
622
716
699
686
687
700
692
689
691
696
689
678
694
698
704
682
624
581
579
608
594
583
601
605
579
509
501
493
500
496
508
498
462
458
457
463
466
460
467
453
437
417
429
433
417
421
435
428
414
368
353
355
359
355
346
347
353
356
355
358
353
345
358
355
344
370
430
439
420
431
436
406
398
469
587
639
614
612
618
625
615
609
597
537
509
498
512
504
506
523
510
477
455
466
476
467
455
470
466
478
487
499
474
482
493
520
530
527
533
536
523
518
521
525
517
526
528
524
537
542
528
523
523
527
526
526
526
522
517
512
522
539
539
525
531
537
532
527
528
512
539
545
531
506
530
552
530
488
540
573
403
131
