513
501
469
486
485
485
485
585
628
616
600
609
624
630
571
468
407
414
447
430
411
449
515
534
529
535
526
516
543
565
546
536
572
632
654
634
622
634
627
640
619
603
587
590
567
502
464
475
482
476
476
472
468
415
396
416
410
415
395
414
415
387
395
440
528
582
574
553
561
573
571
558
541
541
540
542
532
537
542
543
557
564
559
560
554
566
557
559
560
564
558
559
554
564
566
574
566
554
552
569
570
560
572
568
575
580
587
583
582
594
584
564
545
535
543
544
544
569
580
557
566
563
566
550
516
491
490
509
494
495
498
513
509
480
526
572
608
596
591
599
608
603
596
590
607
584
564
538
546
551
553
540
541
548
571
567
570
571
553
520
497
518
527
519
511
504
512
511
534
546
533
536
546
545
516
532
567
630
664
667
645
642
668
672
627
550
518
514
521
529
525
519
524
525
564
604
593
589
592
607
594
594
598
581
580
591
595
570
534
513
511
507
541
588
629
618
605
604
603
614
621
594
544
519
520
554
528
523
530
530
526
526
529
526
526
530
530
526
512
543
549
531
521
560
621
637
629
646
665
606
510
465
488
505
485
484
494
498
481
476
458
473
456
473
476
450
464
506
602
659
635
626
633
640
643
627
648
643
607
524
479
487
495
496
490
505
494
488
513
554
595
587
580
576
597
577
564
534
520
514
525
517
508
515
532
584
599
598
581
585
602
591
595
597
590
595
576
574
558
561
563
574
565
561
557
533
521
536
567
635
673
671
653
683
663
584
562
576
593
568
547
531
536
518
530
524
526
522
541
532
536
517
539
525
531
517
531
530
530
542
526
522
520
536
523
518
531
539
522
518
533
533
511
530
557
529
494
555
576
417
131
