602
587
535
565
588
573
549
579
586
560
558
574
589
592
598
604
587
598
608
613
590
574
581
573
577
577
566
571
588
593
559
488
485
499
494
499
495
502
468
457
463
459
457
461
450
464
465
464
475
478
477
472
466
457
457
451
472
465
458
459
423
415
411
418
412
416
424
421
411
402
424
414
419
413
418
418
401
372
342
349
363
360
349
348
347
358
339
345
353
354
332
367
437
461
445
454
466
454
430
486
589
632
628
610
600
595
586
598
599
580
583
592
604
568
525
507
512
519
514
490
459
450
457
455
444
449
466
457
447
456
468
454
457
456
450
428
438
438
432
442
440
447
428
417
435
426
411
420
436
411
407
408
407
393
392
416
393
385
449
564
623
619
608
605
615
609
623
571
524
488
502
508
499
505
539
541
540
577
596
587
594
594
583
508
482
503
508
490
515
589
613
608
593
603
617
596
570
520
480
487
518
483
456
446
448
443
425
440
446
431
438
479
490
476
480
488
477
468
457
452
443
450
458
451
445
423
407
412
408
407
398
411
412
413
414
404
408
403
408
422
397
393
411
440
486
476
466
452
499
550
595
592
578
574
588
596
612
626
631
624
626
626
636
634
594
560
523
524
552
544
503
470
448
456
451
451
473
455
441
416
410
398
410
426
409
385
458
565
618
606
595
622
625
603
610
611
582
533
495
499
520
505
505
506
528
559
562
575
575
558
537
520
519
528
524
528
521
521
537
527
530
523
527
532
522
534
532
523
531
534
537
528
529
533
541
519
528
541
512
500
550
566
411
134
