544
517
462
502
524
481
449
455
445
448
447
452
419
403
408
410
387
440
548
602
583
587
626
623
615
620
641
619
553
532
521
538
540
518
518
574
623
674
663
642
585
566
555
561
557
563
609
614
592
549
546
536
532
530
540
525
519
553
626
628
555
505
529
546
521
510
544
529
482
469
468
482
475
469
473
494
489
497
508
485
497
505
506
547
562
578
573
556
548
547
553
550
548
568
586
613
610
615
591
526
465
487
488
491
494
495
520
523
511
514
526
513
520
516
535
577
613
609
598
589
620
610
560
496
460
457
477
482
472
458
474
477
463
436
426
424
421
422
431
427
415
472
559
602
591
575
589
587
564
552
529
529
541
538
520
528
545
556
565
575
573
575
566
570
565
556
570
586
534
468
435
441
451
446
484
565
637
623
603
622
616
597
603
602
607
591
612
602
610
613
604
626
619
612
619
627
616
618
630
623
614
603
635
634
607
616
633
625
605
628
643
597
507
464
473
487
470
474
491
473
459
442
447
451
455
462
444
431
505
631
718
708
673
689
700
687
685
682
696
682
685
689
701
673
633
606
598
597
592
592
605
578
532
511
515
502
469
444
448
465
448
451
442
454
445
450
448
443
435
451
454
449
449
476
475
471
465
481
481
477
482
463
462
471
482
474
465
472
474
450
444
436
446
452
437
424
394
378
403
400
387
386
412
455
466
447
456
464
444
451
477
555
585
598
576
570
586
583
567
527
514
527
523
529
519
539
523
538
532
524
527
534
538
525
519
531
532
525
522
546
524
515
520
551
526
502
545
581
416
135
