564
542
490
516
538
518
478
472
453
436
445
458
453
444
457
473
466
459
458
466
444
433
424
421
432
442
431
414
368
354
341
364
364
346
351
359
362
355
362
361
390
408
421
404
399
410
416
378
379
471
616
712
689
684
653
613
565
566
591
575
571
570
613
623
625
615
627
621
629
592
537
471
460
506
512
447
376
406
496
558
565
536
542
560
540
530
523
515
514
534
540
540
561
592
632
614
608
620
627
606
552
565
564
574
572
576
573
570
565
562
562
561
563
559
566
558
574
567
560
567
560
567
557
562
570
557
559
559
572
568
556
573
618
635
634
611
635
657
606
547
523
526
534
531
538
542
523
492
511
548
593
576
560
589
607
634
633
617
638
624
629
622
630
640
625
632
626
631
636
633
615
630
626
645
633
627
627
627
623
618
625
625
631
630
629
639
624
631
636
609
569
568
561
565
565
578
629
652
640
630
636
639
638
632
640
644
617
577
541
557
552
549
550
549
545
524
507
519
510
492
483
481
471
454
440
457
474
445
459
453
457
441
431
421
417
432
440
410
410
463
564
635
611
606
601
623
635
592
538
504
502
514
499
441
418
425
418
424
418
429
434
414
416
442
438
437
427
450
444
405
379
367
349
346
413
532
594
583
554
567
589
566
558
573
568
558
579
622
644
622
637
635
637
621
637
630
626
596
602
604
583
584
590
601
593
597
606
597
588
603
600
577
527
525
513
517
504
523
516
511
520
528
539
532
521
511
522
528
522
520
524
531
525
526
533
536
525
522
529
520
518
527
536
521
535
532
534
521
531
549
527
503
558
579
405
126
