620
605
535
565
580
557
551
588
589
562
562
592
574
568
575
575
583
561
573
568
569
579
573
576
566
574
576
563
576
600
594
608
603
600
603
592
599
608
597
603
604
608
600
595
597
604
590
602
604
606
591
603
601
605
594
604
584
571
585
592
584
576
579
579
570
503
484
482
485
495
481
497
483
493
491
456
463
456
462
449
454
484
473
466
470
484
468
470
448
458
455
455
462
475
467
472
470
458
424
401
415
413
409
421
429
398
369
350
354
344
340
363
417
468
467
442
430
498
585
630
635
609
604
600
600
588
591
593
590
593
581
530
503
505
517
508
509
516
523
511
482
473
442
438
463
449
443
461
457
446
456
450
455
463
462
461
465
458
451
434
424
420
427
426
436
437
437
434
431
431
435
428
430
428
417
422
416
431
424
433
416
411
414
412
396
414
398
384
398
448
555
619
616
596
597
630
618
574
527
497
503
503
497
500
507
518
539
544
545
538
527
541
541
546
550
533
553
565
597
598
594
585
602
612
592
521
483
484
503
502
480
486
522
573
610
613
575
514
483
483
493
500
490
502
504
481
452
436
442
444
435
450
449
432
444
448
469
481
485
481
465
454
452
460
459
450
467
441
425
400
407
406
407
419
403
405
408
401
407
405
413
411
404
424
461
486
467
469
471
474
468
492
556
598
581
579
582
580
582
570
584
583
615
624
633
629
619
624
635
627
613
556
513
528
539
532
517
533
548
512
480
458
456
455
467
467
409
386
465
571
622
622
617
611
597
606
612
588
536
492
512
514
507
506
509
523
555
565
567
553
554
563
579
552
532
520
526
535
536
528
539
538
532
520
523
525
535
527
529
525
527
520
537
529
519
536
538
532
513
541
529
518
529
547
530
503
550
567
413
126
