515
508
445
461
535
588
604
610
627
629
573
479
417
417
440
459
499
530
534
521
522
522
548
546
555
550
560
548
567
559
553
547
556
552
547
548
562
549
538
541
570
620
635
637
646
641
652
649
630
604
586
592
598
594
547
501
462
472
471
480
476
465
483
480
456
425
406
390
399
441
516
574
580
550
538
547
544
532
548
549
537
540
566
557
557
562
566
569
558
561
561
568
585
582
583
582
579
581
572
576
598
599
585
574
548
540
529
540
544
541
542
553
550
541
552
574
549
564
572
576
560
527
493
504
501
503
496
493
530
586
594
596
598
607
603
591
600
604
589
588
597
607
603
586
598
589
559
535
546
546
545
539
544
550
547
561
575
573
569
570
562
578
572
576
569
570
568
570
569
572
563
536
498
530
548
541
537
541
544
529
524
569
635
652
652
654
652
665
661
646
663
680
638
547
505
526
524
524
527
543
521
511
536
589
595
597
588
606
586
592
583
580
583
587
592
583
582
596
571
529
516
514
514
520
521
519
506
521
601
635
624
614
638
633
589
548
513
524
548
522
520
551
618
655
644
620
648
648
632
636
669
611
513
473
486
502
470
467
473
455
468
468
463
458
503
602
652
636
635
642
614
531
486
491
496
499
494
492
488
518
551
572
584
575
580
543
511
530
535
521
517
513
526
538
555
608
600
574
588
614
594
587
600
595
561
564
571
563
559
567
569
553
532
523
538
527
522
550
526
522
566
634
673
674
659
677
658
594
575
574
580
566
573
576
575
534
523
520
527
523
529
529
527
535
537
532
546
520
521
525
533
521
523
517
520
531
535
525
522
532
529
533
531
532
531
518
522
529
529
525
532
536
525
517
533
536
524
529
543
536
523
527
547
520
505
550
566
411
127
