520
493
452
478
494
454
492
584
637
570
477
470
461
462
488
479
459
433
426
418
403
444
563
615
606
575
590
592
576
580
602
570
531
511
520
513
507
519
530
493
449
417
413
440
429
406
358
346
363
353
355
388
449
491
489
451
481
494
466
464
493
563
597
595
577
579
590
580
603
601
564
496
471
475
488
480
471
477
484
478
491
478
481
479
480
473
475
485
472
476
488
563
605
601
572
599
581
591
587
583
563
547
558
555
550
550
543
566
602
622
613
600
615
617
568
486
425
410
447
435
427
414
475
567
637
638
588
507
486
486
496
495
496
502
492
493
483
485
497
490
480
470
508
554
581
573
580
575
575
569
573
560
525
492
503
516
513
517
507
518
515
485
452
434
443
436
441
438
432
451
435
431
435
442
444
440
424
380
356
365
367
370
362
367
387
368
378
379
373
379
384
395
363
361
421
530
593
596
564
584
596
572
579
590
588
585
591
592
600
588
582
593
573
527
506
512
515
516
522
512
512
511
517
522
515
509
532
583
616
610
601
608
601
595
618
593
574
598
597
567
509
468
483
487
486
474
489
488
496
489
507
505
491
497
495
489
513
565
588
593
578
584
590
581
565
583
618
627
617
614
612
628
600
517
474
474
496
485
471
479
516
578
620
605
596
602
605
608
600
604
601
574
554
546
546
540
545
551
551
542
551
553
562
556
550
560
555
553
562
544
535
495
472
468
479
475
480
474
481
529
543
525
531
522
517
527
520
525
521
521
525
509
524
529
528
517
515
531
532
519
532
537
532
529
531
529
517
528
557
529
503
538
577
416
131
