560
536
490
496
561
587
608
632
621
620
626
598
530
483
503
509
509
516
511
505
528
606
654
633
614
617
630
625
606
547
506
493
514
524
493
498
516
501
504
533
588
607
604
600
612
609
615
588
515
471
473
507
501
470
478
484
475
445
445
445
443
445
462
435
434
486
588
634
631
594
592
605
623
614
576
497
441
455
476
470
442
445
493
561
603
613
600
599
616
602
589
598
597
581
604
605
601
596
601
602
598
585
602
610
590
552
523
535
538
529
525
527
539
554
579
563
558
574
566
556
581
610
617
615
604
610
616
610
615
606
593
553
541
534
541
546
534
545
553
524
538
548
593
589
579
579
585
585
569
541
496
493
511
514
506
510
532
601
633
634
616
621
628
618
598
595
606
612
598
592
605
600
575
515
489
481
494
503
516
525
527
522
532
528
513
527
564
585
583
564
584
583
593
562
587
593
551
481
444
459
454
433
487
562
627
606
602
601
610
606
616
620
617
617
606
609
604
609
610
614
621
602
605
611
622
610
606
602
606
607
607
607
611
615
612
608
614
629
619
616
631
606
560
534
534
549
549
544
543
547
528
519
523
518
519
519
522
517
511
526
517
498
485
501
492
489
484
500
473
459
457
442
447
451
448
447
462
450
447
449
457
455
447
440
458
449
444
466
503
517
523
510
518
524
513
511
537
595
631
637
597
632
637
587
513
475
480
491
479
494
489
485
488
491
481
480
515
600
644
629
609
629
630
620
628
643
596
515
488
496
505
496
496
502
494
491
493
494
484
494
531
543
514
519
534
528
507
536
570
584
581
578
571
572
584
589
578
547
475
429
428
455
445
434
432
485
577
627
629
606
595
605
630
592
555
523
531
530
539
539
531
522
528
537
530
527
520
520
525
522
526
531
519
532
553
526
496
549
580
423
122
