521
514
460
460
436
393
372
410
400
390
374
394
396
399
400
414
410
398
390
451
530
580
582
552
555
572
566
536
525
544
545
552
557
582
560
562
570
564
556
565
586
591
588
583
611
597
595
590
603
568
512
472
480
488
481
485
500
458
392
352
358
384
375
362
390
429
454
462
446
456
454
441
460
451
458
453
461
465
447
452
482
556
597
595
575
575
578
589
618
657
632
623
644
646
636
641
640
623
567
535
531
545
537
531
508
465
443
453
460
449
423
424
397
388
412
410
404
388
409
410
391
400
412
405
376
452
599
679
667
640
660
674
658
629
596
573
540
571
575
573
563
578
558
525
537
556
557
536
551
554
530
536
548
546
534
523
575
605
601
633
638
574
498
476
475
483
469
482
465
468
525
611
685
657
656
669
640
571
533
548
556
562
554
525
466
432
436
452
436
436
432
442
461
503
545
549
531
533
541
534
545
560
564
551
564
566
570
547
560
572
570
545
573
618
633
608
581
544
549
563
567
546
563
551
560
550
529
510
505
502
499
502
503
495
508
500
484
509
551
542
548
550
565
555
561
567
563
553
560
555
561
557
572
571
592
573
591
558
563
543
550
548
547
553
556
539
557
577
601
590
585
600
604
583
592
616
603
558
488
439
428
404
380
358
373
392
362
358
435
563
633
613
608
603
618
605
611
582
563
527
513
538
541
524
512
537
542
505
479
447
448
462
464
435
447
467
509
527
532
513
523
530
527
529
533
531
526
528
529
524
533
522
532
529
528
531
539
545
517
528
524
523
531
525
528
516
507
532
534
520
525
546
525
489
553
572
419
118
