655
618
561
580
626
604
569
541
523
504
511
532
524
500
531
572
580
581
596
584
561
542
532
538
535
542
550
540
528
567
600
637
629
583
527
501
505
507
512
498
526
595
613
614
607
613
620
614
576
500
452
451
488
482
449
473
479
450
434
423
432
422
424
427
432
421
461
582
640
639
610
619
625
627
624
644
624
623
618
628
625
624
629
625
630
626
630
618
625
623
626
621
610
633
627
616
628
630
587
512
470
466
482
474
481
473
482
476
464
434
424
421
431
438
413
408
477
572
633
616
609
611
619
601
590
578
597
593
584
596
596
609
568
548
515
504
529
533
513
502
540
628
663
640
561
531
543
558
546
557
550
546
523
510
521
508
505
521
512
510
507
526
502
498
480
488
478
485
484
487
489
478
493
482
474
474
489
485
465
464
462
466
460
464
474
462
470
473
469
472
479
515
520
512
511
522
517
499
515
514
516
503
543
583
605
589
593
585
590
596
592
602
602
592
601
602
601
594
593
606
588
546
522
520
527
522
529
531
515
473
450
457
462
452
462
435
418
429
419
433
422
436
434
432
425
439
443
421
421
483
576
633
634
607
592
621
633
586
471
420
474
553
609
587
578
587
583
574
580
594
629
637
645
637
641
647
651
635
649
648
644
644
633
644
650
641
618
583
573
572
582
574
566
579
559
482
422
408
388
360
387
395
367
345
421
567
634
623
580
612
625
604
614
616
602
605
606
612
607
608
614
605
611
604
609
617
609
608
600
598
602
590
559
526
532
535
526
525
533
538
510
504
489
491
495
510
537
525
517
512
521
526
535
532
532
520
530
526
533
516
529
528
527
516
522
525
515
523
536
529
523
527
524
538
524
527
539
524
516
546
541
505
524
548
519
497
546
572
419
132
