678
644
597
624
639
564
555
586
584
568
562
596
573
506
491
503
503
494
503
504
498
480
469
458
453
451
453
461
460
472
450
437
442
446
443
445
449
444
427
453
442
435
426
426
419
435
421
425
419
420
423
427
426
428
414
418
428
433
429
432
421
441
437
443
445
438
448
457
466
486
472
472
474
467
463
458
453
457
455
457
462
479
471
473
475
478
484
487
471
464
475
491
466
464
512
579
621
610
598
591
594
601
596
596
587
593
590
588
587
571
576
584
592
565
491
465
471
488
473
482
497
486
470
500
591
640
609
592
599
588
581
586
593
593
580
535
500
513
519
506
465
447
448
464
462
478
485
472
513
579
619
621
606
604
602
565
574
595
551
504
488
489
479
486
504
485
432
411
426
421
428
423
434
456
458
467
449
450
472
510
552
559
575
602
601
580
585
602
596
567
515
474
482
500
492
461
477
515
575
606
625
600
565
492
459
463
482
470
467
462
461
454
457
466
469
464
462
467
471
455
419
395
407
400
400
403
395
399
406
403
376
377
460
582
666
654
629
638
648
645
601
582
553
564
548
557
558
549
522
509
503
507
516
518
521
522
511
506
502
517
523
543
526
533
544
528
521
558
626
665
659
652
645
655
660
638
594
584
570
594
581
586
590
587
592
585
586
584
586
587
584
589
590
584
596
588
572
579
597
557
499
473
478
493
487
479
472
487
511
525
530
530
536
531
524
525
529
527
530
523
528
534
528
540
534
532
527
535
534
513
517
541
515
522
532
529
523
529
541
526
504
546
574
406
129
