549
533
475
497
520
516
484
511
521
502
481
456
455
430
442
462
434
424
421
413
383
389
457
555
612
598
578
581
595
580
586
612
617
633
636
630
634
628
636
606
558
532
530
543
536
542
531
529
519
551
621
682
686
625
580
561
561
562
571
575
594
622
624
617
607
616
622
586
542
539
522
528
519
572
626
645
644
630
629
643
651
605
547
525
527
530
522
517
525
529
535
525
530
509
481
458
470
479
472
463
477
477
467
469
477
475
471
475
469
472
480
480
476
474
473
472
477
473
470
466
468
476
471
474
485
492
495
500
496
489
502
511
553
580
573
552
563
561
571
573
555
558
568
571
558
547
551
542
557
560
550
550
544
541
554
549
565
599
613
616
602
588
589
622
609
583
531
487
470
493
491
490
487
499
526
505
510
540
598
615
605
610
598
603
605
608
565
494
464
462
473
446
428
428
441
431
431
431
431
437
425
422
475
556
594
595
574
583
591
556
530
530
544
544
558
571
566
554
558
580
584
540
486
441
433
452
473
440
427
489
583
627
617
604
611
625
621
613
621
623
584
510
470
477
489
483
469
479
483
458
442
463
468
446
433
505
636
714
708
676
664
686
694
670
612
605
603
613
591
604
611
583
511
502
513
526
506
515
517
506
472
446
454
462
444
442
454
457
451
446
459
443
444
457
464
467
475
481
479
467
476
487
473
464
470
453
444
452
444
430
451
455
432
404
382
386
394
399
408
400
394
399
455
466
464
450
462
452
454
483
548
585
582
563
585
587
577
538
526
524
527
528
534
520
537
525
535
535
525
522
529
528
525
518
524
532
524
534
542
534
525
530
539
521
510
534
527
514
520
546
512
503
539
575
413
148
