647
628
585
614
613
542
503
526
553
526
525
535
536
525
526
510
482
485
483
490
486
489
504
501
490
497
492
491
499
479
495
491
502
507
486
484
495
510
482
486
491
504
491
499
492
474
464
467
464
466
460
469
468
454
418
414
410
413
400
401
410
415
419
404
405
403
387
380
385
393
388
397
383
390
395
386
377
411
458
495
491
478
478
490
468
503
562
595
581
566
571
581
569
561
572
582
570
566
577
592
602
617
626
618
597
621
625
579
524
509
503
503
517
500
499
495
493
502
495
478
466
454
471
473
472
464
464
485
504
501
491
494
502
496
496
500
496
486
490
499
507
500
485
479
451
440
450
460
470
485
500
484
479
488
495
466
467
532
607
653
639
646
642
639
642
636
616
564
518
520
535
536
530
525
532
539
525
494
482
487
486
484
491
502
469
435
408
402
408
410
416
401
414
418
403
383
391
402
378
374
448
587
678
660
629
644
659
644
628
610
584
576
596
587
590
598
567
515
476
476
501
486
478
484
489
473
421
378
391
389
387
395
397
397
399
422
439
415
419
427
441
412
418
476
564
626
609
601
609
630
614
595
610
614
586
540
526
526
558
556
572
557
559
574
568
557
534
531
531
527
523
519
533
533
519
508
557
654
696
696
679
682
669
626
603
601
623
610
584
605
608
583
531
516
507
524
537
542
512
527
537
533
510
464
450
443
454
446
447
450
460
447
444
457
479
481
466
469
477
467
460
501
589
632
619
616
623
631
604
627
636
593
528
508
517
518
513
516
524
513
500
534
590
616
622
626
605
538
487
496
496
502
491
508
528
481
486
504
515
499
496
495
504
505
496
507
505
514
508
495
494
461
466
457
459
460
457
463
450
463
454
455
458
447
455
453
456
451
457
507
538
529
522
542
527
534
527
532
529
524
523
542
543
523
527
543
519
519
537
536
527
524
539
527
517
525
520
516
518
536
529
511
529
547
528
500
552
580
408
121
