541
550
550
600
611
585
580
592
587
574
579
597
575
569
586
591
575
586
585
585
595
599
549
466
427
434
446
446
431
444
447
450
449
458
453
453
437
431
481
570
622
611
612
600
617
611
603
594
570
534
546
570
581
588
585
597
585
587
590
580
575
563
574
582
577
567
582
581
569
568
592
618
655
657
635
615
577
545
552
555
550
539
556
548
519
494
508
512
497
499
504
506
500
499
509
492
453
439
452
453
436
452
447
441
449
453
464
464
451
450
499
598
684
686
589
484
416
426
437
445
448
430
431
460
528
577
572
558
547
564
553
538
571
604
617
609
621
626
601
549
532
523
524
524
527
530
525
533
536
525
516
552
640
675
668
656
664
670
628
603
589
585
572
596
589
575
562
554
554
557
557
558
556
552
554
562
557
563
552
561
564
561
545
556
573
604
626
622
598
620
617
606
560
531
542
552
532
501
489
492
496
479
484
482
493
480
476
463
464
472
473
464
467
468
464
472
474
472
485
475
472
482
487
475
506
559
592
588
570
585
589
619
639
638
643
638
624
636
642
620
564
542
543
541
544
550
554
549
516
484
489
515
505
501
502
493
469
470
465
466
459
454
465
475
457
436
447
439
433
452
440
422
406
412
400
399
401
405
405
400
404
385
363
421
495
518
516
510
512
524
498
532
604
629
617
615
622
632
620
617
631
613
541
537
533
540
532
525
536
534
507
472
484
481
487
506
529
538
526
519
547
537
536
521
534
539
523
538
539
523
514
529
539
531
531
521
525
521
540
542
517
537
540
523
529
527
552
524
496
559
575
410
125
