594
561
510
525
553
539
507
524
553
577
615
641
609
550
534
550
539
514
523
544
570
585
582
596
580
562
595
584
549
504
483
484
489
509
483
486
495
493
468
446
420
429
421
422
420
427
415
433
470
515
546
551
545
537
537
540
520
490
497
527
506
485
533
592
634
611
621
647
581
496
444
446
456
451
457
446
450
480
544
585
580
569
580
574
577
587
604
629
629
626
636
617
625
606
590
563
566
569
565
562
573
584
586
579
586
582
578
583
592
587
583
586
598
556
547
549
576
562
553
562
551
526
507
514
521
511
512
551
584
616
605
608
604
619
609
615
609
604
610
621
611
614
606
608
599
607
609
618
594
615
609
589
542
522
518
523
525
523
514
532
543
497
447
430
433
419
415
431
424
418
422
441
439
427
442
431
420
407
469
570
618
623
598
589
615
603
571
502
472
468
488
478
471
471
484
480
472
481
476
493
484
484
486
485
472
479
524
598
637
628
619
627
636
621
637
628
617
545
511
538
540
514
476
464
473
453
433
422
419
433
438
422
437
425
418
440
430
431
427
439
425
426
437
436
425
426
439
420
436
435
433
430
435
440
452
424
429
432
443
433
450
462
473
478
479
473
482
471
461
447
445
452
467
436
440
467
456
442
438
450
443
446
437
440
426
434
441
426
419
466
572
632
619
591
623
629
589
514
478
482
496
481
488
494
461
420
379
399
422
388
396
415
433
439
449
459
447
425
491
592
642
632
621
625
639
627
634
602
536
501
507
527
502
502
511
523
502
508
514
525
502
496
499
486
483
491
493
487
492
492
493
520
540
539
530
542
548
534
540
536
536
522
521
530
524
528
536
529
517
535
530
539
530
532
535
530
521
530
539
519
519
527
526
518
529
533
520
506
538
531
511
513
554
527
503
551
561
405
132
