652
616
557
585
621
590
575
597
613
574
597
606
588
523
518
533
520
513
525
537
561
572
587
581
573
583
589
564
554
549
541
536
542
547
541
535
563
613
621
615
595
606
622
585
515
501
520
582
618
623
602
599
615
624
578
515
455
452
488
467
452
431
427
416
419
423
417
402
475
585
651
624
607
617
637
628
606
637
629
592
513
479
482
482
485
479
477
492
469
438
424
419
435
417
415
423
438
413
409
467
567
640
614
603
605
616
614
618
615
622
604
602
612
612
602
599
620
619
604
615
612
615
616
622
609
615
611
611
614
619
608
614
614
618
616
612
609
626
615
610
588
598
588
591
601
578
541
503
525
523
528
511
518
527
532
521
524
529
515
528
515
507
558
615
647
640
632
640
652
640
630
574
542
530
556
557
554
541
552
558
542
548
553
551
545
546
549
551
556
549
547
508
525
516
523
506
509
516
501
497
479
483
492
464
455
451
469
457
459
466
467
473
467
467
453
467
484
503
514
523
511
506
510
498
503
527
578
599
595
592
599
593
589
597
588
607
597
596
599
592
599
611
579
549
521
524
524
512
525
537
528
518
530
529
498
474
439
445
463
453
452
455
448
457
443
426
434
432
423
421
431
427
432
436
440
433
441
441
419
424
465
560
614
607
589
620
643
585
473
420
448
453
450
434
446
448
439
449
446
449
448
442
442
435
446
454
439
440
469
556
625
590
576
602
633
636
643
640
653
638
622
591
581
576
589
575
575
583
605
550
475
443
458
468
450
455
478
444
388
381
384
379
383
378
387
374
378
385
375
370
436
564
633
611
593
604
615
605
605
621
604
602
611
617
595
601
620
596
547
521
525
536
527
535
529
530
523
529
500
489
484
508
520
528
526
528
527
534
529
529
517
532
534
525
530
536
540
526
539
549
527
528
531
528
510
527
536
523
515
525
525
506
507
545
529
506
548
580
408
133
