485
472
430
433
443
426
407
414
422
405
413
428
422
452
487
488
477
487
494
474
467
486
541
550
542
546
550
545
499
457
424
424
431
435
410
407
460
541
581
565
578
569
594
576
563
586
640
646
648
643
625
591
566
586
606
590
578
581
585
580
565
520
481
480
507
466
406
391
393
395
378
406
458
480
470
472
472
477
461
497
554
598
592
590
591
595
583
564
546
553
555
558
558
565
586
607
625
635
620
614
637
630
586
517
491
487
502
498
495
485
466
464
458
457
466
467
446
441
446
438
444
450
446
439
449
437
446
449
440
449
430
439
438
449
435
455
449
453
438
454
456
441
445
449
447
429
395
385
376
390
388
380
390
382
411
437
470
472
460
466
467
470
456
461
480
507
512
512
513
514
500
503
526
562
592
579
574
578
581
582
575
568
585
585
565
556
501
455
457
464
469
462
446
476
467
442
457
513
569
596
613
603
567
508
467
470
475
467
474
457
462
510
610
680
676
670
635
613
582
578
599
604
598
575
548
518
503
513
520
494
477
467
469
454
464
462
463
454
460
466
454
465
455
460
471
477
482
477
479
486
481
469
475
479
476
462
476
486
462
433
405
424
406
408
408
402
385
406
403
377
363
445
591
677
657
631
656
665
640
602
592
587
591
582
600
599
579
530
501
510
511
505
514
507
524
500
466
446
457
463
459
442
445
456
451
459
462
457
464
469
452
452
451
458
462
448
455
460
490
476
484
476
475
484
484
503
524
534
532
519
532
533
517
511
538
526
533
536
535
532
519
517
536
532
530
522
536
527
520
534
521
519
532
537
529
521
532
538
511
518
551
521
493
541
578
416
138
