521
511
457
473
512
476
445
422
385
385
397
398
390
383
404
416
401
397
404
407
384
445
537
569
568
557
562
571
568
563
561
540
553
543
542
550
540
536
545
549
571
573
558
571
602
587
588
605
592
573
505
474
486
499
483
485
479
455
385
341
383
444
459
464
460
451
457
455
466
442
440
472
562
610
596
577
605
628
641
639
628
635
638
636
635
627
629
638
613
556
535
535
530
535
516
534
539
512
473
445
437
418
400
401
406
411
387
377
455
595
694
668
634
652
678
633
571
545
563
561
561
558
567
559
558
563
573
573
559
567
560
561
560
545
539
526
549
544
537
537
543
531
556
603
622
602
609
608
619
602
616
621
611
623
625
622
606
609
625
616
568
508
457
467
481
486
471
455
487
490
474
470
539
625
679
667
650
647
667
669
664
626
578
543
539
543
554
544
524
475
436
426
440
438
425
422
417
448
517
540
552
532
535
554
558
561
565
559
546
562
563
578
612
650
632
616
633
638
613
561
558
560
558
544
554
556
546
529
506
514
512
511
501
505
494
512
508
494
515
540
557
556
558
542
557
548
558
552
562
562
568
569
556
565
564
584
587
590
591
570
564
547
546
545
556
538
538
564
588
600
602
590
588
601
615
568
496
448
446
477
466
454
462
471
436
392
381
389
382
372
389
365
356
424
554
621
610
595
606
618
598
602
621
621
598
605
611
612
611
615
614
586
553
532
537
537
525
530
519
475
449
439
459
456
446
441
466
499
522
537
526
516
526
533
529
532
522
545
527
511
534
527
529
529
524
534
514
529
544
523
520
540
546
508
529
549
529
509
551
577
421
126
