517
508
461
490
493
473
499
584
620
592
585
611
614
582
592
626
584
508
456
458
474
470
468
478
467
468
452
428
391
402
423
426
389
405
458
552
602
612
586
564
543
524
503
528
526
499
446
408
423
432
429
430
432
411
359
346
362
355
343
373
448
492
472
462
476
474
468
493
552
600
586
589
581
571
596
598
560
503
452
475
483
487
481
493
486
471
486
472
480
497
571
607
595
597
590
586
587
596
587
584
538
546
556
560
548
553
578
601
620
617
614
614
613
634
578
476
439
437
452
464
446
451
437
438
437
441
442
454
449
444
442
429
427
432
438
434
438
443
429
407
466
583
634
613
593
608
618
618
604
629
637
587
523
503
491
492
489
508
504
494
489
478
491
483
518
542
579
585
558
565
576
582
552
528
501
504
506
464
412
377
356
360
362
352
362
360
373
368
361
364
367
364
367
355
369
365
378
369
377
393
383
373
433
535
610
599
574
576
590
590
582
577
598
581
571
579
593
563
530
507
500
516
511
519
518
521
520
520
518
504
511
514
517
515
508
511
515
514
517
512
513
510
515
507
516
507
520
512
511
512
507
501
518
500
506
534
593
621
615
593
595
599
595
585
586
595
598
583
593
600
560
520
482
474
493
490
492
487
490
490
487
493
491
489
513
553
589
592
559
573
611
623
624
628
633
607
615
641
647
577
499
466
469
494
510
561
625
610
578
598
609
607
590
596
600
594
590
587
591
581
599
604
590
544
546
539
546
545
552
542
540
543
545
551
552
561
557
554
551
571
562
541
503
461
452
491
508
536
516
525
528
533
534
517
541
538
533
532
524
527
536
533
524
516
531
522
512
528
548
527
526
540
531
508
529
548
529
505
541
572
413
130
