556
522
481
496
535
506
483
524
524
487
449
440
444
439
448
443
441
443
442
425
391
389
418
404
382
386
421
384
384
454
556
613
606
574
596
594
598
582
592
595
609
578
576
592
594
585
593
621
642
623
626
631
625
625
624
640
610
555
530
527
536
542
518
525
563
630
659
659
671
668
642
594
544
562
575
572
565
570
574
595
611
619
607
602
620
626
586
549
533
518
520
570
620
633
634
643
644
637
640
641
614
544
508
528
536
481
468
463
477
472
474
473
475
475
495
521
552
554
567
568
562
571
572
555
560
551
540
543
547
551
540
562
581
604
598
604
615
587
517
481
469
490
484
471
484
497
493
482
486
500
517
520
505
514
521
504
508
543
584
622
620
600
591
609
611
572
501
448
461
476
472
470
471
469
430
429
427
428
425
435
419
427
469
554
610
595
576
578
602
575
574
552
537
540
534
527
538
539
539
567
571
570
547
578
582
537
475
442
439
444
489
569
622
628
590
601
621
614
585
605
642
603
506
464
473
487
467
460
463
437
430
505
643
703
704
682
697
715
699
672
627
593
606
610
613
596
606
622
579
531
493
523
515
511
503
521
527
504
471
454
463
464
448
444
448
457
441
456
459
454
446
447
441
448
449
453
469
467
478
476
472
472
465
479
465
454
442
449
453
443
438
447
440
400
385
394
398
412
438
478
444
435
484
569
594
578
578
575
583
582
588
571
551
522
515
519
527
529
525
536
534
541
526
528
526
540
521
516
524
524
515
530
535
530
515
553
539
519
522
542
525
498
551
579
416
136
