679
661
609
603
611
566
559
595
605
568
571
596
589
554
524
508
488
503
509
491
453
448
471
452
459
463
450
452
451
454
452
444
442
450
446
438
437
445
441
439
452
441
426
417
418
411
401
407
423
445
439
448
461
473
476
484
465
453
460
457
457
455
459
464
461
470
481
480
470
472
495
566
611
604
591
589
609
594
592
609
600
597
593
606
608
584
584
593
585
571
579
589
558
500
467
473
476
476
478
488
481
486
493
475
477
485
477
471
481
518
582
641
627
609
614
617
626
610
614
601
592
594
584
587
593
575
539
507
515
521
512
508
505
469
433
452
460
456
450
441
469
468
483
490
487
485
479
488
477
492
483
482
473
481
495
495
474
502
585
627
618
613
623
605
591
584
594
590
576
582
585
569
517
480
484
496
490
488
495
482
440
428
416
423
421
412
435
451
447
466
458
461
459
444
444
486
513
535
539
519
533
544
523
519
554
597
606
596
592
606
574
504
474
483
462
477
478
466
473
493
471
469
504
568
625
613
595
604
601
605
605
608
597
591
598
623
591
602
614
609
574
507
471
420
411
409
389
394
461
589
654
647
626
624
646
652
653
628
588
549
565
568
559
548
559
555
516
505
512
511
511
508
511
519
521
528
537
541
529
535
520
528
532
526
552
617
671
671
644
641
662
659
642
644
665
639
592
567
566
585
579
585
573
589
587
593
587
588
591
583
590
593
592
586
583
584
583
577
582
591
549
508
472
475
487
528
532
527
530
527
529
523
521
523
530
527
534
528
526
530
524
528
524
533
520
531
529
536
526
520
532
534
516
507
532
538
517
523
552
530
508
557
578
409
129
