568
554
479
458
464
439
457
463
475
455
455
452
455
450
465
468
471
438
423
438
431
431
446
435
414
364
359
357
354
362
359
351
354
346
373
406
390
398
402
395
378
456
621
700
690
656
674
693
674
649
682
689
647
585
561
573
572
570
570
575
561
569
566
575
606
634
629
604
612
621
616
606
630
635
589
493
480
491
498
485
489
498
466
395
363
377
377
374
385
368
371
398
503
563
536
521
542
548
534
530
521
528
534
516
524
533
524
522
532
532
534
552
552
539
554
544
532
564
603
626
618
616
614
616
609
617
625
619
620
608
568
572
564
577
576
576
572
578
569
564
578
570
564
571
568
564
563
571
566
569
567
580
568
558
566
573
566
567
568
567
572
564
567
572
575
568
561
560
558
562
577
603
643
636
625
641
633
607
559
520
530
522
536
531
524
497
475
500
514
498
490
492
497
492
493
496
500
494
502
490
508
544
592
586
571
560
591
620
632
628
629
622
628
627
619
579
568
569
573
561
564
568
571
564
576
621
643
648
626
644
636
642
615
566
547
563
547
532
505
516
516
511
507
521
490
483
486
474
461
425
441
457
440
444
452
450
453
440
438
422
417
435
432
421
406
472
573
613
617
609
629
591
529
483
508
537
532
488
447
410
428
423
430
427
424
428
423
424
431
435
422
425
431
434
434
444
444
450
438
444
431
372
348
367
366
348
364
371
354
338
400
528
585
571
561
567
578
562
579
625
642
634
621
619
636
638
642
602
586
586
614
589
533
510
515
521
523
531
536
520
519
523
534
530
538
530
518
519
515
523
518
520
526
527
529
529
531
540
536
523
520
524
522
520
534
536
527
528
523
529
525
519
530
514
527
529
523
539
533
532
530
531
538
531
516
519
538
540
516
527
547
514
508
541
571
416
139
