590
545
501
529
563
522
500
556
605
615
623
632
612
610
612
591
550
529
542
543
538
546
579
600
584
577
588
587
580
581
595
554
527
491
487
499
482
488
491
476
435
413
430
426
430
469
500
493
481
473
493
532
544
555
550
544
510
503
496
529
594
614
627
614
615
639
629
585
492
448
448
453
464
451
443
494
547
584
577
569
573
585
586
574
560
572
586
611
639
643
610
617
625
638
611
578
565
558
573
579
563
565
575
577
589
579
564
564
546
560
564
566
553
548
525
504
515
530
521
508
516
521
503
509
537
610
612
616
607
604
602
605
622
595
534
504
514
541
520
521
528
496
445
418
436
430
428
430
427
424
440
432
446
436
451
433
441
433
441
437
421
423
448
438
421
462
558
618
625
605
594
603
605
559
506
477
468
481
474
465
467
487
479
470
472
482
481
481
478
480
471
488
495
506
479
493
499
477
472
534
602
642
627
622
626
642
647
612
555
531
540
537
531
538
540
516
480
467
463
467
475
472
464
447
423
427
432
426
422
436
434
428
440
447
435
441
450
440
433
450
480
484
470
470
458
448
448
454
459
443
442
433
430
444
436
430
425
436
441
422
422
481
576
622
617
610
607
605
612
599
603
612
605
573
515
478
472
491
481
492
481
471
478
482
500
463
414
376
409
403
381
392
404
411
377
385
403
441
447
440
449
442
437
448
445
439
438
491
582
644
644
626
627
630
634
632
602
536
498
487
506
483
488
507
499
491
498
532
537
533
529
534
540
538
529
530
531
529
518
525
522
523
517
527
521
528
533
529
538
532
529
526
528
526
513
526
531
523
522
523
529
531
517
529
532
510
530
534
527
520
537
532
511
526
542
519
494
543
569
403
131
