639
610
567
585
611
585
582
604
588
526
509
512
517
521
557
587
587
573
582
584
581
580
584
578
582
583
563
531
537
534
542
550
601
616
621
612
631
617
621
618
637
585
531
494
499
532
597
617
625
625
623
589
504
463
475
476
472
474
488
479
454
438
429
415
430
425
422
397
476
590
651
626
625
629
630
609
622
627
624
625
636
594
522
465
467
500
485
479
502
497
459
450
424
423
426
438
413
406
469
572
625
616
597
622
613
598
594
584
583
585
603
596
591
596
589
589
596
593
582
597
593
591
573
587
593
597
599
589
596
589
583
598
600
590
589
591
605
592
600
605
571
539
522
516
525
528
504
510
524
526
518
517
557
626
648
659
638
645
647
648
644
624
561
545
553
564
551
543
547
549
525
503
525
512
523
507
525
510
510
515
531
513
490
483
480
491
491
487
489
492
488
488
497
480
469
457
460
457
476
471
463
466
475
478
471
482
500
506
527
503
515
519
500
505
540
583
607
588
600
587
594
596
599
606
604
601
601
602
583
541
513
514
528
518
514
529
527
499
452
456
457
455
442
454
444
421
425
431
432
421
427
439
420
435
439
429
412
476
560
618
604
599
614
622
614
608
627
613
620
612
609
611
611
611
603
604
611
618
605
624
626
577
471
420
428
448
447
445
430
423
474
562
615
593
572
584
598
587
581
593
596
582
568
612
619
647
649
623
598
568
583
598
548
482
449
458
476
458
438
412
376
366
388
382
358
363
437
546
627
626
602
594
609
609
590
600
608
602
613
610
613
596
602
588
555
520
520
536
524
530
529
525
531
499
509
485
486
490
512
529
540
527
527
523
526
535
530
530
527
530
524
528
533
519
526
520
528
532
528
530
540
526
510
530
543
517
511
535
537
509
539
553
533
495
547
578
414
129
