613
587
539
560
576
552
551
584
597
602
602
593
591
598
576
511
469
480
486
480
462
469
474
462
447
467
467
469
464
456
465
469
469
460
457
487
539
576
567
557
574
564
568
563
574
571
567
560
566
565
565
563
557
574
567
554
576
628
644
627
625
636
632
625
614
629
631
632
628
610
568
514
525
552
545
502
471
455
440
454
452
452
460
490
503
499
498
497
498
484
530
582
615
614
613
608
614
622
597
580
558
550
563
571
557
554
572
559
549
549
557
553
548
546
565
576
600
612
589
594
603
615
566
512
487
467
444
422
416
429
421
437
475
492
489
482
485
484
479
515
545
574
570
542
504
476
469
478
465
461
493
519
554
553
550
565
554
562
555
591
604
585
587
606
602
575
506
478
483
510
495
493
502
498
486
499
500
496
489
516
568
592
589
574
576
578
587
584
543
481
427
427
445
445
436
440
430
440
461
497
496
466
476
487
495
484
486
496
558
572
581
581
563
577
569
569
591
581
566
561
547
541
549
560
550
554
557
571
591
592
590
575
595
593
557
515
483
486
490
490
490
494
488
484
463
490
476
467
473
470
457
494
535
559
555
553
549
553
544
559
585
593
589
596
606
587
596
607
579
514
469
489
508
499
481
479
524
560
578
594
576
574
588
602
534
461
424
424
442
442
444
442
438
431
481
489
486
470
489
489
484
485
489
476
479
506
550
597
594
547
486
467
452
451
457
460
465
455
478
484
466
461
496
558
585
587
585
586
583
576
558
580
601
565
542
518
520
536
528
521
526
534
523
517
520
543
531
518
526
531
531
522
533
533
513
518
548
524
498
551
566
405
120
