488
473
432
455
465
427
410
425
431
429
420
421
422
408
426
427
417
421
423
428
431
403
398
388
405
399
377
444
559
631
599
587
599
598
545
516
528
526
523
551
594
608
599
609
607
598
607
607
591
548
510
535
530
528
531
554
519
495
474
488
493
489
499
484
484
482
458
459
465
461
438
439
442
443
450
447
444
427
482
569
612
606
586
598
605
582
587
599
594
603
612
589
504
457
530
659
699
689
669
714
688
578
493
457
459
462
470
466
470
467
462
445
438
422
437
441
417
421
469
556
602
605
592
596
606
605
584
542
526
508
527
518
517
519
527
532
559
573
586
574
581
577
592
607
598
615
639
591
534
493
489
499
507
493
479
539
640
708
695
670
693
705
658
586
572
580
577
578
580
578
571
587
561
509
486
512
554
571
566
574
583
572
575
558
580
555
561
575
563
572
574
575
572
567
592
597
588
578
593
586
581
549
514
475
493
508
485
487
503
509
492
476
540
653
694
696
671
680
696
706
653
582
542
544
564
565
544
557
549
572
555
561
549
548
491
468
482
503
475
460
524
638
701
689
668
671
690
683
685
670
619
542
487
455
448
463
466
450
469
455
454
448
461
458
442
460
460
443
385
368
368
387
367
358
401
516
568
558
548
567
569
576
577
578
573
578
589
588
593
592
602
594
579
543
518
511
530
531
511
473
456
454
466
470
454
461
470
513
533
528
535
543
526
519
534
524
529
529
526
542
540
524
531
536
523
525
537
543
520
533
521
511
517
526
530
522
527
522
540
521
522
536
516
530
533
534
520
527
530
527
530
519
529
530
526
529
528
527
530
529
529
542
527
532
534
519
528
529
531
528
525
527
528
531
538
540
522
525
540
532
512
519
535
523
524
533
530
519
527
538
528
508
548
512
521
531
543
521
503
551
576
422
125
