627
588
548
570
573
546
563
608
601
590
589
597
595
597
566
518
480
482
502
497
478
493
493
472
450
468
470
447
484
555
582
575
567
579
567
589
610
643
638
625
620
642
638
604
566
519
534
544
508
464
444
466
459
437
451
471
448
436
467
490
499
487
527
583
610
618
601
602
606
625
601
567
555
558
557
554
545
549
561
551
543
549
553
543
570
582
590
602
593
592
609
600
566
511
487
489
492
495
498
478
454
416
414
423
448
420
423
482
492
484
468
510
551
575
574
573
576
570
581
567
543
493
455
471
487
476
472
486
487
487
472
475
469
464
465
484
474
470
473
461
468
496
538
557
564
539
545
554
554
581
589
579
591
586
573
525
470
490
523
551
567
590
580
577
578
591
602
548
470
426
437
445
448
436
439
458
482
493
491
481
471
486
474
481
506
555
577
572
573
583
579
580
567
544
537
535
561
547
562
540
555
545
543
541
540
551
548
557
535
542
552
550
549
561
592
591
595
602
583
590
584
593
565
514
476
483
491
479
481
487
488
482
484
491
488
476
490
478
477
461
491
536
572
556
538
559
557
542
544
562
580
590
598
595
588
594
599
572
522
472
499
501
492
490
516
554
594
584
559
561
582
587
554
473
422
432
449
437
444
432
460
473
483
487
496
472
488
481
479
495
557
577
581
564
565
586
587
543
483
460
445
468
463
448
454
465
466
466
470
472
471
467
461
467
484
552
587
580
564
593
591
580
576
573
575
581
577
584
574
558
538
539
510
530
514
533
523
523
524
526
526
540
543
528
529
536
529
525
526
525
524
532
526
524
519
535
535
533
531
534
544
525
528
526
519
532
527
522
514
522
527
533
527
518
537
518
526
516
540
521
522
538
517
508
523
546
520
498
543
563
412
136
