622
593
521
562
588
566
546
591
614
623
621
626
602
533
510
517
524
520
505
480
427
379
385
409
400
391
397
409
412
417
407
437
388
392
474
620
699
695
670
681
679
684
673
663
623
590
597
605
608
584
600
608
593
585
578
577
573
597
597
568
510
483
465
430
394
386
423
403
379
417
477
506
487
491
502
484
486
508
550
567
568
575
571
567
569
568
560
571
572
553
574
571
561
537
533
536
537
526
552
580
606
591
573
582
591
586
592
581
586
591
592
575
575
573
583
579
565
571
599
625
657
663
654
640
656
668
617
556
536
525
533
498
446
462
458
473
455
457
474
503
505
509
528
577
599
592
592
600
608
600
600
579
508
469
480
499
490
487
501
507
482
487
520
557
561
559
582
546
532
523
526
497
510
512
499
509
539
617
649
636
628
635
625
622
631
635
630
624
637
626
621
634
640
630
636
625
638
634
633
635
630
621
630
641
629
630
629
629
640
645
612
563
524
543
557
545
552
549
536
486
502
510
492
454
438
451
435
451
455
442
428
441
475
447
427
500
637
709
688
680
684
703
692
691
680
683
697
694
689
712
700
666
615
592
598
590
524
484
510
516
495
494
512
494
462
450
457
456
452
462
466
456
457
461
439
421
407
428
425
418
416
431
407
363
344
345
349
369
401
427
422
416
431
443
419
406
479
575
634
630
604
625
637
649
596
541
501
494
507
514
496
508
509
500
490
473
465
454
465
481
478
470
482
488
476
472
492
509
529
536
527
530
521
519
521
528
525
529
534
530
515
536
532
528
522
533
524
532
537
538
532
533
534
540
530
525
533
532
529
523
532
524
526
527
537
529
527
530
531
512
523
544
519
512
548
564
399
125
