533
502
473
489
492
474
471
484
468
505
581
624
616
600
603
602
592
609
612
578
499
448
473
478
466
471
487
458
416
408
417
419
404
417
429
400
390
458
540
605
591
584
599
578
536
497
516
542
508
430
419
443
435
407
363
347
354
357
351
360
366
335
385
446
504
471
462
470
469
458
511
564
593
603
580
591
591
591
591
567
496
483
473
485
475
474
476
486
482
490
476
479
488
483
468
513
568
603
601
577
601
595
589
582
591
593
592
585
591
590
586
582
573
551
549
567
555
541
548
576
604
628
620
608
609
621
639
576
484
436
447
450
442
438
422
435
439
430
420
420
438
415
408
480
566
622
614
610
587
538
483
482
502
509
497
484
492
497
492
489
495
485
480
485
517
557
574
585
574
574
585
578
557
515
511
492
515
512
502
517
492
454
428
431
436
439
430
446
425
382
358
362
352
360
369
351
370
366
367
376
374
387
389
367
436
532
603
597
570
585
582
578
585
579
581
572
578
596
561
523
503
513
504
528
580
619
603
601
605
595
578
579
585
590
582
583
565
505
478
471
493
480
474
488
488
472
489
511
504
488
507
508
493
496
491
496
509
553
596
591
567
572
595
608
619
625
631
603
616
646
588
507
460
485
491
492
491
481
480
507
577
621
608
601
597
606
602
591
592
602
590
591
593
602
602
585
564
542
536
550
551
542
557
561
562
549
564
567
531
484
486
473
481
478
487
509
537
529
513
524
529
530
524
524
550
527
524
528
531
521
529
521
545
519
527
528
527
513
531
533
529
518
545
535
513
530
556
532
488
546
575
403
123
