529
506
462
475
515
487
449
423
387
383
403
398
391
396
401
398
398
396
400
387
396
403
397
394
389
406
389
407
393
396
374
397
399
401
397
412
415
396
409
419
401
389
435
534
587
569
563
565
569
556
553
574
565
562
569
580
567
559
552
565
559
573
571
562
557
564
574
571
562
563
562
558
571
566
564
559
556
556
536
535
540
544
529
535
552
559
554
577
565
564
580
580
587
596
596
569
506
472
484
489
480
480
504
478
486
495
498
451
387
352
366
382
381
361
361
364
368
348
385
445
476
459
447
482
556
599
581
578
591
598
576
587
627
633
630
631
612
632
630
638
596
562
530
520
527
545
537
506
469
436
439
462
455
437
452
459
443
435
415
410
406
389
414
413
391
381
465
600
680
676
643
646
667
677
639
589
549
565
562
576
568
554
554
532
540
545
520
545
559
598
622
632
618
606
624
622
592
513
451
473
507
471
455
520
629
671
646
642
644
674
668
626
585
532
538
564
546
535
549
525
464
422
432
451
437
418
466
526
541
547
548
545
539
534
544
559
558
562
562
569
559
573
614
628
634
615
615
634
608
571
550
553
565
560
558
553
525
506
518
515
512
511
522
510
519
517
499
489
505
497
497
495
500
506
502
492
506
543
558
545
554
570
558
558
544
553
557
563
561
558
564
568
556
556
577
590
579
572
581
585
588
583
580
586
585
570
566
544
536
559
549
538
546
558
558
595
607
595
581
588
604
567
489
459
467
460
446
464
464
447
394
375
373
374
375
386
361
359
425
556
624
610
584
592
608
598
594
619
612
598
610
629
604
552
528
533
540
526
537
528
514
474
447
457
456
447
480
514
522
526
531
535
527
519
522
528
518
528
526
537
530
529
541
524
519
534
516
531
521
530
529
529
536
523
524
533
533
520
524
535
535
508
526
541
534
496
554
570
419
139
