648
624
573
601
638
605
594
622
592
531
503
530
531
519
501
499
485
478
490
488
476
480
459
450
451
466
453
456
466
454
434
412
406
413
408
405
418
404
402
413
406
392
379
395
373
374
414
467
501
481
474
492
482
483
502
556
583
575
577
582
580
579
607
617
622
618
618
616
616
610
624
612
608
621
626
584
523
496
503
520
506
506
502
481
447
474
495
511
499
492
502
496
497
498
500
506
507
483
471
452
441
455
456
441
440
457
446
455
447
454
448
450
464
483
471
497
494
478
468
527
612
646
634
631
643
647
644
640
610
563
520
528
536
534
526
519
491
477
494
504
489
489
491
479
428
403
405
417
411
409
427
401
403
402
402
383
390
406
394
366
455
603
667
612
570
586
581
561
572
606
606
552
507
485
465
500
504
464
410
398
435
426
422
426
443
430
415
477
580
621
620
606
609
632
615
599
553
516
510
515
530
554
581
575
563
556
566
554
539
527
526
533
538
539
522
517
524
529
517
540
537
525
519
557
657
678
612
578
595
618
613
596
607
616
590
542
517
527
527
525
526
507
464
434
446
458
444
438
452
479
475
466
485
484
467
460
519
594
625
624
614
590
536
512
515
529
523
527
498
516
541
591
628
620
618
607
618
618
622
597
527
473
489
516
512
488
472
458
467
451
470
453
454
461
461
459
449
449
450
459
507
532
529
527
524
526
521
526
528
524
524
523
536
533
518
518
531
522
523
535
520
522
526
537
544
536
531
526
525
518
542
532
524
530
534
526
520
528
536
520
521
532
522
523
529
548
522
517
549
541
515
525
546
528
508
551
571
409
119
