679
662
611
625
666
633
598
572
538
524
533
534
544
506
492
488
483
472
493
480
482
488
489
487
470
440
423
424
431
431
425
424
417
445
452
460
450
453
451
449
477
545
580
571
561
559
566
557
563
559
564
563
555
569
600
615
611
610
592
614
617
588
520
491
499
506
507
486
496
503
491
462
464
509
565
584
595
590
596
592
584
585
588
578
568
557
577
574
571
575
568
562
561
572
556
548
556
553
546
550
563
595
605
623
610
608
610
630
586
504
484
489
496
489
473
478
485
488
494
480
475
491
499
488
498
491
494
483
508
565
588
580
582
592
560
499
470
479
485
485
493
502
501
531
583
603
608
602
580
506
474
491
490
471
459
476
475
461
456
493
520
535
546
536
517
527
537
520
529
564
620
662
640
643
663
648
640
646
650
651
647
652
632
574
543
553
567
559
551
559
563
585
606
610
599
592
597
602
559
505
478
485
482
490
481
488
497
488
482
479
477
493
471
490
488
471
491
483
478
491
483
479
477
482
488
477
474
493
487
492
485
490
494
482
478
492
491
471
517
575
607
597
584
591
584
546
506
512
517
513
487
458
443
445
441
456
445
444
445
444
441
443
450
430
406
404
393
399
405
399
405
406
411
436
447
426
435
437
459
440
439
448
449
436
441
447
461
430
402
385
387
384
387
373
373
384
396
370
352
441
592
679
672
645
652
672
644
635
652
657
627
601
586
593
594
590
597
598
560
511
467
474
471
469
464
454
435
407
400
410
413
397
398
462
548
612
609
588
600
616
611
598
588
613
603
584
585
589
599
581
588
604
576
529
509
532
521
515
527
531
532
513
537
535
523
526
518
521
523
523
525
526
519
530
528
527
529
534
529
530
538
534
509
529
541
524
498
546
564
400
125
