698
665
606
631
661
624
614
640
638
611
620
639
645
634
634
641
630
623
624
565
520
525
536
529
527
545
529
490
482
482
500
485
486
489
467
427
427
432
427
429
452
463
467
457
461
455
484
545
572
563
564
559
569
555
554
575
605
598
603
613
614
599
607
624
623
591
614
621
590
526
497
496
509
506
498
507
503
481
484
470
467
503
569
615
590
575
596
607
594
575
565
569
568
578
557
556
558
554
558
549
556
553
547
561
609
620
612
600
617
617
612
617
611
613
610
619
571
520
485
491
483
495
485
485
482
487
488
495
483
498
510
490
496
506
565
590
584
582
576
588
586
591
573
491
473
477
493
488
471
478
492
514
515
509
526
516
521
515
523
572
601
606
587
582
613
609
564
504
475
482
477
487
484
468
479
488
468
459
464
481
471
449
483
530
536
522
562
623
674
655
634
643
665
659
620
577
542
546
566
549
551
543
544
568
590
609
594
594
601
612
561
502
479
482
487
479
486
484
484
505
572
611
598
595
589
593
594
566
534
513
500
522
511
513
510
522
520
508
517
520
498
460
441
434
440
451
445
431
449
429
443
446
452
447
447
445
446
428
416
408
402
406
409
408
406
408
410
432
447
439
431
432
438
441
446
444
432
442
447
450
438
441
448
448
448
435
406
386
391
394
397
379
391
400
368
358
440
581
684
668
637
615
594
594
591
602
578
595
596
568
494
445
464
470
468
462
481
477
452
430
423
414
402
409
412
416
387
446
562
620
607
595
606
604
603
598
603
604
590
583
594
590
575
536
525
518
524
539
534
536
529
527
518
507
537
523
524
517
527
517
519
528
532
516
531
537
542
527
528
542
531
514
520
542
512
534
537
537
518
524
548
522
507
544
586
409
138
