588
562
491
545
612
623
593
605
628
601
603
625
629
611
615
628
632
590
550
534
529
542
537
529
534
528
549
583
568
578
580
576
569
589
583
553
504
474
477
475
436
426
421
433
422
427
413
421
434
469
478
474
480
489
478
478
491
535
555
545
544
540
551
544
528
514
501
495
515
509
508
502
538
587
634
628
610
618
630
598
598
629
629
584
480
436
441
457
455
440
441
471
537
576
580
569
583
582
582
567
587
613
626
628
620
616
609
624
634
620
587
566
569
580
575
569
574
571
569
571
571
579
570
568
572
578
587
600
594
592
592
599
581
587
586
563
552
561
573
574
552
547
552
562
545
525
510
511
521
511
515
554
576
619
611
626
623
606
541
514
522
535
525
505
447
423
427
438
420
414
429
444
423
412
471
574
618
607
588
603
608
588
611
622
589
499
460
472
473
477
472
492
494
487
485
481
504
491
479
476
517
596
643
652
634
629
649
638
628
631
637
633
607
544
523
541
541
531
528
539
542
527
492
474
466
477
459
463
477
478
468
458
471
471
460
434
430
419
434
442
429
427
423
433
430
442
445
447
442
441
435
447
436
441
454
472
465
481
483
463
473
472
476
469
463
480
468
462
457
443
452
446
453
449
447
447
450
428
426
434
434
430
414
479
563
613
617
603
603
608
612
617
617
624
615
579
508
475
487
489
484
473
496
457
416
374
390
404
379
388
404
394
383
409
437
441
449
450
441
434
488
584
653
648
603
544
517
504
518
517
511
512
520
498
488
489
491
488
483
495
507
521
544
544
534
526
543
525
538
533
527
536
534
529
540
526
537
533
521
522
518
532
539
527
524
526
528
521
519
541
520
529
544
530
518
519
543
520
514
533
535
512
522
541
530
513
558
577
418
133
