667
619
572
611
625
612
603
600
563
510
523
556
525
485
483
500
485
475
493
503
476
455
455
447
466
468
459
427
402
419
423
416
414
419
422
408
412
409
414
419
405
414
410
417
412
393
385
384
384
381
386
413
462
487
487
472
481
480
480
479
508
560
588
575
569
574
587
582
574
579
581
576
575
585
573
579
576
578
573
580
574
580
577
569
577
563
578
589
582
566
564
581
574
574
577
617
598
599
608
608
611
612
618
608
606
613
622
590
523
501
510
514
494
502
500
508
486
477
467
460
476
463
474
463
477
478
497
498
502
489
498
502
501
499
500
498
490
483
499
505
484
460
452
438
444
440
450
451
459
481
500
490
477
525
599
652
647
627
625
650
648
618
566
536
536
529
487
492
486
493
494
490
496
505
482
435
402
405
410
410
394
383
390
392
399
395
401
397
388
404
404
381
356
445
585
674
652
619
598
601
596
592
589
587
579
598
592
588
580
591
579
579
591
595
584
581
577
592
593
586
599
589
599
599
564
499
483
490
499
480
486
500
464
415
392
393
402
396
402
396
390
385
397
410
412
425
442
429
410
461
575
635
626
598
612
620
615
612
602
627
620
596
615
621
603
550
525
528
541
522
522
516
538
543
552
576
556
584
575
565
575
581
574
561
547
522
519
535
543
527
513
558
654
698
687
670
677
686
673
681
702
680
623
602
614
609
613
609
614
609
586
545
518
523
525
524
517
527
533
498
465
446
442
448
446
452
448
440
450
475
483
483
475
485
483
480
512
581
628
640
617
611
631
628
615
613
635
626
590
541
519
512
523
526
521
513
520
541
585
621
635
622
592
530
493
496
515
498
486
459
456
460
458
454
461
466
457
459
452
453
444
454
460
448
449
475
507
533
527
532
531
539
534
531
539
529
523
525
538
525
523
531
530
523
523
540
524
520
537
531
515
527
560
516
505
555
570
400
137
