557
542
497
502
528
525
541
579
605
598
548
464
415
426
443
456
425
431
451
450
439
450
448
443
442
454
440
436
448
443
438
472
551
630
636
608
605
607
605
588
556
534
536
540
536
524
540
539
538
549
575
601
591
576
578
595
593
578
596
590
582
592
601
585
583
583
592
582
581
570
591
593
597
594
582
581
593
585
591
581
601
590
575
577
588
569
575
597
639
642
649
645
660
651
652
653
638
569
533
542
558
550
537
546
571
541
516
508
514
509
493
464
444
433
451
450
437
435
457
443
441
476
474
436
435
529
614
656
667
655
615
491
425
423
446
477
519
563
571
553
546
584
556
536
557
593
606
611
627
625
580
543
529
519
525
540
516
504
562
626
668
671
652
667
654
662
662
639
604
569
574
595
589
573
578
582
584
589
586
580
575
591
578
578
584
594
582
578
552
536
561
547
561
553
557
559
557
572
561
559
565
551
550
572
596
625
631
596
554
535
525
542
541
513
496
482
479
476
485
485
486
491
475
460
462
454
462
457
466
464
460
474
473
492
483
468
488
488
473
472
501
556
597
580
566
588
587
574
592
630
635
634
638
638
608
555
539
540
539
546
548
541
506
490
500
513
499
486
504
499
492
478
477
487
490
476
468
463
469
464
469
463
455
470
462
458
466
466
467
454
457
469
456
448
431
430
445
446
411
407
413
408
404
406
406
392
386
393
382
379
408
489
534
517
502
510
512
502
541
603
631
620
624
646
598
545
520
540
520
486
478
477
489
491
479
476
481
509
532
525
524
524
526
526
524
519
520
525
531
526
526
542
531
534
535
528
527
528
520
530
522
529
534
527
526
534
546
535
509
516
532
533
520
538
539
519
530
544
529
512
525
532
533
523
519
517
528
531
530
532
526
534
537
519
530
549
530
494
547
570
412
133
