572
539
499
537
546
505
455
447
461
437
453
465
461
445
454
464
466
453
468
458
463
462
469
464
452
438
416
423
428
442
433
429
431
425
442
440
419
364
354
359
373
392
429
401
383
468
613
708
679
660
680
689
673
675
693
653
594
554
572
589
564
552
588
584
568
567
613
637
612
611
629
589
518
480
495
477
391
363
381
375
356
415
506
562
550
525
543
541
533
544
538
543
538
546
543
545
537
544
544
525
536
537
540
552
542
541
524
517
523
534
525
520
522
508
520
528
546
540
546
552
552
533
560
605
628
630
619
614
624
620
621
583
568
562
566
559
556
562
569
548
552
569
567
560
558
573
611
628
631
630
627
634
646
637
605
556
520
526
529
542
515
495
496
500
496
483
490
507
501
484
516
564
590
575
563
582
569
581
582
618
646
626
615
615
587
561
556
589
617
635
647
629
641
633
629
643
643
631
635
646
610
567
534
545
547
548
552
549
541
523
511
509
516
512
503
495
489
470
485
492
484
472
448
448
452
448
431
431
427
425
425
424
426
435
413
430
437
414
411
437
431
411
430
434
413
397
470
567
631
627
603
612
635
615
594
529
497
505
515
524
485
441
408
422
428
430
431
438
432
423
435
424
430
423
424
449
442
444
444
436
446
435
423
374
362
363
374
381
358
353
402
514
592
578
552
561
576
567
562
553
588
627
631
636
626
629
630
631
628
596
599
592
602
597
604
605
580
524
508
515
535
525
513
515
529
537
532
530
512
524
530
527
531
534
524
518
529
537
521
525
529
521
525
521
535
529
518
528
522
524
520
540
539
517
519
530
526
532
534
539
514
524
538
542
516
531
555
532
495
542
577
411
132
