512
488
451
481
492
470
495
575
633
613
602
617
635
615
557
481
420
408
447
451
491
529
537
515
514
528
532
508
523
550
559
549
551
558
549
536
553
576
621
647
645
622
628
641
658
626
602
600
590
580
600
601
560
504
461
451
425
405
407
423
407
391
444
523
573
561
547
535
552
559
572
562
553
554
557
572
563
562
561
564
562
562
568
566
586
581
579
568
560
542
538
550
564
553
571
565
570
566
573
574
548
519
502
502
495
517
576
610
605
602
596
617
594
589
598
591
595
584
555
542
539
539
552
545
539
548
539
547
551
542
548
536
545
549
543
543
546
553
555
576
584
571
573
585
572
561
568
574
545
516
519
518
517
518
518
538
549
538
530
565
626
663
661
646
661
669
650
670
671
652
650
664
668
632
538
511
517
547
510
514
544
572
597
594
605
595
592
596
594
590
594
583
588
587
587
586
574
587
594
567
532
514
509
509
517
528
512
501
523
532
512
509
543
592
632
622
618
624
620
617
611
625
618
597
551
523
532
551
531
517
567
619
649
644
637
632
629
652
646
605
525
475
484
496
491
489
486
490
483
474
458
469
481
485
463
461
496
582
646
648
633
632
658
650
591
528
484
481
489
498
495
487
503
506
554
583
592
566
575
598
578
548
534
522
528
520
510
527
588
600
593
596
591
586
577
552
563
563
569
564
571
576
554
537
531
547
534
508
562
625
684
665
663
677
677
664
661
668
676
669
679
669
642
598
560
578
582
576
570
589
590
563
534
520
518
523
540
538
522
514
534
535
526
530
534
520
528
527
541
526
522
516
527
512
508
531
529
523
540
531
535
529
536
527
519
519
530
534
529
530
558
517
499
539
583
414
121
