694
670
596
633
659
644
599
569
525
525
544
548
530
511
527
539
538
521
504
475
476
486
503
489
464
441
420
410
424
421
418
422
441
462
464
463
460
466
460
474
460
452
453
480
543
565
570
558
552
559
557
560
556
573
601
609
610
607
611
578
532
490
503
507
496
484
479
479
475
464
515
574
606
604
585
594
604
593
588
569
567
562
564
568
571
571
560
545
549
550
557
555
554
565
590
625
586
507
481
481
496
490
473
484
483
486
488
485
481
496
484
482
482
485
499
485
473
487
486
485
484
497
503
486
487
519
562
574
588
585
566
570
593
588
572
499
472
473
496
485
479
483
486
478
493
522
526
515
495
529
525
513
509
546
579
607
589
596
590
588
609
612
566
519
480
472
480
482
477
483
480
476
455
454
463
471
461
453
483
512
536
543
533
532
536
538
540
518
515
556
627
658
640
649
646
649
660
657
622
587
535
536
557
553
542
542
542
569
584
605
605
593
593
608
621
606
576
518
480
482
492
478
472
465
506
565
608
608
590
600
602
602
594
605
587
534
502
514
531
512
513
524
521
491
456
447
445
438
457
441
442
426
419
407
402
405
402
408
433
440
440
434
434
439
447
443
447
442
441
440
448
436
448
430
442
442
433
441
439
433
441
446
452
454
439
401
379
389
399
382
375
403
403
380
378
395
386
369
389
404
372
356
443
591
679
658
642
641
665
666
629
610
579
596
589
614
592
560
495
455
469
482
470
450
435
402
392
421
427
408
395
460
555
623
619
586
610
602
611
591
598
602
596
589
586
592
597
587
543
519
514
538
529
534
520
542
533
529
529
531
534
521
527
524
523
518
528
527
522
532
525
531
532
510
521
529
520
511
545
533
510
528
544
530
496
539
582
421
133
