548
525
512
583
647
612
600
622
634
580
517
501
508
499
502
504
517
509
509
509
510
490
499
538
604
648
644
616
632
639
625
622
631
607
532
486
512
506
498
528
589
627
581
512
472
482
477
481
485
475
460
451
447
437
488
579
623
618
605
629
628
595
599
626
622
573
485
458
459
460
471
459
463
487
567
615
607
588
593
612
604
602
616
598
592
605
594
580
588
587
581
546
523
524
532
536
556
560
568
567
575
573
565
551
582
593
618
615
616
605
620
616
595
551
534
552
544
537
544
545
547
539
544
558
565
581
597
589
584
594
583
567
537
506
503
515
504
505
499
497
542
592
638
633
602
602
605
607
570
521
494
486
491
491
482
488
508
525
537
528
525
534
518
520
525
525
564
584
593
577
582
588
600
535
485
432
443
454
461
444
429
450
462
447
417
502
568
610
623
601
605
608
605
608
618
619
623
615
621
629
628
605
568
536
529
550
541
544
539
546
545
541
550
548
542
539
519
512
518
525
529
519
511
493
498
496
493
493
484
495
495
477
456
447
454
455
472
511
541
514
499
524
527
506
505
540
588
615
637
635
590
512
475
473
479
483
489
482
475
493
486
480
490
482
473
467
513
605
643
627
624
639
597
523
479
495
504
493
485
524
529
527
524
534
532
523
530
541
515
514
535
573
567
566
564
573
567
577
585
566
472
441
451
454
448
435
431
485
572
617
611
586
600
625
615
542
523
538
527
520
527
536
527
524
528
529
524
524
529
527
534
524
538
522
532
535
519
519
530
535
528
517
521
533
512
521
527
532
515
523
550
510
505
548
572
409
128
