554
524
501
557
604
591
564
572
616
603
533
479
426
410
432
451
439
426
444
461
454
448
463
461
443
439
495
576
632
618
614
625
619
613
615
597
554
527
530
552
544
533
527
555
574
579
603
592
589
593
600
594
572
575
574
565
572
570
580
574
570
608
634
650
653
642
638
645
660
622
577
536
535
545
551
554
544
541
506
501
491
521
502
461
435
442
449
447
439
445
440
445
448
453
461
458
462
462
466
462
464
471
458
451
471
477
457
445
493
603
660
666
637
645
680
684
610
495
418
422
437
458
422
426
445
448
421
466
537
564
557
548
563
559
545
567
608
635
618
606
606
605
614
618
596
560
500
524
526
515
519
535
507
503
547
624
685
659
647
658
663
660
664
649
604
577
574
584
586
572
586
591
576
560
558
558
554
559
562
559
560
555
556
562
547
553
564
552
543
571
612
613
628
621
618
623
618
630
594
550
519
523
540
533
528
502
477
486
499
492
485
490
487
474
465
494
475
482
483
493
486
487
471
477
469
484
483
473
481
494
559
588
582
579
595
593
566
597
623
644
626
622
629
635
623
629
628
623
635
637
615
551
540
536
546
541
557
535
513
492
502
505
505
492
503
497
491
477
493
480
487
479
491
482
483
489
470
470
460
466
461
465
461
443
433
421
406
406
401
392
412
408
402
384
385
379
394
381
383
387
391
380
374
421
488
521
521
503
518
531
524
531
524
524
503
523
527
509
511
517
510
516
537
609
625
602
544
528
528
547
534
525
528
531
521
492
472
476
492
485
467
483
488
506
542
523
529
519
538
541
529
525
526
527
518
519
528
529
521
532
539
512
532
537
537
522
530
538
516
522
531
540
512
519
543
520
507
544
577
412
132
