512
496
455
482
487
462
501
573
606
593
611
590
510
445
475
486
467
462
500
466
428
401
421
423
395
421
439
411
391
468
559
596
598
593
596
608
598
581
520
512
526
536
490
441
422
423
407
379
351
345
350
354
348
338
376
443
479
471
478
487
478
478
469
460
465
502
558
597
596
579
592
597
583
581
578
582
591
583
585
597
601
568
509
465
464
484
482
483
486
479
476
467
487
479
477
482
475
486
477
478
507
557
592
597
578
590
593
575
574
558
544
565
593
635
617
591
621
640
582
480
431
444
454
439
441
443
433
431
433
429
428
428
424
417
477
574
639
635
596
592
628
628
570
519
495
489
517
496
497
493
495
492
478
499
495
476
472
506
555
579
561
579
580
574
570
583
562
534
509
500
518
506
492
450
434
444
446
439
423
446
441
431
393
357
362
372
371
362
366
377
370
373
381
387
376
366
428
536
589
594
567
574
594
599
565
580
590
577
567
581
599
566
535
509
504
505
522
518
511
503
538
595
612
613
600
619
598
611
611
620
614
602
605
591
587
581
602
586
578
584
593
562
518
481
493
501
502
478
479
480
483
505
493
495
496
497
480
518
562
588
580
573
583
583
574
575
595
611
616
626
633
615
618
640
584
505
468
484
489
472
478
480
487
458
513
585
614
607
589
608
601
612
611
610
603
606
607
594
604
598
597
592
599
590
594
584
595
592
594
595
589
546
536
539
541
558
553
549
541
539
559
560
535
500
460
467
478
473
469
480
500
507
521
531
526
518
516
518
518
527
516
526
527
525
526
526
537
530
534
540
537
531
530
528
529
521
537
532
514
518
547
515
504
554
565
413
132
