612
583
538
564
583
542
561
616
638
613
611
640
598
543
516
517
517
518
496
429
385
386
409
396
378
402
406
385
408
436
416
397
411
426
403
392
482
623
709
701
675
682
675
611
577
593
607
601
592
607
598
584
580
586
581
586
589
589
582
578
603
596
554
502
479
494
485
489
494
487
493
497
468
414
391
421
472
524
551
562
579
559
567
572
572
567
535
546
538
537
539
528
535
532
522
522
528
533
537
541
530
532
527
537
525
531
549
573
598
589
583
584
603
586
597
583
581
581
564
571
570
577
579
575
575
561
591
636
654
644
656
633
647
666
669
629
560
515
534
544
543
508
467
457
457
461
458
447
468
494
514
525
512
509
528
517
499
500
533
571
605
599
598
600
595
612
605
595
607
589
599
597
602
611
601
603
599
585
586
606
617
578
514
461
485
498
495
481
485
492
482
507
496
502
497
508
549
569
555
551
566
572
553
547
546
508
494
507
509
514
504
535
603
644
651
628
631
646
618
635
631
646
631
628
628
619
641
642
618
570
544
546
559
559
551
553
563
539
548
552
553
521
515
511
508
497
459
437
432
445
453
429
433
448
456
437
438
454
434
427
496
640
710
700
692
692
699
687
678
707
673
623
599
604
573
522
486
507
503
500
496
509
503
469
443
469
465
423
361
359
358
360
351
365
352
351
374
419
426
403
460
589
647
637
628
632
598
534
489
509
520
496
512
526
508
467
457
459
474
460
459
474
461
474
466
482
487
483
490
488
504
518
532
531
522
523
535
530
522
535
530
533
524
533
527
528
526
534
537
525
524
534
526
517
532
543
510
518
535
531
521
539
542
514
498
544
570
409
128
