548
526
483
504
519
492
517
577
605
581
568
606
587
552
471
419
426
441
444
431
430
438
444
423
443
465
454
441
457
457
444
440
463
449
429
473
578
625
619
603
612
606
597
608
602
557
531
537
558
530
528
578
599
594
579
594
585
579
567
575
579
568
580
570
573
555
579
628
655
648
633
650
661
634
565
531
546
556
549
532
523
508
482
464
443
435
446
445
440
439
466
466
442
429
519
616
654
672
654
611
480
405
457
551
586
553
547
550
571
589
619
627
611
603
619
612
612
608
625
630
602
614
614
617
614
617
620
616
614
623
611
603
619
627
589
545
518
513
523
520
522
531
524
528
533
535
512
514
521
524
524
527
525
521
523
527
521
515
567
636
677
674
653
649
654
668
674
651
601
564
579
591
586
582
582
578
558
553
569
558
555
563
561
556
561
568
551
554
570
605
623
621
610
614
622
630
602
561
517
525
548
524
504
479
482
495
475
479
492
494
467
469
449
459
458
462
459
459
464
459
466
478
476
478
480
472
466
468
489
570
626
641
632
634
636
617
550
541
546
552
541
544
556
536
507
497
485
513
505
505
507
492
484
485
494
489
488
476
455
460
473
459
470
466
465
440
434
450
437
439
438
436
412
390
388
429
400
397
424
486
523
517
501
504
498
504
536
594
627
624
619
625
625
633
602
546
523
512
542
546
510
485
488
478
474
474
489
488
489
479
475
477
467
491
516
539
523
517
539
518
530
540
535
523
541
537
531
517
527
526
525
519
528
539
518
526
534
533
526
533
547
522
535
532
532
514
516
543
521
506
546
568
403
138
