681
654
599
621
657
622
617
643
636
614
612
636
622
585
581
594
587
571
590
590
557
513
497
499
487
507
500
485
466
448
466
457
437
441
438
435
437
436
440
438
435
414
411
418
421
422
415
426
444
446
444
446
440
428
440
433
432
442
443
438
434
441
445
440
443
438
438
444
443
447
445
440
446
434
445
434
438
447
449
436
445
444
437
437
439
447
447
465
474
487
482
475
480
466
464
459
458
450
450
456
460
474
485
483
468
463
510
563
611
610
601
600
614
598
589
600
602
600
598
604
599
596
595
599
596
594
605
595
580
592
589
594
591
591
584
582
584
577
580
588
594
555
496
466
473
492
483
474
484
483
477
487
491
482
468
511
577
628
633
620
611
630
623
597
601
601
583
587
606
601
613
588
605
605
572
538
495
507
517
512
501
521
524
517
506
526
524
499
465
451
456
455
460
463
455
442
454
464
466
445
451
467
476
478
515
581
622
623
606
608
627
614
601
591
582
575
590
592
578
570
577
574
581
573
584
588
580
569
589
580
581
588
570
565
589
597
571
581
577
582
574
595
581
557
499
485
495
495
491
491
491
497
495
496
502
486
498
481
495
472
435
425
418
422
413
414
415
429
429
442
454
457
459
467
451
456
468
519
562
544
528
538
544
546
568
608
605
558
503
477
479
478
490
480
458
496
574
621
607
587
610
622
555
492
465
465
474
483
480
438
411
398
383
378
452
572
662
644
616
632
654
652
612
577
561
555
553
558
545
559
567
555
515
507
509
503
514
519
537
531
515
531
522
508
546
635
646
602
565
574
596
579
570
600
574
572
580
591
590
584
586
592
590
576
575
568
574
581
601
566
564
581
591
548
504
484
481
496
483
485
495
523
532
532
520
521
530
519
516
529
532
514
525
527
518
519
533
533
527
517
534
532
531
528
541
528
516
520
533
522
521
538
534
513
527
542
515
507
552
560
412
137
