583
562
505
513
570
543
523
535
561
589
610
616
614
591
605
620
616
596
549
536
537
536
536
532
534
536
534
531
536
532
530
542
562
587
574
576
574
580
583
558
514
476
471
491
498
476
483
499
490
482
435
423
425
428
418
424
420
428
429
422
437
472
489
469
478
488
495
479
480
479
469
484
523
567
558
538
509
534
598
633
636
604
611
642
627
564
499
445
438
459
453
461
454
442
480
534
580
587
566
577
590
609
620
627
629
635
610
597
565
563
570
581
578
583
580
581
589
580
575
556
556
555
577
556
524
503
517
499
509
526
580
634
622
614
608
619
598
602
613
623
605
599
606
613
614
614
608
612
611
627
595
541
524
531
525
506
522
528
493
440
430
426
439
427
430
445
424
440
438
416
431
451
421
424
460
561
626
612
603
608
619
581
508
476
466
495
491
488
489
498
484
478
530
601
635
631
616
631
643
638
636
615
561
524
530
542
513
463
468
478
464
464
468
471
440
430
430
436
436
420
423
434
442
436
437
427
448
464
476
470
468
473
484
473
468
477
469
470
444
451
453
447
446
441
432
430
423
428
436
434
427
471
565
640
622
562
517
476
481
489
470
416
385
388
405
401
394
389
407
393
394
413
445
458
453
439
445
433
427
477
582
643
647
618
633
623
619
628
635
604
535
506
515
523
497
480
498
493
482
501
501
486
510
527
536
531
529
538
532
532
540
534
534
536
539
517
531
527
539
523
518
522
537
524
516
532
526
524
530
531
521
530
533
530
523
522
522
520
525
534
535
525
536
533
531
524
526
531
518
518
519
520
522
532
526
539
518
535
538
524
521
541
540
520
538
545
526
498
554
580
417
117
