692
657
599
625
658
629
622
645
620
580
563
586
579
567
565
582
592
553
528
493
501
496
497
503
504
491
467
450
460
465
455
449
465
465
449
450
436
450
437
440
440
422
423
434
428
423
434
447
452
449
434
447
428
444
451
450
466
482
482
472
466
471
474
476
484
440
450
463
459
448
455
454
459
458
454
464
465
474
491
471
475
487
482
473
468
498
569
617
599
585
603
608
586
603
596
593
594
597
600
591
603
601
607
577
583
597
570
564
602
596
552
498
478
476
483
477
465
487
494
489
467
491
487
479
483
523
596
623
631
613
625
627
586
593
607
578
532
491
509
531
520
503
506
522
537
505
474
446
450
469
466
455
486
497
479
477
514
583
618
608
609
618
612
620
617
597
574
578
584
584
576
584
578
581
577
589
570
586
583
557
516
490
493
492
445
406
414
432
424
419
424
425
417
413
423
419
408
423
415
424
425
432
424
417
441
475
458
447
455
472
456
439
474
527
546
537
537
532
527
546
573
597
598
600
599
611
568
496
469
484
493
460
474
503
487
459
505
593
617
602
603
608
591
589
614
620
565
495
467
463
461
480
483
449
394
442
585
666
657
628
630
652
632
628
631
653
642
615
580
544
548
566
571
561
551
555
565
548
526
510
505
512
513
508
502
511
521
532
535
521
526
556
623
661
657
642
635
656
648
636
604
596
581
585
594
587
584
586
598
584
588
582
594
589
598
591
586
591
596
591
581
583
575
580
578
585
588
553
495
471
478
476
470
483
490
474
496
525
540
533
516
530
523
529
530
537
536
521
529
543
525
529
534
522
525
523
535
534
515
537
530
507
529
549
528
497
552
577
410
118
