577
557
494
512
546
528
500
478
457
450
467
463
452
453
454
464
452
456
467
464
455
471
467
458
461
459
468
466
471
464
438
440
448
423
379
353
359
366
356
340
364
369
365
346
376
407
403
396
411
420
389
387
461
609
709
705
665
678
690
675
654
602
566
559
576
575
570
560
576
602
615
625
641
620
617
628
591
522
473
487
497
505
452
404
378
371
374
381
374
371
355
408
499
564
548
536
542
541
542
523
540
542
539
535
552
551
532
544
548
548
522
520
520
521
510
519
530
529
558
548
533
535
566
602
621
619
608
601
620
626
605
584
561
576
563
553
565
573
560
556
559
572
568
561
559
562
552
563
572
569
563
582
601
625
621
618
641
642
624
553
529
529
531
521
495
483
488
498
503
488
491
516
541
586
572
558
585
625
634
625
618
627
637
626
624
630
630
616
617
638
637
641
642
631
640
629
615
634
630
605
583
558
561
582
623
644
628
628
638
641
628
637
650
623
564
543
548
558
543
552
547
547
518
514
521
529
522
505
508
514
488
486
483
486
488
486
481
474
453
434
454
454
451
448
453
464
444
443
439
426
411
428
429
412
403
473
567
620
616
607
586
537
500
500
519
519
510
521
503
445
411
429
434
421
416
429
443
417
431
431
425
426
429
430
430
431
442
440
433
442
442
439
429
446
449
413
370
360
355
363
370
348
343
398
524
599
570
540
562
576
559
557
581
622
624
645
625
621
646
638
637
640
625
626
610
593
603
609
603
596
599
579
533
494
499
517
526
524
525
526
512
530
529
523
529
526
536
537
534
527
530
525
526
517
536
537
536
519
521
530
534
526
521
532
533
525
533
523
517
529
527
525
518
533
539
521
531
528
525
523
530
532
517
519
537
530
515
515
555
533
501
542
572
419
123
