610
574
519
552
568
558
534
556
575
555
555
589
627
633
623
616
625
629
605
524
496
503
508
502
502
518
529
508
500
507
511
502
499
505
506
513
502
511
507
502
513
505
496
499
514
503
492
507
516
506
495
534
582
611
601
601
604
601
595
604
611
606
602
603
598
588
597
612
582
503
468
469
484
488
482
458
426
360
360
392
361
352
411
519
555
549
537
552
554
543
555
565
565
565
572
572
566
547
573
582
593
602
593
588
585
596
599
551
497
458
446
479
474
465
453
510
588
635
629
612
608
623
618
614
626
622
627
626
622
616
628
627
621
624
630
593
569
531
529
556
536
508
515
526
513
518
520
524
505
497
494
490
490
494
496
495
488
496
492
490
480
488
495
479
477
458
464
457
457
451
457
462
461
448
441
428
415
422
440
446
456
491
508
506
496
506
519
498
500
502
502
500
507
489
499
506
489
495
494
496
504
499
486
491
496
486
471
463
463
472
473
465
473
470
462
463
461
463
469
461
453
456
464
461
466
469
465
468
474
475
447
456
452
456
454
447
433
405
399
471
589
636
609
601
615
625
607
620
623
578
521
476
467
490
485
488
469
506
578
604
606
600
587
582
586
587
568
468
415
412
440
431
438
447
452
430
438
442
435
387
370
374
370
377
381
369
357
413
545
615
591
569
571
595
573
591
597
601
581
588
636
644
631
645
651
615
587
576
575
582
572
582
585
560
516
494
492
505
492
493
507
507
515
540
526
527
528
536
526
526
518
536
531
528
527
526
521
529
523
528
527
532
524
536
529
520
527
532
526
531
541
522
514
536
539
533
492
540
576
415
141
