627
588
535
563
590
564
556
590
596
590
592
597
603
581
619
586
511
462
488
495
481
473
497
483
451
453
478
459
451
480
546
575
582
565
565
565
556
574
611
643
632
635
625
644
615
549
523
537
552
513
466
436
458
488
508
501
480
480
519
587
623
627
606
607
622
611
609
612
578
551
555
557
563
556
575
563
566
555
575
561
550
554
555
554
559
563
560
566
536
568
597
606
589
606
598
594
600
600
611
572
515
497
471
450
430
414
425
420
429
426
417
451
471
489
481
478
493
489
472
510
556
575
566
567
537
498
470
474
479
480
470
478
480
483
474
471
468
483
461
468
491
528
561
560
545
540
561
580
599
586
586
588
591
596
598
604
580
526
481
489
498
501
479
481
509
489
480
508
560
582
585
587
573
573
585
587
539
472
423
444
459
442
448
437
444
439
433
442
441
437
444
451
484
494
485
467
504
556
571
578
566
573
564
546
544
554
558
542
535
549
559
544
559
549
542
549
559
556
547
545
564
582
604
588
577
586
594
593
583
590
591
588
590
588
562
508
474
475
481
478
491
485
483
460
483
534
556
554
545
566
558
542
537
568
584
592
595
598
590
591
603
598
567
511
488
497
488
487
496
487
490
526
562
584
584
587
575
576
588
585
545
474
423
423
439
456
433
441
449
472
464
482
505
552
580
595
576
544
490
448
448
458
473
463
467
469
473
461
464
483
449
460
498
554
587
590
570
576
585
577
574
529
528
516
529
531
511
525
519
519
521
533
524
535
526
526
534
521
518
532
520
518
531
524
533
525
540
537
527
518
537
541
520
528
548
527
500
551
569
405
122
