660
635
559
581
614
583
560
551
520
520
527
530
535
505
521
543
566
573
583
574
562
573
576
572
572
582
554
543
539
547
540
524
549
608
615
626
628
616
619
619
594
543
494
497
526
519
496
500
533
590
615
624
612
602
626
627
578
506
467
469
486
482
469
468
482
455
435
433
425
415
427
439
413
405
463
585
643
644
612
626
635
635
610
625
630
618
633
615
615
623
637
599
507
461
489
485
472
467
490
487
469
439
427
419
424
436
404
412
463
574
623
620
601
616
622
582
589
584
591
595
584
595
605
588
576
546
519
517
523
533
517
535
528
528
520
520
525
522
511
518
516
531
511
524
545
604
652
647
632
648
646
658
620
576
553
534
519
520
513
510
530
518
508
497
494
487
486
479
493
474
466
464
464
464
458
474
470
460
472
480
497
510
524
506
503
534
575
602
603
595
591
597
589
594
594
607
593
601
595
599
617
588
541
508
520
528
523
517
532
512
463
445
453
459
452
462
465
451
422
429
444
432
416
425
427
430
438
443
436
429
435
447
417
402
477
580
631
633
626
563
491
421
428
448
449
434
444
481
545
585
602
589
572
605
630
639
628
639
641
645
632
649
639
642
640
629
635
647
634
649
633
647
640
644
655
647
640
644
639
646
643
642
644
637
631
633
640
635
645
638
648
639
634
625
589
572
571
574
598
582
553
489
432
372
386
393
370
364
419
554
628
627
578
604
614
615
600
607
617
599
603
615
607
611
602
595
540
515
526
534
522
512
521
530
525
516
536
529
519
501
489
497
499
498
494
482
507
523
538
522
515
524
527
529
531
521
529
526
529
536
526
524
529
531
523
520
520
512
519
535
531
513
537
525
524
526
522
535
526
524
528
529
508
529
544
518
496
563
570
418
122
