657
628
582
603
622
616
594
609
621
613
562
484
435
444
451
445
435
442
455
446
419
406
402
403
394
426
407
392
472
607
685
671
645
667
675
639
574
559
557
565
569
542
546
537
548
543
557
581
591
601
575
577
592
605
570
494
466
460
472
465
460
466
477
472
442
424
434
431
437
422
430
437
423
428
481
562
630
620
590
598
614
621
574
508
482
473
487
478
470
483
457
409
394
406
408
399
394
395
399
394
408
391
383
423
479
525
496
479
539
587
625
610
591
605
613
610
587
528
496
505
515
496
450
447
453
451
449
456
453
452
438
447
456
441
439
432
434
434
429
432
423
427
434
421
435
429
423
436
425
431
413
403
400
389
410
396
393
383
415
462
485
474
480
474
463
478
485
525
555
551
541
536
533
545
534
533
526
518
523
525
520
520
507
543
573
620
604
596
601
607
604
604
596
605
605
599
598
602
608
601
600
599
601
581
604
590
601
590
600
597
591
587
564
561
549
554
553
566
555
564
563
560
523
512
513
516
503
539
607
645
634
613
616
624
630
613
597
520
455
457
505
579
609
619
599
608
599
604
590
605
593
603
586
603
599
599
599
596
597
603
607
603
604
593
602
604
600
595
599
601
599
593
601
605
571
545
520
524
518
545
535
563
555
543
564
596
612
593
592
603
603
573
500
458
457
474
483
467
465
497
558
592
590
574
603
583
593
601
584
513
483
501
495
494
493
503
509
519
515
516
513
513
525
520
513
546
625
678
656
656
661
675
664
630
606
574
580
600
597
590
589
593
588
560
556
553
552
535
544
554
535
500
480
481
473
487
487
488
485
493
517
529
534
516
516
535
530
521
528
531
523
517
527
537
520
529
532
533
521
539
526
517
528
527
536
527
522
533
535
522
520
546
522
503
563
574
417
131
