660
631
539
534
542
513
503
543
588
605
607
607
604
602
596
602
593
568
600
597
568
526
514
513
499
457
435
447
453
445
452
464
475
467
469
465
473
466
466
471
451
446
442
436
427
431
439
432
411
404
408
422
402
403
406
415
394
405
428
450
486
489
481
466
482
482
469
453
511
610
660
650
630
647
653
639
639
638
624
642
646
615
543
508
533
540
517
522
524
549
509
482
468
471
477
468
472
468
469
469
472
472
472
473
482
474
460
495
538
565
571
559
565
559
564
556
542
564
604
614
603
608
601
620
607
599
621
626
577
545
507
493
486
509
508
471
400
349
350
382
368
353
350
383
387
391
408
429
390
368
463
610
685
678
650
675
651
605
573
567
582
551
550
566
576
557
552
546
540
538
554
551
541
539
557
596
599
609
611
607
622
597
615
617
621
606
611
605
615
614
613
615
602
609
618
620
609
622
617
590
543
510
522
522
529
528
527
557
553
547
549
556
550
525
514
521
515
522
524
513
513
511
527
557
565
568
562
572
572
562
575
578
591
587
591
584
594
596
597
576
589
606
562
483
429
457
491
490
468
477
496
476
473
487
496
474
484
506
546
573
574
575
560
564
548
535
538
534
540
526
531
563
590
613
603
601
604
601
599
595
612
591
541
507
527
525
532
527
521
515
492
480
482
481
486
484
480
474
460
461
468
462
468
471
464
463
450
473
465
438
433
421
442
444
430
430
422
411
392
395
423
392
385
424
504
543
528
531
536
533
532
515
527
521
530
533
526
531
535
526
533
531
534
528
541
533
520
529
531
533
531
548
520
522
517
527
531
532
530
527
523
538
518
530
534
529
529
527
532
528
530
532
536
525
527
540
527
518
531
533
526
527
544
520
492
553
573
414
123
