611
593
543
563
589
565
566
567
573
563
564
572
595
586
596
604
601
581
583
580
573
576
578
582
578
550
522
475
469
462
451
449
461
475
447
449
462
459
465
472
475
476
482
474
470
465
468
458
471
467
447
437
407
410
427
418
403
415
423
419
365
332
352
347
343
331
389
434
456
466
463
449
439
486
578
631
621
617
615
624
591
573
589
614
592
587
598
599
586
578
533
508
505
522
530
493
477
441
452
444
450
464
456
451
444
426
437
438
422
430
426
418
429
424
430
408
424
418
417
413
403
392
399
413
400
383
409
412
382
390
449
561
627
626
594
604
627
620
565
530
491
495
503
515
500
503
521
542
536
546
550
537
547
560
584
604
596
591
590
597
598
597
568
526
479
478
511
499
479
495
499
496
473
518
580
611
588
596
605
569
508
487
491
505
484
493
472
458
428
447
456
451
441
435
454
449
483
487
489
493
472
466
452
450
465
442
418
396
405
427
399
413
404
404
424
459
488
479
468
455
488
559
586
585
582
581
576
599
605
630
624
614
620
622
609
561
535
528
536
535
544
537
548
540
509
472
442
458
451
416
402
403
421
408
411
408
411
401
408
415
407
397
405
410
395
391
456
581
631
590
519
496
505
504
518
514
557
579
577
559
556
569
576
554
539
524
531
535
534
532
528
515
534
527
533
532
535
532
513
541
536
520
514
545
524
493
550
581
404
132
