492
473
434
449
461
427
403
411
429
423
420
414
437
464
493
504
466
483
542
563
547
528
546
550
549
524
460
400
409
444
432
411
418
469
546
576
576
567
559
585
583
573
573
590
623
650
657
637
639
646
619
591
590
590
581
601
603
572
500
474
474
503
485
480
477
488
458
415
386
393
408
379
392
412
454
476
488
471
469
469
477
460
472
477
475
462
488
570
601
590
584
595
584
590
556
552
551
559
547
558
561
548
571
613
616
639
636
602
523
496
491
497
498
495
504
492
464
449
463
472
461
462
458
450
439
455
464
450
447
438
435
443
431
436
438
436
442
451
435
441
452
467
430
407
386
381
403
390
372
380
392
445
475
473
459
447
462
481
493
514
509
523
561
581
574
581
576
583
570
573
593
593
579
571
582
580
537
483
466
468
450
497
572
618
610
596
588
595
609
593
589
588
595
604
610
627
573
504
451
452
472
465
443
508
611
682
673
646
659
663
660
653
669
681
647
593
596
579
590
586
590
595
569
515
498
510
519
513
508
502
520
514
475
450
465
467
465
466
462
474
481
487
479
476
483
470
470
481
479
474
483
478
470
483
475
426
401
413
424
409
413
415
414
398
380
402
394
374
382
405
379
358
454
602
676
667
623
636
665
644
647
607
589
577
587
600
594
566
520
514
506
502
519
525
503
501
511
517
505
460
444
454
459
461
462
452
456
473
493
484
484
481
478
500
515
538
541
532
520
538
529
511
530
524
517
527
525
526
526
518
528
528
515
528
535
529
522
539
545
518
524
533
524
517
525
547
526
498
554
575
418
120
