656
618
558
574
618
590
573
550
527
511
525
538
515
541
599
614
602
590
602
610
588
606
608
598
585
588
588
592
587
575
522
501
510
518
496
492
515
501
461
448
444
448
430
438
474
478
447
434
441
433
442
452
439
439
424
421
402
410
415
416
406
387
425
421
444
516
602
648
636
638
652
618
550
513
527
534
533
536
525
514
476
460
467
472
469
470
475
477
478
468
477
480
477
474
469
493
547
572
565
546
560
570
561
552
598
620
607
595
615
632
577
523
500
504
506
513
516
501
492
518
522
479
387
354
355
367
367
367
361
358
358
365
354
362
367
366
364
354
359
360
352
382
390
398
385
411
403
402
400
418
382
377
456
613
681
679
652
650
619
574
574
599
598
584
578
599
582
573
581
595
576
562
566
567
565
559
568
558
559
540
542
544
544
543
553
539
533
560
602
625
618
616
604
607
604
622
591
539
515
518
535
530
529
539
533
523
526
532
527
529
515
541
549
542
558
551
551
521
507
516
520
518
513
520
535
564
567
578
573
565
572
572
563
579
598
601
579
589
601
560
488
435
458
466
454
431
443
470
492
484
487
510
550
569
560
559
558
556
561
565
560
534
534
533
553
543
533
533
562
599
621
629
608
623
626
618
605
601
611
601
586
598
612
586
545
531
520
533
531
536
515
521
527
536
514
491
483
500
491
481
488
478
476
453
473
467
462
462
482
470
446
430
445
430
430
437
432
421
412
405
404
390
438
505
546
532
517
539
537
524
519
528
536
522
526
530
537
523
516
533
529
518
540
537
530
513
538
537
522
521
532
524
523
520
534
514
516
527
539
521
521
540
533
504
524
546
520
495
550
564
405
131
