497
473
418
446
466
438
428
449
429
403
396
441
428
405
413
454
472
482
500
488
470
490
497
472
461
491
543
554
546
556
553
538
546
554
520
452
424
420
418
426
429
425
428
464
546
585
595
616
643
661
637
645
637
605
570
593
601
580
578
595
598
558
503
489
489
489
496
478
475
484
504
456
409
377
395
381
382
385
395
387
376
412
466
481
496
458
456
500
557
607
592
578
588
594
590
583
600
583
583
587
601
587
586
590
591
599
585
596
590
589
589
593
583
581
560
556
551
557
558
552
554
579
600
623
622
621
618
629
620
581
530
493
508
506
490
504
507
497
469
448
462
465
467
460
463
452
441
444
444
448
440
452
438
444
450
452
445
438
450
450
427
403
389
384
389
395
400
381
376
403
444
476
472
462
456
479
505
506
510
511
518
518
527
500
523
557
594
581
570
578
588
576
571
585
589
585
571
582
581
580
587
600
548
483
458
465
454
453
496
572
621
616
595
594
626
618
563
500
464
464
470
466
476
464
444
508
615
680
659
638
663
681
654
600
587
586
586
590
558
523
504
523
523
520
510
511
512
507
508
508
501
467
457
462
464
471
463
479
461
454
458
468
456
463
460
472
482
474
467
482
486
474
466
482
477
472
481
485
469
473
479
479
459
430
413
419
422
409
402
393
389
406
392
390
395
408
376
358
456
589
683
673
639
647
678
652
605
585
594
605
581
587
592
608
573
531
505
500
507
511
509
513
505
458
440
447
470
457
457
450
465
477
483
487
470
495
504
530
535
523
531
526
515
514
536
528
524
524
529
531
534
528
539
532
520
533
528
520
528
533
522
518
537
533
513
513
532
524
511
519
550
521
503
549
569
423
123
