584
555
507
521
541
546
576
631
641
600
594
621
610
610
608
624
587
548
538
525
529
539
546
567
586
595
566
506
486
494
485
487
481
498
489
487
490
477
446
421
417
446
419
415
456
470
483
479
493
477
476
485
486
476
486
500
535
549
553
552
552
545
542
543
536
514
507
499
499
510
497
496
547
590
619
624
618
619
638
636
579
492
436
438
456
453
439
482
556
588
569
576
591
607
621
615
618
627
630
618
615
599
581
567
573
567
573
576
574
577
577
566
580
582
565
582
574
573
593
594
589
575
563
572
573
566
563
567
558
563
560
559
568
554
527
514
515
516
513
521
507
507
538
582
631
621
601
612
616
612
590
538
526
523
538
526
496
449
421
432
455
445
433
447
448
425
432
482
571
622
618
591
593
615
604
570
506
474
479
493
489
472
461
479
491
479
489
500
494
476
488
526
604
650
648
642
625
642
635
607
553
527
526
544
548
519
479
467
470
472
467
468
433
424
437
434
434
418
430
446
437
440
428
435
446
456
471
473
475
469
469
449
445
458
466
444
452
453
448
441
432
442
436
426
427
441
432
434
434
449
424
416
470
557
611
615
589
605
630
621
565
502
487
484
504
485
464
478
493
476
475
474
495
485
477
486
499
460
411
393
395
393
409
399
405
406
435
458
451
433
448
454
429
424
485
598
644
652
634
635
649
631
591
548
509
503
516
511
518
511
519
496
487
482
492
488
483
488
507
523
527
533
530
522
524
524
525
530
535
532
526
527
527
534
527
534
521
523
526
525
527
527
539
522
528
524
529
512
533
528
531
521
532
520
512
532
526
529
518
524
533
517
519
538
527
514
524
541
531
501
540
588
409
137
