609
588
522
566
588
560
539
593
608
621
625
619
621
623
647
590
529
504
518
521
510
517
523
516
507
527
511
495
522
538
503
426
395
399
402
403
383
396
403
424
431
416
415
429
414
398
476
631
708
681
657
682
688
668
675
693
659
612
589
611
603
601
601
590
592
581
592
586
572
584
590
560
498
479
473
495
489
472
419
386
391
415
398
388
404
408
383
386
415
471
487
478
484
492
500
482
480
508
547
577
560
558
561
569
557
557
548
525
525
531
544
525
512
548
576
589
590
591
583
578
586
593
585
590
606
584
575
567
574
586
567
566
568
570
567
572
583
559
566
597
624
644
644
644
629
560
528
532
532
535
526
535
519
483
453
462
466
468
459
457
488
498
512
519
524
500
515
494
530
571
604
604
593
592
611
606
568
511
486
488
499
509
493
499
500
492
504
541
575
579
558
561
574
555
526
525
517
508
541
606
646
636
612
640
651
608
574
543
541
543
544
556
545
538
552
551
538
525
511
501
499
523
513
500
513
506
492
454
438
437
441
448
437
442
434
439
437
446
447
448
433
433
443
443
434
437
446
449
445
434
438
444
432
438
439
440
445
430
444
447
428
435
438
435
436
445
439
446
463
462
428
422
502
635
709
692
669
688
708
708
675
616
578
600
620
581
519
490
498
510
501
501
505
518
499
469
458
462
465
465
450
465
445
432
420
422
426
421
422
436
435
399
380
353
347
348
382
397
422
484
582
634
644
625
599
545
511
500
514
500
504
515
501
469
463
464
460
462
457
490
480
478
472
480
479
476
490
487
482
483
478
481
508
534
531
527
535
535
521
528
538
527
531
535
529
532
525
532
525
514
536
538
522
530
539
536
527
524
553
524
511
537
573
415
131
