519
505
458
468
499
484
448
410
385
384
400
386
395
401
396
393
440
523
588
562
552
557
552
529
525
548
545
527
527
541
555
561
571
581
599
596
580
590
597
597
576
506
477
478
488
490
479
460
392
358
368
370
368
351
386
439
464
450
458
471
446
438
481
564
590
599
584
598
588
591
605
617
636
652
635
612
560
522
527
542
542
511
469
454
447
447
446
408
404
400
407
407
391
405
406
392
379
451
610
688
665
651
673
648
574
557
565
573
542
538
538
558
526
535
569
588
610
629
613
600
612
634
582
506
475
480
479
483
478
465
473
519
614
674
670
648
652
668
674
637
580
531
544
544
563
555
546
549
543
548
517
460
420
439
462
442
411
463
514
549
541
557
583
555
552
573
615
621
627
622
603
570
548
561
561
564
556
568
550
528
512
520
519
513
508
512
521
506
514
521
510
492
493
522
543
560
555
537
555
554
551
557
558
562
575
546
567
565
594
585
583
577
570
550
542
550
543
547
559
584
590
604
604
568
486
445
451
476
456
448
473
447
391
370
381
401
364
366
400
381
355
429
550
624
611
604
612
624
615
609
614
619
613
587
550
529
533
553
529
513
533
545
515
482
457
452
457
458
457
452
451
465
445
441
479
506
540
535
530
521
533
531
523
534
527
542
517
519
525
535
531
522
528
528
526
521
542
542
507
518
545
519
501
548
578
416
131
