526
500
474
489
489
468
479
504
488
507
586
626
618
597
599
614
604
598
605
597
600
604
578
501
460
467
473
466
466
468
483
468
469
430
403
399
432
434
416
423
428
404
389
443
547
613
594
593
588
608
593
568
548
511
506
517
514
506
507
516
526
492
451
415
429
430
421
428
444
404
357
347
351
344
353
354
347
341
376
443
476
473
470
483
457
460
503
558
609
597
581
592
601
596
564
499
475
464
481
471
466
480
495
489
477
475
480
477
477
480
485
471
484
486
472
472
494
577
587
601
577
585
593
599
599
587
590
581
587
581
595
576
590
583
586
586
577
582
590
579
590
595
574
559
551
553
552
561
548
547
555
578
605
614
618
612
606
608
612
616
615
607
613
632
575
467
428
438
460
445
435
438
446
443
432
423
423
449
429
431
470
573
634
630
607
618
590
524
480
506
509
496
487
473
504
493
496
485
507
547
585
574
572
574
580
580
560
584
581
577
567
588
570
561
572
584
559
522
521
516
513
521
516
499
444
428
429
440
423
427
442
453
411
386
347
354
362
366
362
371
371
394
382
378
404
388
371
429
536
609
590
574
583
572
582
576
589
580
580
582
586
592
584
589
592
578
589
597
563
519
514
517
514
515
509
518
497
537
596
613
622
610
600
596
591
552
520
484
487
481
493
492
482
488
511
490
500
496
500
492
511
494
492
497
510
491
490
519
573
592
586
586
587
582
567
580
589
613
629
626
615
618
624
612
626
634
621
608
630
628
591
514
467
485
490
481
474
477
483
476
505
570
621
608
600
607
599
597
598
601
600
597
574
565
552
542
551
547
529
546
549
550
535
542
540
544
542
547
553
541
545
569
573
540
503
468
470
478
482
456
484
484
476
467
481
507
524
528
527
529
522
517
522
527
515
511
528
530
529
526
535
531
515
530
532
513
527
536
540
536
536
537
526
514
528
540
516
532
547
523
484
539
565
409
122
