499
477
430
458
468
438
441
462
463
455
439
453
448
448
442
427
427
420
427
419
398
403
409
386
393
405
391
380
435
545
624
625
592
597
601
599
580
556
540
521
523
545
588
613
608
608
593
612
599
612
583
547
536
532
519
539
525
530
528
526
535
531
532
521
530
517
501
472
484
481
492
477
484
493
478
487
488
496
481
477
456
462
457
454
450
440
447
436
442
435
425
444
450
437
432
443
452
439
419
476
560
584
519
463
482
503
490
470
490
509
470
465
554
647
682
706
683
658
610
589
583
591
598
590
601
603
594
549
494
464
458
474
470
459
474
476
457
434
419
432
447
449
428
417
466
553
608
617
584
593
602
609
588
597
594
587
583
542
519
507
544
572
580
578
570
592
566
563
582
610
621
616
615
609
600
620
622
569
528
502
489
503
551
635
703
688
666
673
683
646
587
564
578
575
579
584
556
514
484
501
488
506
543
573
566
557
560
555
568
562
573
578
562
569
572
575
566
566
569
577
569
581
583
587
568
583
582
582
595
585
571
517
489
488
494
497
479
494
521
479
470
546
638
698
693
673
658
594
541
549
552
555
540
544
507
467
472
501
475
460
516
636
693
687
661
686
680
655
605
604
588
591
590
590
589
607
605
573
495
452
444
459
469
466
433
414
365
351
412
502
561
543
552
545
542
556
559
586
578
574
570
587
588
614
594
596
588
597
582
541
539
532
533
528
528
552
517
459
464
458
449
463
465
467
454
475
524
544
520
517
539
531
524
536
534
522
518
530
531
522
525
531
541
519
530
539
522
525
532
529
509
525
531
530
523
535
532
520
529
545
525
501
544
585
418
126
