603
574
541
565
588
564
553
580
584
566
567
584
569
569
572
603
597
584
602
607
594
593
607
591
587
568
585
573
580
549
519
481
480
500
491
469
462
464
444
444
469
474
477
491
485
475
471
479
477
469
475
484
490
468
473
474
465
464
461
461
471
470
460
434
412
410
417
417
405
422
421
395
362
347
359
353
362
354
343
353
353
337
335
357
436
457
445
440
456
463
452
440
493
579
637
626
601
617
621
622
614
624
606
599
599
582
584
601
606
566
522
508
504
509
507
511
515
505
464
442
451
455
467
464
450
457
460
456
463
458
467
467
454
450
429
436
439
433
439
431
426
432
432
423
418
403
389
386
403
394
375
455
570
629
616
599
623
618
597
607
622
592
532
482
498
516
509
493
507
510
526
536
545
539
539
561
588
599
603
593
597
620
574
507
472
494
518
496
482
480
523
569
600
600
587
611
608
568
499
474
503
482
459
431
438
449
441
450
450
442
443
452
482
490
483
484
480
483
454
447
462
463
454
417
410
393
416
410
403
413
405
398
386
416
455
471
456
471
468
473
466
460
493
561
595
599
576
583
604
622
621
629
640
642
600
561
524
524
539
523
530
531
533
533
525
531
538
532
545
528
529
541
529
530
527
525
525
526
530
525
534
527
520
483
463
448
464
458
438
458
486
452
415
409
422
409
391
455
573
621
612
594
610
617
610
611
594
529
494
500
511
505
492
512
513
514
549
568
566
570
563
542
526
524
522
527
523
524
530
524
514
524
522
511
532
532
517
534
539
535
514
524
532
527
524
527
528
517
519
532
528
523
527
540
530
518
529
538
521
515
541
523
497
558
580
410
126
