522
502
479
569
638
617
580
606
627
610
579
507
462
468
483
479
461
469
486
469
427
411
408
422
423
392
405
460
539
617
595
581
574
608
599
568
530
509
527
515
506
521
522
498
449
418
415
434
425
414
423
415
378
345
350
355
343
350
355
365
353
341
363
365
349
354
354
347
352
357
359
362
361
350
351
351
348
336
381
451
496
471
469
486
488
461
507
571
595
591
574
592
586
574
598
607
578
508
465
475
474
471
477
487
471
479
475
470
481
514
554
597
589
579
558
550
551
553
558
543
540
561
603
633
607
620
629
576
475
422
444
449
443
429
436
445
415
416
436
430
430
428
455
427
413
474
570
633
624
603
606
623
614
589
528
503
488
496
501
496
500
504
486
476
487
489
481
488
497
492
478
512
550
584
583
575
579
592
572
570
566
570
568
582
582
575
569
575
532
503
504
510
503
505
515
495
451
415
428
448
412
443
460
432
374
361
376
370
344
364
372
355
366
375
380
365
374
404
377
384
432
543
599
592
569
586
590
584
591
583
593
584
589
593
578
573
587
559
532
507
502
518
511
504
515
544
589
607
609
605
592
591
596
581
591
591
582
591
597
594
583
590
610
556
512
477
484
487
491
471
486
497
481
487
487
496
488
493
500
494
491
508
568
593
583
581
581
594
582
569
604
614
633
631
627
609
609
622
634
596
501
470
484
488
462
493
573
615
608
590
607
605
590
577
596
596
595
599
593
555
546
546
542
542
541
543
555
552
556
563
566
569
576
565
552
570
569
545
492
465
480
484
482
466
461
476
486
508
538
532
530
522
527
513
514
539
524
513
527
540
531
529
535
532
527
535
543
526
527
531
531
528
524
541
531
518
526
540
519
519
543
542
526
519
541
533
512
542
578
427
126
