642
611
559
605
639
569
528
531
520
519
517
528
512
534
562
592
563
569
585
579
573
565
579
562
532
541
544
539
534
558
605
618
616
606
606
606
617
631
587
536
492
498
506
514
496
505
515
504
508
516
494
498
531
590
629
616
614
621
589
510
451
470
477
456
458
472
472
465
468
456
419
407
452
428
399
465
589
637
628
608
624
617
618
620
627
618
617
639
593
516
469
478
471
473
483
495
485
440
419
423
412
430
418
412
460
569
645
630
598
622
625
616
617
623
625
600
606
598
593
585
595
605
575
538
523
516
516
518
514
512
538
622
657
665
636
642
648
637
639
657
624
569
533
540
556
539
549
547
538
518
523
519
524
513
500
515
513
513
493
485
484
486
486
476
491
476
464
459
452
463
441
463
466
457
467
468
476
470
469
519
521
516
509
518
507
506
528
585
597
596
591
605
600
584
591
599
612
593
595
598
607
592
543
511
527
534
510
456
438
448
449
421
428
437
423
427
435
440
432
422
447
436
422
478
587
632
621
592
621
630
612
614
633
575
467
424
425
457
442
427
442
485
543
588
593
582
574
609
623
640
652
648
628
629
642
639
622
599
577
560
572
596
562
492
436
462
456
477
452
456
459
449
460
440
389
368
375
386
377
382
392
398
380
367
392
383
377
382
391
381
373
378
395
373
371
387
376
377
371
381
369
379
371
395
370
352
431
553
630
612
596
610
614
603
603
602
599
609
592
605
605
601
595
621
612
588
547
528
516
498
483
482
509
523
527
541
522
537
536
527
520
529
533
527
525
528
528
539
518
518
533
513
523
516
519
530
529
518
525
516
524
519
521
531
524
523
539
530
538
519
518
516
530
526
520
530
541
521
523
537
524
514
518
543
527
506
540
579
418
123
