576
554
496
524
534
530
521
521
476
439
442
460
464
454
439
462
467
470
465
469
463
457
439
436
439
426
441
436
420
374
343
351
400
406
406
399
411
405
387
411
407
390
409
419
390
369
448
617
716
691
667
675
707
656
597
559
564
584
566
577
574
574
580
614
646
595
520
473
485
489
491
475
498
476
396
357
368
381
384
362
362
413
501
560
563
529
547
555
554
543
517
528
512
509
522
521
523
516
511
527
538
540
555
546
545
539
540
534
543
558
592
620
631
613
575
568
578
567
569
571
578
573
561
559
561
575
549
571
561
571
567
560
563
574
568
560
564
569
559
554
573
607
629
636
624
631
631
628
629
641
661
612
556
519
526
542
521
528
542
525
495
502
557
573
580
563
585
574
563
586
621
640
624
624
636
633
626
603
584
552
562
569
568
568
571
572
568
589
631
662
652
627
637
652
638
639
634
655
623
570
540
540
546
541
546
546
554
555
552
525
509
512
518
515
517
514
516
521
512
486
471
481
498
482
482
507
485
460
455
444
456
446
448
459
443
432
418
420
422
424
435
429
416
427
423
435
415
432
438
419
406
467
569
624
634
609
608
622
624
580
547
501
510
520
505
516
512
525
526
488
434
430
415
425
434
432
424
430
431
426
427
439
439
446
443
445
439
442
415
385
366
346
360
377
350
354
424
514
574
565
557
573
570
559
580
613
630
641
621
617
638
642
642
634
632
637
618
607
605
598
586
539
512
510
526
532
530
535
533
526
533
541
542
528
524
532
537
530
523
524
531
525
529
528
522
524
525
529
532
519
527
534
536
521
529
535
517
526
548
538
516
521
541
530
493
550
572
416
127
