641
634
571
592
613
591
563
532
532
506
520
534
522
512
543
593
616
610
608
592
584
580
599
577
577
589
594
583
587
587
600
575
522
510
517
518
504
501
506
507
465
445
433
447
440
452
447
460
454
455
463
455
449
459
459
458
464
469
464
462
468
473
451
421
415
421
408
422
418
390
411
461
495
466
461
520
600
634
645
639
623
561
519
523
543
530
533
528
526
471
465
470
475
467
459
478
470
466
473
480
461
465
473
467
462
461
477
480
466
465
481
471
476
473
495
522
573
572
541
544
562
550
560
591
618
611
597
623
628
577
519
495
512
514
492
505
504
458
396
343
355
371
368
357
360
369
398
400
406
408
411
393
371
456
594
681
682
655
665
684
680
646
609
582
583
593
597
586
576
598
588
583
575
596
584
576
559
567
555
558
569
569
572
569
572
545
540
546
536
540
549
546
540
543
545
545
548
543
558
577
553
526
525
534
549
537
550
556
546
555
563
562
548
526
508
514
521
527
521
528
518
517
510
525
549
576
570
553
565
581
565
563
573
574
582
585
604
592
585
600
614
564
480
422
448
458
460
446
435
456
467
475
483
512
547
573
584
567
569
576
552
542
528
542
536
531
538
537
539
525
559
611
630
623
618
616
631
612
617
620
599
598
591
611
583
537
516
517
542
529
537
535
543
509
495
487
482
497
491
493
482
494
490
489
489
490
493
466
460
448
463
464
468
466
450
445
438
437
436
441
437
439
410
389
412
411
396
429
490
545
516
510
530
542
525
521
536
523
516
527
541
526
524
524
532
526
528
524
528
512
539
535
534
527
525
542
519
518
534
518
510
529
540
524
493
552
577
404
124
