609
593
540
559
584
556
543
568
577
568
566
586
569
568
574
577
573
570
597
618
597
598
608
615
594
610
608
587
577
585
603
550
505
497
497
485
497
493
479
463
456
455
453
450
452
456
455
470
469
483
480
475
474
484
485
469
477
464
464
468
457
457
468
465
477
453
429
405
417
416
416
415
414
409
358
334
350
358
344
345
370
359
335
369
436
469
458
450
467
465
438
485
583
632
618
604
623
625
608
614
630
619
610
608
609
626
616
627
628
618
610
624
617
615
597
586
586
591
596
602
581
538
495
505
502
510
514
517
505
461
435
453
460
461
457
472
459
460
450
429
430
435
434
425
431
431
426
426
417
433
425
423
419
406
395
404
425
403
384
444
552
619
621
599
597
609
605
583
532
492
486
505
504
494
505
515
531
542
549
544
545
551
552
548
545
545
540
545
540
537
550
535
549
542
572
603
602
595
592
601
597
568
508
483
485
493
498
481
490
512
556
600
584
595
595
623
580
517
481
484
496
471
459
445
446
441
448
449
441
443
445
459
474
486
491
472
483
478
492
469
461
466
462
459
462
468
447
424
419
415
409
416
407
409
400
416
392
399
414
418
414
409
410
406
408
407
404
408
391
424
457
478
476
464
473
468
467
502
551
602
578
576
591
584
587
583
581
583
573
581
606
617
620
631
618
612
630
635
603
551
523
540
539
532
537
545
511
474
451
453
462
464
466
461
484
455
421
414
407
404
416
414
415
398
407
408
405
410
404
418
401
391
447
571
639
625
592
609
618
610
617
587
529
499
502
521
524
501
500
515
539
571
568
564
568
577
561
533
519
529
536
526
528
539
533
527
528
528
520
528
537
533
525
525
525
520
506
536
528
509
509
537
522
517
525
538
522
513
537
540
523
525
529
537
508
523
553
528
494
541
566
407
121
