553
533
494
513
532
531
547
606
605
571
571
603
610
540
461
437
430
435
448
448
436
447
450
445
441
440
461
427
437
497
584
628
625
609
609
553
531
527
546
539
522
557
584
595
582
584
591
589
597
601
600
581
565
567
568
585
584
552
564
591
627
658
663
647
635
642
656
628
575
545
543
555
547
550
545
548
514
511
511
506
487
500
502
500
454
438
452
448
441
438
455
454
440
471
462
455
451
506
603
689
686
584
479
419
435
443
451
432
434
474
528
565
562
562
560
580
564
550
570
612
622
617
613
620
621
584
554
504
513
565
635
668
663
662
657
666
664
669
658
599
582
582
586
585
581
589
584
564
554
556
565
540
555
562
547
541
550
561
562
550
550
573
611
620
621
608
617
617
616
617
629
632
605
562
530
525
553
535
536
547
531
500
488
487
483
479
468
475
490
465
471
476
484
474
479
481
465
468
495
479
462
498
563
594
576
591
607
638
637
627
634
632
643
607
567
538
537
548
536
539
548
530
512
491
499
510
503
500
490
483
478
485
489
487
473
464
476
465
472
470
459
468
461
454
467
465
463
462
469
468
461
463
455
462
465
460
450
476
469
462
445
458
438
434
445
441
449
435
404
406
411
395
401
406
407
409
406
416
405
386
368
395
394
388
390
399
388
376
417
490
546
523
496
515
532
509
502
559
604
632
613
622
614
617
629
628
610
556
528
526
537
530
534
540
529
532
520
541
519
490
474
474
490
476
483
484
483
468
489
516
530
528
526
530
530
524
521
525
532
527
524
526
518
529
530
529
538
521
543
533
524
530
523
531
525
518
521
528
531
529
532
508
534
542
525
531
537
538
523
525
542
519
493
550
582
415
129
