651
625
564
598
636
581
510
511
546
565
602
621
596
599
619
608
592
573
599
600
577
595
601
572
519
507
502
519
506
503
519
502
504
492
464
445
441
448
441
445
447
463
466
459
470
470
468
461
458
445
466
466
471
441
427
431
446
430
439
451
419
413
406
405
408
432
458
492
467
457
513
602
671
647
630
636
653
646
632
642
656
619
558
509
520
542
535
513
486
472
465
478
470
471
473
485
472
465
479
496
474
469
494
550
561
560
544
557
568
557
555
554
560
591
613
608
602
595
610
614
580
533
484
491
517
502
484
507
513
463
386
353
396
412
391
395
417
388
378
460
604
686
679
653
669
679
669
672
661
614
576
577
587
591
570
563
566
563
566
559
568
554
556
549
532
544
571
551
534
552
546
533
533
569
605
616
606
616
595
620
622
592
543
514
527
532
521
515
528
548
547
546
558
546
550
549
553
555
521
513
508
516
521
519
512
519
562
575
580
556
572
593
596
596
574
604
602
553
476
436
449
463
448
441
455
473
490
487
478
490
490
491
472
504
546
565
557
566
574
564
549
523
529
558
595
623
632
628
619
613
616
617
605
590
598
602
593
594
601
600
599
600
603
621
595
555
519
524
537
533
514
518
542
527
523
493
491
473
470
469
455
442
449
440
441
435
439
442
430
410
406
387
399
427
491
542
535
527
534
538
519
516
521
526
531
531
522
526
532
533
523
532
530
527
532
528
524
528
537
530
523
544
535
524
520
528
521
517
530
538
529
520
527
530
522
517
539
525
498
525
553
523
502
550
573
413
129
