669
636
571
606
627
595
590
620
604
525
515
531
545
528
517
536
523
510
509
496
468
495
503
489
468
459
466
455
452
470
477
465
463
432
416
410
422
413
411
415
407
399
389
398
398
391
386
387
387
386
411
471
482
491
474
488
489
485
476
521
558
581
578
571
574
571
579
577
575
572
586
575
560
573
586
572
566
588
571
573
581
605
631
614
599
609
611
610
618
620
587
517
487
501
517
509
511
508
492
461
463
463
476
461
465
458
474
496
493
497
490
488
498
499
498
499
492
496
495
495
501
493
481
499
506
497
458
442
454
445
440
456
484
481
487
496
486
468
524
598
655
638
622
649
650
631
642
663
617
543
518
546
542
527
539
535
528
503
494
505
488
430
405
402
416
421
414
403
415
405
382
378
391
389
381
387
395
388
363
448
586
679
664
626
646
663
656
616
610
600
573
597
608
580
577
609
601
562
507
482
500
494
481
500
490
478
420
398
397
387
397
382
389
397
419
437
426
427
429
439
417
408
468
578
620
618
592
613
624
595
529
510
525
524
516
527
515
514
527
537
554
566
574
563
562
570
552
553
538
535
531
532
538
554
528
517
566
630
694
694
674
680
681
689
668
680
678
685
669
629
598
602
613
599
612
617
601
549
515
523
531
508
465
437
435
440
448
449
449
447
453
474
484
476
469
481
522
586
636
644
609
615
640
629
586
553
516
501
513
539
594
636
632
611
602
639
632
591
521
489
502
499
508
501
500
485
476
459
459
468
467
463
449
459
449
444
454
465
455
446
479
522
535
528
534
525
529
519
538
529
524
523
540
521
522
520
527
518
521
536
536
520
526
539
523
525
531
538
511
528
538
545
525
533
546
523
500
543
572
413
125
