646
611
560
596
617
596
588
605
582
518
519
519
523
531
569
586
583
571
568
555
539
537
545
539
544
550
553
539
546
533
538
546
603
622
607
605
631
596
535
494
507
494
513
504
508
523
571
623
624
595
595
615
612
600
618
620
605
611
607
621
617
605
618
609
609
607
614
620
599
614
608
606
601
604
603
617
626
616
615
614
620
609
608
615
623
570
496
457
465
476
483
476
459
439
421
434
426
438
416
419
419
432
424
407
473
583
643
625
615
632
642
627
620
627
646
636
631
637
639
623
618
623
616
612
637
647
590
516
472
470
499
486
466
469
477
485
490
488
485
480
476
486
476
467
471
470
489
479
481
477
487
483
478
498
492
476
483
483
475
463
438
416
417
434
435
409
402
466
571
633
630
603
610
619
615
598
609
614
605
570
585
600
589
588
594
604
582
527
523
530
508
506
559
613
644
644
639
631
639
651
656
631
562
539
540
556
522
503
508
525
511
498
493
480
488
484
491
478
453
456
465
454
465
466
469
473
469
481
464
471
464
460
480
490
515
506
503
513
513
513
501
496
541
570
606
599
598
596
600
607
589
583
593
599
589
535
514
517
533
532
523
515
528
527
506
469
449
440
460
457
451
435
434
426
426
430
426
425
419
431
433
434
422
436
425
431
441
424
433
437
424
414
474
581
629
614
605
624
615
616
620
641
577
490
419
427
457
452
417
440
489
545
593
609
625
645
651
637
613
599
576
548
590
587
547
469
446
461
470
468
465
458
463
456
430
386
362
386
375
372
373
391
373
371
429
549
640
624
580
604
618
612
600
607
616
612
604
615
605
593
556
524
512
532
529
529
537
522
493
491
495
495
484
488
493
503
483
492
492
504
483
479
495
524
526
533
516
535
523
523
528
524
532
523
528
530
526
528
531
536
525
531
536
530
522
527
543
519
533
534
514
514
531
527
525
520
534
533
521
529
537
523
514
532
539
534
524
535
536
502
522
537
519
504
551
570
404
123
