468
431
385
404
431
418
411
428
425
425
460
492
496
470
475
484
507
472
476
494
533
562
549
542
559
517
462
412
423
425
426
419
416
422
463
533
590
590
561
583
628
646
637
645
636
632
628
608
578
570
588
577
571
586
597
570
500
471
486
486
492
463
419
384
393
401
391
399
463
490
480
472
472
476
460
473
491
476
458
501
569
596
600
581
588
594
592
604
590
565
548
553
561
586
606
641
643
585
519
487
492
498
510
497
485
488
479
449
460
471
458
444
444
439
445
431
446
440
434
443
444
444
448
450
442
450
459
435
403
376
385
397
389
376
411
457
471
471
462
458
472
461
459
465
466
473
469
463
463
462
468
463
465
465
465
473
463
455
464
468
465
465
472
460
467
457
468
455
465
459
455
473
497
514
510
507
513
516
510
497
526
579
588
581
574
588
585
581
580
585
596
593
579
578
573
565
585
567
575
580
585
551
491
459
465
478
471
464
473
482
450
449
494
572
622
608
601
593
613
618
609
583
498
449
463
480
467
467
511
619
690
671
649
670
685
637
591
571
593
562
524
510
513
512
514
513
509
474
444
451
466
473
454
466
461
468
465
457
465
480
464
475
488
471
479
479
477
467
472
489
469
480
483
473
486
482
478
463
431
396
402
424
420
414
409
410
394
369
457
597
666
652
640
653
652
616
579
594
601
585
568
535
511
501
515
517
498
505
519
504
460
448
462
460
453
451
461
474
476
486
478
479
477
479
488
482
482
491
519
525
526
544
522
517
532
534
526
525
540
530
528
527
542
523
525
530
530
530
541
531
520
523
529
525
525
527
542
533
517
528
538
516
523
524
526
517
521
544
531
515
545
573
405
130
