523
510
456
472
490
488
452
468
516
585
577
521
466
471
479
438
384
398
424
420
405
414
464
551
614
625
565
510
523
537
484
433
424
416
423
416
437
410
361
339
350
350
350
341
377
440
489
483
466
465
498
562
600
608
581
575
600
604
564
500
475
485
492
485
480
487
480
481
481
484
482
470
486
475
483
483
491
481
480
484
499
473
467
515
563
594
586
582
585
588
586
591
586
566
543
553
563
559
551
546
554
556
554
548
554
589
620
621
610
611
621
626
591
484
421
439
451
446
431
448
458
432
422
426
435
412
470
572
639
613
609
624
626
592
604
623
592
529
497
486
507
497
498
499
496
488
486
483
492
551
584
562
522
496
503
508
498
510
516
490
458
425
443
439
437
421
442
448
441
426
434
456
416
364
358
363
364
367
359
364
374
365
364
372
354
361
351
362
370
394
375
357
426
530
592
602
565
588
588
573
571
591
589
575
581
572
584
586
576
589
582
571
593
591
580
588
584
585
585
590
594
586
577
586
580
584
588
572
580
583
578
583
590
588
588
590
569
568
582
593
561
529
505
521
512
507
538
588
612
616
598
601
619
622
601
590
594
589
587
587
581
594
565
505
468
482
495
477
481
471
490
479
490
490
499
485
496
491
499
485
479
517
558
584
587
587
574
585
593
612
613
637
643
595
503
460
498
588
611
599
599
604
612
597
599
594
600
585
587
609
600
579
567
544
545
547
548
546
534
557
557
543
563
562
556
550
563
565
535
485
458
472
467
472
464
474
469
488
528
542
540
522
519
539
531
527
530
531
522
525
526
521
523
531
531
531
529
531
532
529
533
525
513
532
527
517
519
519
525
527
524
534
528
524
527
534
531
510
530
528
512
522
545
533
520
537
546
529
504
543
568
412
129
