650
615
558
574
625
605
583
613
605
599
592
603
600
592
572
550
506
519
524
541
511
526
552
594
614
605
600
595
609
608
598
600
585
589
596
591
566
521
493
508
523
507
498
508
526
495
455
456
442
443
451
453
460
480
469
472
472
487
468
475
469
461
474
476
458
469
480
456
469
450
434
435
451
442
434
430
436
447
443
443
440
445
430
449
433
402
402
406
415
405
406
422
435
451
482
498
470
462
521
600
649
648
628
639
643
630
631
616
555
511
524
550
542
527
529
533
516
476
464
465
477
468
470
481
469
465
472
481
466
463
481
468
480
481
475
470
480
470
468
487
532
571
570
562
561
555
552
565
566
547
561
560
609
620
606
601
612
615
616
597
542
449
392
360
355
355
364
360
347
357
383
406
397
396
414
390
371
461
617
689
676
659
671
677
660
661
691
650
610
573
577
597
574
572
586
581
566
568
557
570
576
555
567
564
563
552
542
542
543
568
582
627
641
602
609
628
624
586
551
526
519
530
531
523
520
537
546
549
554
555
547
555
554
550
548
520
515
516
513
515
517
516
516
518
564
597
589
589
586
578
598
603
556
498
447
434
463
461
453
448
447
461
479
497
488
490
501
488
473
493
550
573
565
563
562
564
560
556
569
566
569
573
565
533
520
522
558
604
630
638
610
621
619
615
618
619
625
612
589
599
599
601
586
615
606
580
549
531
530
541
517
523
527
511
492
478
480
496
496
486
468
473
467
467
466
463
463
477
470
464
459
461
462
459
456
472
464
457
468
472
447
438
433
436
407
412
420
406
398
425
504
533
529
518
521
531
526
523
538
536
523
519
517
530
512
530
531
539
515
533
528
528
513
529
533
518
514
528
530
511
520
552
533
501
562
574
413
125
