665
638
568
600
633
597
524
524
536
536
521
531
530
502
492
493
481
493
495
483
485
479
476
460
461
463
461
453
459
470
451
424
405
414
417
419
417
422
408
394
376
400
394
386
386
414
460
521
553
583
579
575
584
576
580
587
603
615
618
609
613
639
597
526
501
500
528
503
498
511
507
501
478
458
475
461
480
493
491
500
505
501
497
501
497
501
484
465
443
460
477
493
484
488
485
481
495
487
485
479
478
478
492
486
490
479
507
459
472
524
610
660
636
630
647
630
640
640
613
557
531
528
539
526
535
540
534
522
482
488
491
495
490
501
499
491
482
493
485
488
485
504
497
486
487
491
463
421
399
415
428
406
403
432
428
400
393
393
398
371
440
597
663
644
644
652
644
591
574
597
609
585
590
602
570
499
488
498
495
488
500
503
470
414
399
383
394
394
397
394
403
396
419
435
435
411
430
444
419
409
483
575
624
610
615
613
609
610
614
588
541
510
517
532
524
519
540
536
535
567
578
572
558
559
584
559
535
530
551
524
515
560
632
693
696
685
676
678
694
663
628
593
605
623
606
586
598
612
583
542
525
513
533
532
520
514
535
541
517
464
437
447
461
456
449
447
464
481
480
467
472
479
477
470
503
591
630
621
613
618
633
627
593
545
503
503
531
526
499
505
549
596
614
622
609
620
633
631
608
524
482
500
504
485
491
509
497
470
448
459
470
463
458
455
456
450
448
462
464
453
449
453
454
445
449
450
465
511
538
532
535
530
524
530
530
538
531
539
548
530
519
535
526
512
522
548
536
539
527
528
519
524
541
515
508
529
529
514
521
538
535
532
518
544
524
492
548
570
416
128
