514
503
459
475
497
512
561
621
629
565
497
466
478
445
429
427
418
411
419
428
418
408
444
542
608
598
570
579
603
574
528
494
508
520
513
498
510
507
492
440
423
420
429
425
423
420
416
380
334
357
366
362
344
378
439
475
475
470
467
502
552
596
604
573
583
594
592
591
587
599
586
575
589
606
575
577
599
611
561
492
462
478
486
479
475
482
479
487
477
476
486
486
489
474
476
484
482
478
464
487
566
600
590
574
584
607
602
579
561
548
553
555
556
548
549
547
558
547
557
552
551
546
562
571
550
527
570
593
619
625
617
606
610
629
616
595
626
633
584
496
441
442
437
434
428
430
443
426
428
436
435
429
431
437
426
413
474
579
640
614
602
612
628
596
528
500
513
516
506
498
502
504
480
483
476
484
475
484
483
488
514
561
585
589
567
576
583
580
558
532
508
487
507
516
502
503
515
526
478
452
426
421
430
438
446
421
381
356
351
365
365
371
395
381
387
378
373
364
425
544
610
598
575
596
600
573
578
602
568
524
509
523
504
518
522
524
507
538
584
620
603
602
609
617
602
601
600
596
573
595
596
564
506
477
477
491
484
483
483
486
477
485
496
489
473
513
553
592
577
583
576
582
601
615
632
634
613
623
643
642
590
507
475
460
480
475
464
476
503
576
605
610
593
572
599
599
596
592
588
606
590
598
594
596
595
591
590
595
599
581
550
547
543
554
549
527
535
552
563
565
569
567
539
486
467
475
473
467
467
487
514
526
520
518
521
535
524
532
537
531
525
523
542
534
525
525
528
529
540
522
535
512
528
544
524
505
522
543
539
495
542
577
400
121
