486
471
436
463
470
445
440
435
427
414
421
431
420
412
432
435
424
421
427
416
420
426
408
396
406
410
393
385
443
566
621
609
596
583
597
596
579
552
540
535
528
537
534
533
518
552
585
602
606
601
611
585
535
533
528
531
530
533
526
490
488
479
467
446
445
457
453
464
455
451
439
454
446
435
439
455
436
418
477
574
623
611
589
606
611
605
608
602
601
611
614
584
505
474
481
485
473
534
636
711
695
674
692
692
662
610
594
601
609
574
498
448
465
482
475
470
467
466
439
422
422
443
428
424
424
447
433
416
470
558
599
591
602
591
606
598
599
562
544
525
524
525
518
525
569
572
564
570
607
609
607
604
580
525
485
501
518
492
474
538
636
693
681
666
672
691
697
659
612
570
574
561
498
474
487
501
503
539
569
563
554
562
572
568
559
566
578
554
546
571
568
563
566
568
566
567
569
582
594
578
582
600
593
570
521
496
498
487
500
494
475
477
538
635
712
702
632
581
560
554
558
555
564
553
543
555
563
545
554
568
563
533
490
468
475
476
479
493
467
453
524
631
700
690
670
663
686
670
676
684
672
671
677
689
684
679
692
684
691
668
683
684
680
685
686
690
680
683
683
684
684
677
682
660
615
583
589
604
596
590
599
618
561
490
442
451
464
462
454
449
465
462
458
465
449
462
463
470
470
461
469
439
386
357
371
379
363
363
376
371
366
376
370
358
346
421
508
565
545
532
543
552
545
543
556
559
539
548
577
569
576
575
577
578
589
594
595
579
587
605
596
605
606
605
575
548
526
530
514
538
541
521
487
459
452
453
460
459
445
443
477
507
534
530
522
512
545
538
525
517
526
524
530
529
542
532
525
522
533
535
523
532
537
516
529
545
532
512
532
539
528
520
531
528
515
525
547
514
495
546
570
413
125
