701
659
593
618
670
636
608
559
525
516
537
553
531
523
535
518
497
480
492
496
474
487
494
474
434
414
428
434
422
419
425
425
462
463
459
458
461
461
452
444
473
536
578
575
554
544
581
604
614
610
606
611
617
626
584
519
501
507
506
498
502
509
497
486
465
469
481
475
466
474
510
566
609
600
589
570
580
569
569
575
570
560
563
578
585
559
550
561
549
547
559
572
584
614
607
617
613
615
610
589
511
485
474
498
496
483
503
491
479
486
495
494
478
507
567
577
500
469
481
488
473
472
492
521
509
520
520
508
498
538
573
607
590
589
591
598
605
570
510
473
481
503
491
477
489
491
488
469
449
468
472
456
461
471
480
458
476
518
540
542
532
539
542
526
559
623
668
681
634
570
539
555
565
556
543
547
564
587
597
603
591
604
602
604
587
564
511
480
472
482
507
570
609
609
598
606
614
597
568
529
509
506
510
521
516
511
509
471
448
435
458
447
424
402
399
402
395
399
404
409
405
402
411
400
406
410
417
396
404
413
403
392
409
424
440
432
436
432
434
446
445
438
432
443
453
442
450
450
432
389
391
399
386
388
384
394
375
378
400
387
363
391
398
375
358
437
606
680
657
650
654
665
648
633
606
583
589
607
593
576
587
609
566
499
454
460
477
463
471
453
436
413
403
407
454
550
623
613
587
596
604
590
576
595
601
583
581
587
605
583
596
586
586
585
595
596
586
591
589
600
580
539
524
515
543
526
516
530
534
534
529
526
523
522
520
536
533
528
533
539
526
523
531
531
522
530
543
531
524
534
544
519
530
535
521
493
550
576
412
122
