624
593
541
579
613
598
577
596
608
584
589
628
584
502
477
486
501
478
491
502
487
463
462
459
467
463
463
454
457
463
463
463
456
455
477
553
572
576
560
578
570
561
571
622
646
627
621
642
648
603
552
534
551
537
544
542
533
540
539
532
534
544
530
528
535
554
509
465
456
501
518
491
495
507
489
484
514
584
631
613
593
612
606
618
616
598
587
570
551
568
562
547
557
571
566
568
553
560
544
548
552
549
558
564
554
550
558
590
608
596
600
591
604
607
572
510
472
476
502
491
492
506
509
459
440
422
420
429
423
412
445
478
491
475
478
493
482
477
499
552
581
570
559
582
581
561
568
577
546
491
478
490
472
474
473
478
469
457
501
528
564
561
535
566
561
543
536
569
590
616
602
598
588
608
608
569
512
482
493
499
497
488
487
523
545
581
589
586
569
582
580
534
467
439
432
449
444
468
488
491
477
490
503
475
473
499
554
584
584
562
563
543
547
554
559
584
589
590
581
581
595
587
579
574
584
605
564
499
477
488
480
490
477
475
474
470
469
472
477
477
478
472
476
461
453
492
532
564
561
540
546
565
558
552
564
575
590
594
598
595
608
600
591
584
588
601
603
600
591
580
588
591
592
580
583
593
595
594
601
594
580
607
611
579
511
474
513
571
590
580
580
581
572
576
589
565
473
427
443
487
491
481
483
480
479
469
482
489
474
478
495
484
483
489
494
483
470
502
557
580
592
568
574
570
565
580
567
579
575
584
574
555
578
575
552
484
441
465
471
465
457
466
465
463
463
482
463
470
470
469
462
473
473
479
473
463
470
472
469
457
492
559
591
585
579
573
575
580
565
543
526
513
531
533
529
532
525
527
526
526
541
522
522
541
534
524
528
541
530
523
533
537
532
531
534
533
529
526
528
515
504
534
529
513
517
542
523
509
556
565
414
131
