608
588
544
573
584
562
568
583
586
559
565
581
580
547
581
609
601
597
604
598
605
615
605
599
580
576
586
587
580
582
588
579
591
592
553
512
487
500
497
487
488
501
497
495
497
485
466
459
463
455
451
453
461
478
484
478
482
473
469
476
467
463
453
431
410
420
416
424
405
419
407
404
403
411
409
416
415
423
413
413
422
429
415
411
429
424
400
363
341
349
347
342
340
340
361
347
346
374
441
468
469
455
461
461
451
457
452
469
462
436
487
571
618
606
583
585
601
591
584
607
604
572
517
505
500
514
511
504
514
511
503
499
473
446
460
451
446
434
444
443
449
457
464
460
455
456
470
454
452
453
453
445
423
430
423
434
428
442
439
431
442
427
425
412
433
424
425
425
421
430
427
428
435
423
419
434
433
418
431
415
422
409
407
395
389
404
409
385
382
449
562
635
608
581
605
629
586
522
487
503
503
498
517
511
498
513
530
542
538
530
539
540
539
540
559
580
607
595
592
595
604
579
515
476
482
494
506
500
503
504
487
476
516
572
612
605
593
588
604
604
592
601
610
574
516
481
490
507
496
486
461
448
437
445
440
457
475
490
485
482
488
476
479
482
482
480
486
476
481
490
482
478
488
477
486
485
472
471
456
444
461
462
454
450
461
460
441
416
403
406
417
409
398
409
416
411
396
403
403
411
403
396
401
429
467
476
488
468
482
473
464
459
492
567
586
586
574
592
580
578
561
585
581
578
571
581
577
593
614
640
634
618
632
626
602
559
519
543
540
523
523
544
518
482
456
459
470
463
456
462
439
422
396
409
412
414
412
409
418
396
377
463
569
626
622
592
607
616
611
576
528
508
487
519
522
499
502
533
559
559
580
568
566
560
573
557
537
511
530
537
518
517
537
537
522
535
538
532
529
531
540
522
532
541
539
518
533
541
531
513
532
537
514
525
542
527
496
538
578
407
136
