682
655
606
623
661
652
583
567
531
531
530
542
545
529
529
511
476
474
491
496
477
469
451
412
423
436
430
424
411
441
460
458
464
460
467
449
454
496
529
579
580
548
549
576
599
599
601
604
600
601
615
621
569
528
497
510
511
485
500
509
512
498
480
472
486
487
482
476
459
502
577
607
593
592
600
588
591
585
594
593
593
589
579
576
569
547
563
570
564
560
560
556
565
550
556
556
578
601
614
611
607
621
621
623
586
509
486
495
491
485
483
486
493
478
478
492
498
499
497
503
503
491
487
515
569
590
594
574
572
588
589
563
504
470
474
476
480
486
483
487
490
508
522
513
498
515
519
509
508
539
582
613
588
584
604
624
578
496
475
491
491
491
487
482
466
460
459
471
465
467
459
481
521
533
543
536
536
532
530
528
539
539
517
558
642
664
665
629
652
670
645
647
664
639
592
537
555
571
584
605
592
602
591
601
614
590
523
474
467
482
493
469
468
502
571
601
588
597
586
551
514
494
530
521
494
524
524
498
453
431
442
438
445
431
420
402
403
415
409
406
397
413
417
432
445
436
440
456
450
446
439
455
454
437
409
376
380
393
386
376
397
406
374
352
438
591
678
649
640
650
675
658
635
609
582
571
592
609
565
507
481
470
478
484
459
429
406
408
417
409
417
425
413
406
450
560
630
601
585
603
621
596
591
583
596
583
582
588
591
597
581
543
516
515
542
526
523
533
533
523
531
536
532
524
528
533
521
538
529
526
523
522
531
536
521
536
540
522
524
535
528
527
542
525
520
510
537
536
503
511
555
525
495
546
572
413
133
