603
573
523
556
580
559
547
560
558
545
569
621
637
618
620
636
621
619
643
615
540
496
511
518
500
494
550
583
602
611
600
595
601
602
600
592
613
596
587
599
612
573
495
469
496
500
472
486
492
456
382
366
388
375
367
417
504
560
549
540
568
585
577
558
560
580
578
575
559
589
590
575
591
606
591
578
597
610
568
495
460
468
462
463
458
458
468
469
467
469
479
480
456
448
503
586
638
632
615
625
632
624
616
614
625
613
626
623
623
624
636
611
564
542
542
541
511
510
518
506
507
515
521
507
491
489
490
495
502
495
495
488
490
495
482
485
496
481
490
495
489
483
474
456
460
452
468
457
464
438
418
432
430
446
453
454
456
436
456
460
434
461
492
503
503
490
500
506
509
514
524
494
492
511
495
510
499
506
496
503
508
502
502
502
485
495
505
501
496
498
496
498
489
507
502
485
477
467
466
476
472
466
479
470
476
452
458
472
452
453
468
452
472
460
470
451
460
461
470
477
467
462
478
467
473
474
454
442
461
448
443
458
458
441
436
436
412
399
404
461
554
636
637
613
597
626
633
581
508
494
486
485
511
565
620
592
590
601
614
554
470
429
433
456
429
426
443
424
386
355
364
378
362
348
431
549
601
590
577
580
590
578
578
587
583
590
624
645
641
626
639
650
633
640
645
649
646
623
598
584
571
579
573
579
574
575
578
580
596
575
565
583
592
554
509
497
496
513
502
512
529
530
531
528
524
539
531
517
532
524
518
525
530
523
538
535
538
527
540
522
528
541
511
521
533
546
530
528
533
525
520
529
531
520
528
535
521
524
520
531
526
520
532
530
525
522
534
534
521
525
557
531
497
544
574
406
121
