638
612
558
588
624
601
583
580
543
509
521
529
533
509
543
600
606
598
610
600
604
603
603
613
601
589
599
596
589
576
588
585
573
537
503
511
481
510
515
528
498
463
438
446
448
456
445
427
445
441
454
452
437
433
437
453
431
403
405
417
413
391
430
474
479
468
485
492
474
462
511
601
646
652
630
631
643
642
614
565
517
527
538
529
520
521
539
524
480
466
470
462
473
468
476
473
464
471
477
467
457
464
466
475
466
461
467
468
465
466
467
458
477
480
460
461
480
475
468
472
467
469
471
476
477
472
466
473
475
477
468
480
480
475
486
532
564
566
559
566
549
547
569
601
619
601
603
624
584
521
474
498
514
488
489
509
516
465
389
343
361
363
368
349
357
364
361
352
369
357
357
367
390
395
388
403
413
388
372
464
602
698
684
649
666
677
677
641
601
587
576
574
573
570
559
554
561
543
547
547
552
591
618
614
605
612
618
613
589
540
511
517
532
534
521
526
535
547
548
551
560
556
552
551
546
548
520
518
513
517
518
525
515
526
516
522
512
514
514
516
524
515
512
526
553
586
567
576
575
585
557
571
589
586
591
598
601
562
495
435
446
470
479
482
484
492
469
485
511
552
570
572
575
575
571
573
571
570
563
544
529
529
531
544
533
520
552
609
625
624
617
619
623
616
614
630
611
603
603
601
592
610
614
595
542
512
532
524
520
531
533
520
486
473
491
490
494
472
475
474
461
472
478
460
465
460
453
423
429
433
437
433
437
438
445
439
439
428
435
443
438
436
418
414
403
393
407
408
400
393
433
489
540
531
523
521
533
536
509
517
533
527
522
532
531
519
531
543
533
524
537
538
514
524
534
539
517
525
553
520
497
541
584
406
139
