686
660
589
618
651
630
592
599
580
564
581
591
576
564
585
601
563
500
493
509
510
510
498
497
495
470
452
454
455
459
466
453
466
467
462
458
449
449
442
437
439
443
434
442
434
414
426
437
424
424
422
423
429
430
435
443
430
444
441
431
447
469
470
457
468
474
476
480
462
464
456
458
461
463
457
447
456
488
471
474
482
476
476
475
476
481
475
475
479
463
467
504
579
616
597
590
603
600
585
594
600
606
591
597
599
602
595
594
592
599
582
593
582
578
591
591
570
501
463
465
484
473
468
465
473
482
474
485
498
486
474
477
492
471
480
480
493
471
468
514
587
621
632
610
604
606
598
596
584
614
599
570
543
518
491
485
451
445
459
467
445
455
462
462
475
509
576
641
617
607
601
623
621
599
586
568
568
578
596
586
563
516
489
486
503
510
472
427
420
440
445
468
473
459
457
479
517
552
533
543
532
534
526
549
584
594
606
590
572
512
476
481
484
472
452
508
591
615
601
615
626
579
493
444
452
475
476
453
415
398
394
404
394
405
413
398
379
458
577
665
653
627
642
662
652
612
582
544
541
552
581
562
550
525
514
500
505
513
511
508
539
536
514
518
560
625
662
647
647
642
655
649
652
635
593
586
575
589
582
590
593
590
590
597
577
592
592
598
587
579
583
596
564
501
478
478
479
479
484
485
486
481
478
490
483
496
511
524
535
524
517
522
527
540
540
536
523
515
528
526
519
516
527
532
517
532
528
518
524
529
535
521
531
530
516
513
533
528
517
517
538
537
521
517
550
537
500
557
570
418
119
