511
502
459
467
482
511
586
637
608
593
605
628
617
619
627
571
472
410
435
451
429
425
444
447
426
421
465
512
553
533
525
512
532
530
525
516
530
542
549
566
554
560
556
545
554
553
566
546
538
564
616
645
641
645
631
644
637
635
624
602
574
590
605
562
492
448
481
491
454
420
408
415
400
394
442
532
568
577
556
569
580
572
560
553
544
540
536
532
547
540
531
549
547
556
561
566
561
567
565
571
559
562
568
583
585
590
571
588
577
558
530
541
547
541
543
541
555
559
574
562
552
545
552
570
548
518
491
486
502
493
504
505
496
517
576
607
598
598
596
603
602
581
570
536
543
546
546
546
546
547
565
573
577
572
572
566
593
564
562
532
523
513
519
512
509
518
509
514
519
538
540
543
537
543
555
523
536
571
632
672
666
669
658
650
657
669
617
562
511
513
548
589
605
601
595
589
606
599
603
592
593
582
574
594
565
539
522
508
513
516
515
508
517
510
513
513
508
537
600
627
628
595
607
616
617
594
549
525
525
538
526
520
555
627
647
636
641
654
638
637
647
647
646
649
654
612
522
474
477
495
490
483
486
492
490
488
484
483
488
483
474
464
455
466
483
459
462
516
603
657
645
617
640
642
593
509
470
499
490
493
491
492
517
557
582
585
574
567
585
582
570
581
570
575
588
575
545
517
514
528
515
506
533
574
594
577
590
581
590
584
583
563
560
558
560
563
568
573
563
559
540
529
522
537
539
523
522
563
637
683
681
645
660
677
666
654
670
658
662
670
678
649
588
566
577
580
567
576
576
566
530
519
524
531
530
523
530
535
531
525
529
523
520
536
540
529
526
533
529
524
522
519
533
529
516
533
528
535
522
521
540
528
539
528
531
526
524
529
528
516
546
540
529
509
548
520
502
557
581
419
136
