654
633
567
548
554
514
516
529
539
500
496
484
487
481
496
492
489
495
500
475
458
465
468
462
446
472
462
458
434
420
409
405
401
426
422
404
389
392
378
381
397
384
378
422
467
498
488
501
500
482
483
510
568
595
576
578
563
570
588
568
578
611
610
612
611
620
583
524
484
490
501
505
497
481
471
466
470
461
459
470
461
466
461
475
469
464
471
496
498
499
500
507
498
490
499
497
490
480
500
503
478
447
441
457
439
442
444
448
487
498
497
474
485
490
482
464
522
615
658
641
629
625
638
648
643
611
562
515
530
507
493
489
506
500
483
500
475
432
387
408
425
404
407
424
421
392
401
406
377
375
445
592
674
664
632
651
663
639
592
571
594
585
588
586
596
586
567
520
494
486
509
515
463
407
389
383
390
381
403
402
391
404
430
436
434
416
430
430
429
435
440
419
413
471
573
636
613
600
601
624
625
595
554
512
517
531
526
512
527
531
529
532
559
572
566
561
569
572
571
562
560
562
563
545
542
516
521
526
530
526
529
538
536
524
529
537
522
524
567
648
691
683
675
689
686
692
688
698
668
618
605
599
610
601
602
601
600
607
605
590
543
507
514
527
522
519
531
530
501
452
445
452
455
445
453
467
481
497
477
476
482
492
473
456
511
597
638
628
618
613
613
620
620
591
548
500
520
532
518
515
536
592
634
629
587
530
491
482
505
507
498
494
499
471
464
460
479
460
463
452
468
456
448
457
463
445
445
468
507
534
536
533
518
531
527
534
525
525
534
529
524
545
540
533
531
532
531
529
524
538
531
521
526
540
524
523
534
533
509
523
548
524
498
549
571
413
123
