672
625
558
609
629
581
591
628
584
476
426
450
466
448
446
456
455
431
429
412
399
405
410
417
387
419
404
408
398
415
406
396
409
413
394
389
412
421
400
398
423
408
375
462
604
686
663
657
667
665
655
668
648
585
545
561
570
552
547
554
560
544
536
556
541
556
592
609
594
583
605
605
559
495
467
454
465
472
450
457
459
452
421
407
470
576
610
616
596
569
530
478
439
427
406
395
406
406
408
398
397
421
476
513
516
517
503
530
514
496
517
493
497
525
582
618
602
601
611
621
604
613
610
583
530
498
508
506
508
497
513
515
511
492
504
521
502
478
439
447
453
459
438
455
442
439
429
447
426
429
427
434
426
408
396
389
404
414
388
394
420
454
463
476
470
471
471
487
519
548
555
531
517
517
515
512
509
532
525
508
539
575
600
595
595
590
605
599
602
603
608
606
603
599
591
586
597
590
592
593
597
593
593
590
597
592
576
559
557
561
566
561
560
564
555
520
511
505
517
515
491
510
546
586
612
634
622
602
621
628
582
496
506
569
603
611
596
606
612
602
598
600
599
594
597
605
605
580
544
521
525
529
520
514
542
551
559
546
584
607
607
604
618
617
575
514
461
469
476
469
463
460
508
571
606
589
595
612
581
515
498
493
504
505
495
488
507
525
514
507
541
621
669
663
659
660
672
645
605
593
603
599
593
595
583
547
540
552
546
545
545
542
549
550
555
553
560
553
533
495
484
515
528
535
514
532
531
535
526
521
531
522
523
533
519
535
528
533
531
524
538
542
535
527
525
537
528
524
526
546
528
519
545
534
515
518
543
526
490
546
585
419
133
