477
467
432
450
468
455
449
458
460
454
452
454
459
448
461
450
445
450
449
451
451
461
451
447
443
449
451
448
458
443
418
418
417
419
411
423
421
407
435
465
496
486
480
492
487
475
481
520
548
547
544
550
546
550
545
520
449
411
419
429
437
419
424
470
536
574
592
567
567
578
585
570
575
564
576
573
569
564
590
626
644
644
642
637
639
647
646
649
645
633
602
587
577
592
581
582
581
603
552
511
464
467
482
485
476
481
496
489
469
414
382
394
402
401
379
393
389
392
370
405
396
381
374
394
394
379
407
458
485
469
468
467
468
455
503
562
610
592
586
596
596
586
580
577
564
551
557
553
557
559
559
553
567
601
631
628
612
619
640
597
535
491
502
505
501
516
494
509
495
505
484
461
463
450
458
450
444
444
442
436
443
442
439
436
442
453
445
443
438
441
438
436
443
436
438
432
456
445
446
451
450
446
425
410
390
387
392
394
388
378
412
436
474
469
464
470
472
459
477
499
521
513
507
511
515
517
511
528
511
509
507
534
569
587
587
584
583
587
572
572
586
572
581
586
556
497
453
468
479
491
458
469
482
460
468
478
458
451
502
580
620
579
508
450
462
526
622
673
656
650
663
652
611
585
590
593
588
589
603
579
528
503
515
520
525
498
476
451
457
473
461
461
460
457
472
471
461
473
459
451
463
480
480
477
472
474
474
483
471
488
480
473
484
483
457
424
413
410
415
427
420
415
405
411
402
376
399
396
377
369
445
589
670
665
637
648
674
664
624
610
599
574
595
606
572
524
508
506
522
502
496
520
527
502
455
456
451
458
458
449
449
461
455
458
464
449
448
461
459
460
453
460
470
487
502
528
517
533
528
533
531
535
529
534
528
533
527
512
522
536
526
532
525
539
532
524
524
523
521
533
532
526
509
528
546
514
534
549
519
511
548
572
399
126
