481
481
430
442
456
426
407
429
447
421
417
410
419
420
425
426
409
391
387
400
424
401
380
454
542
614
614
584
612
592
600
601
574
555
538
584
615
619
600
589
612
605
582
592
609
602
597
548
530
522
528
541
528
543
525
540
544
520
503
492
487
497
488
495
475
460
448
458
465
449
443
456
459
462
446
458
444
446
441
454
449
453
426
437
473
544
620
610
583
586
610
599
554
561
648
708
682
611
579
602
610
563
490
451
463
466
475
467
473
458
465
453
428
425
441
434
422
421
451
551
610
600
588
587
579
537
503
522
538
530
504
525
524
516
541
564
596
577
565
563
568
578
609
625
619
598
623
632
584
524
484
499
500
504
504
484
483
534
634
702
692
667
690
699
662
603
561
579
578
574
559
560
563
571
552
512
490
480
500
498
486
498
511
551
574
569
569
568
570
576
585
586
592
585
588
590
592
561
512
481
499
508
491
486
497
502
488
479
534
640
715
682
683
686
698
682
671
689
697
654
578
543
554
555
560
558
561
557
543
547
562
561
520
499
455
466
489
497
480
466
530
628
695
695
663
666
678
691
681
662
612
582
576
605
604
587
584
609
589
570
488
465
458
458
463
456
464
459
449
412
357
353
413
500
557
552
538
536
561
551
557
546
535
526
543
559
578
569
569
570
594
596
589
595
586
591
594
602
599
568
540
524
526
522
535
538
513
464
454
452
475
451
462
477
513
543
536
528
530
530
519
520
530
531
510
518
544
531
527
546
539
531
516
541
539
511
526
536
544
521
524
537
527
501
560
575
416
126
