489
458
431
451
464
449
451
437
425
403
414
430
411
427
468
501
491
477
494
529
547
540
544
551
554
547
540
553
552
507
457
422
427
431
436
434
415
414
451
547
589
594
569
577
581
576
577
574
578
585
616
655
655
629
635
609
563
498
472
487
468
469
482
494
486
473
476
495
463
411
390
390
405
399
397
395
391
386
389
384
394
417
455
489
478
460
472
484
475
480
479
493
476
470
475
472
467
477
486
463
464
511
569
601
586
590
592
596
594
589
589
571
553
554
571
553
555
558
558
551
555
564
557
552
561
565
550
563
610
626
620
624
638
600
532
493
490
513
506
480
470
453
453
469
459
439
436
442
442
442
447
449
430
444
441
450
458
444
441
448
420
405
386
389
385
386
380
387
390
397
393
394
378
386
383
388
376
377
404
444
483
470
452
463
470
463
470
507
510
515
507
511
516
506
496
521
561
595
578
571
583
590
576
583
577
586
577
575
567
562
579
591
552
485
471
466
464
455
472
468
450
481
554
622
611
583
604
612
563
501
468
454
462
506
619
679
663
643
657
677
646
590
579
592
592
583
587
603
586
580
587
580
563
533
504
522
519
512
511
516
509
486
466
455
464
472
454
463
456
453
450
457
466
459
463
453
459
470
474
462
474
472
478
473
462
483
487
481
478
476
489
477
468
474
487
467
473
490
486
452
414
406
410
413
419
413
405
403
403
388
376
399
402
383
368
448
579
685
662
637
646
665
658
625
612
591
597
601
590
591
587
583
537
502
496
504
506
509
525
515
475
448
459
467
468
484
494
476
486
516
529
530
521
537
530
520
525
527
530
527
536
535
529
535
530
539
533
523
532
524
528
539
532
526
530
533
523
525
520
532
526
525
530
526
528
530
539
534
523
532
531
505
522
542
519
494
549
576
414
134
