533
506
459
489
488
476
494
478
427
372
390
410
394
381
402
404
390
431
527
576
558
549
565
572
543
523
534
535
530
545
545
531
542
539
538
537
536
558
574
552
563
576
593
581
599
599
592
585
589
599
557
513
492
484
482
496
501
461
398
369
367
373
371
378
432
464
449
439
488
572
594
574
578
586
584
587
601
628
639
636
633
623
625
629
629
633
632
645
647
632
627
638
637
612
564
528
522
540
544
523
537
529
534
517
542
543
515
465
447
457
459
434
410
389
401
406
410
399
409
405
404
384
448
596
686
664
648
663
671
636
578
567
573
562
559
562
558
548
551
544
528
536
566
577
602
616
619
605
613
618
606
599
618
635
587
514
469
485
476
466
517
608
664
665
654
634
571
542
548
547
533
537
555
517
466
424
435
444
441
425
431
455
510
555
545
534
527
537
539
529
554
577
567
555
572
559
563
569
564
567
606
638
621
609
614
630
619
568
548
554
559
544
530
509
510
493
497
498
516
543
553
554
548
547
557
556
541
558
561
559
557
559
559
559
557
565
571
578
590
579
571
579
581
582
569
563
541
531
556
579
591
595
597
588
587
617
576
493
453
446
468
449
452
473
443
374
361
393
373
359
423
558
636
627
595
611
610
612
613
602
566
510
521
547
534
524
530
546
512
462
449
450
452
449
459
507
527
533
528
519
528
533
515
538
523
521
517
522
533
524
544
522
517
525
522
523
512
533
526
528
530
530
539
510
526
542
527
531
534
536
515
519
542
522
501
545
568
412
130
