543
537
479
486
479
432
435
452
455
448
445
450
417
386
390
410
406
390
382
452
551
593
597
592
591
598
611
620
620
622
632
620
597
544
531
540
530
518
560
640
667
667
646
661
673
655
655
635
597
550
554
567
568
555
548
581
602
607
616
616
614
593
553
525
526
544
534
529
523
542
525
513
528
536
528
516
549
623
639
625
556
519
514
534
525
521
520
544
501
489
470
467
464
484
464
467
481
472
469
475
479
498
488
495
506
495
494
516
544
561
575
563
563
557
551
554
555
555
559
558
547
556
599
609
583
616
609
594
506
470
474
493
482
479
487
502
488
487
491
498
513
519
519
511
502
513
521
514
514
535
591
616
608
601
615
600
607
591
619
604
597
616
623
568
499
471
472
462
456
437
443
436
427
433
446
428
436
421
426
437
441
413
411
463
548
601
585
568
541
534
538
536
531
532
540
543
532
542
546
564
561
582
582
541
494
441
446
464
460
437
439
478
562
630
619
603
620
629
614
625
618
615
615
631
618
586
521
470
472
483
486
479
447
455
460
435
443
500
629
722
710
683
688
697
683
660
630
573
523
514
515
498
465
443
448
463
459
449
451
442
446
453
464
456
452
451
448
450
464
478
478
476
480
465
452
452
453
466
441
429
407
387
387
395
396
380
401
444
469
458
460
466
457
444
493
546
596
589
572
562
590
575
594
576
545
523
530
537
534
522
532
541
531
528
523
530
519
517
526
527
523
519
537
526
528
530
527
529
528
542
527
531
538
528
518
524
537
529
533
532
541
520
509
530
535
505
524
547
520
499
533
560
405
129
