653
632
575
590
608
597
594
586
544
508
508
535
514
515
532
560
567
573
587
579
576
573
579
585
565
552
551
547
548
533
541
539
552
593
629
624
585
533
501
495
501
507
535
592
628
616
589
631
635
580
504
466
481
483
466
464
481
471
449
434
437
414
412
472
578
646
628
615
623
624
628
622
626
619
619
603
615
617
630
584
514
475
479
488
474
481
477
473
439
407
407
423
426
422
409
427
428
422
417
469
574
628
631
609
615
624
599
609
612
604
593
597
573
538
530
512
522
544
615
651
650
649
649
635
581
537
547
556
547
528
524
522
504
518
520
515
503
506
492
477
489
487
480
473
480
486
486
487
493
482
465
467
460
463
457
461
474
460
463
473
470
469
469
474
470
462
468
472
457
463
472
497
508
511
510
508
515
525
506
503
534
583
611
594
594
590
600
595
598
601
606
595
604
616
578
542
511
519
519
521
524
538
507
471
453
463
471
459
453
458
461
454
452
443
430
422
436
424
420
436
444
428
438
439
439
428
424
446
434
403
459
573
633
613
583
623
622
593
608
629
566
471
420
451
452
434
474
556
597
589
574
594
597
593
585
590
588
577
588
586
589
577
596
588
592
583
594
583
599
620
641
649
642
633
650
645
631
590
587
569
580
574
576
592
563
490
450
460
466
450
446
466
460
383
368
374
394
365
375
394
387
374
378
392
374
377
422
552
625
616
608
610
616
606
607
609
609
586
609
607
606
613
584
546
512
527
540
522
525
531
509
495
484
487
498
483
492
514
533
520
529
536
523
521
535
537
517
527
527
532
526
524
525
520
520
532
527
525
529
540
532
525
535
545
509
529
542
525
501
546
567
415
132
