702
650
597
620
647
608
609
640
664
600
549
552
531
533
537
543
520
506
482
489
476
482
500
462
433
419
439
449
457
453
455
442
491
534
567
562
551
568
575
554
556
577
603
613
632
608
604
609
624
583
520
495
500
516
506
507
497
483
477
485
475
463
502
568
617
596
581
590
609
598
603
594
576
563
565
570
562
562
564
573
564
555
560
559
564
559
567
563
548
569
599
625
607
594
606
618
607
618
623
634
606
613
623
612
597
618
623
577
516
479
486
493
489
490
486
469
487
494
495
511
481
485
501
488
479
490
518
564
593
595
574
584
595
569
505
462
484
494
483
480
477
490
496
521
515
512
516
524
520
518
525
516
513
532
572
606
602
597
604
599
590
588
583
596
592
596
594
601
601
588
603
604
593
596
601
617
604
597
601
586
595
612
599
589
602
601
592
588
596
603
596
597
617
578
497
477
481
480
487
485
483
464
479
525
544
526
534
535
538
535
552
627
657
649
644
673
618
570
541
554
564
548
545
555
542
551
555
564
544
565
597
620
607
591
602
607
577
501
469
476
485
485
479
488
486
474
511
572
613
590
576
585
614
611
566
535
501
513
517
511
513
518
500
445
445
437
462
447
436
450
431
397
397
404
408
393
406
419
404
412
432
449
434
436
448
450
419
402
381
393
377
395
398
390
396
399
366
378
390
405
372
364
442
598
676
675
643
651
658
656
631
603
582
593
596
576
493
456
467
481
484
468
470
472
472
459
410
413
423
408
399
463
558
620
608
589
607
612
589
596
607
596
587
598
589
582
593
582
585
580
575
548
525
529
518
530
530
534
523
528
529
526
516
525
531
523
524
535
537
533
529
542
532
532
518
524
536
516
529
535
531
525
535
527
522
523
536
523
493
546
564
409
131
