527
495
459
480
512
494
490
481
420
360
387
403
387
372
391
407
394
382
409
417
400
418
416
400
376
430
536
585
567
544
561
549
544
538
542
545
533
549
551
561
570
574
571
568
558
581
562
573
570
563
575
562
565
567
569
573
583
592
603
586
582
598
602
560
507
478
482
496
476
449
402
357
363
387
358
357
363
370
368
355
360
362
379
358
361
380
435
468
460
437
484
563
605
585
568
590
582
577
591
633
644
643
630
634
630
622
639
651
607
564
509
536
553
510
469
430
456
462
450
444
465
437
403
403
419
400
374
443
604
681
673
640
660
666
669
642
599
559
570
570
577
558
541
562
558
539
544
549
548
538
539
573
585
624
625
617
604
633
621
586
511
474
468
491
482
479
470
520
607
684
673
644
658
662
659
653
664
653
655
656
676
634
577
534
548
557
535
538
549
566
530
459
419
434
458
512
539
547
536
533
535
531
539
558
565
560
547
560
570
564
552
586
618
625
628
618
627
634
639
603
571
552
560
559
558
562
562
561
522
514
514
512
513
507
513
520
493
493
500
506
497
516
549
560
551
547
554
549
547
548
554
558
558
556
562
557
557
568
573
555
558
572
590
586
587
573
575
585
578
574
570
558
554
530
550
558
540
540
559
585
588
587
602
596
578
589
603
555
495
452
454
448
460
461
468
436
395
376
361
388
389
363
364
429
541
615
622
597
611
615
606
608
606
608
604
610
611
616
615
616
594
561
519
530
523
533
528
505
477
440
451
463
470
453
453
480
504
532
533
521
518
541
535
525
528
529
531
509
522
528
515
517
534
523
514
524
533
525
520
540
538
508
525
548
532
502
546
564
411
135
