530
508
457
498
487
410
379
398
408
380
386
409
393
376
401
397
393
388
408
396
384
398
405
397
379
444
522
575
561
554
575
574
564
566
559
535
537
540
545
530
537
547
564
556
574
569
561
565
575
572
560
568
577
591
591
602
584
592
603
590
549
519
484
478
482
485
476
475
501
498
455
389
368
370
374
352
355
397
447
467
442
447
456
458
438
479
553
593
597
575
587
585
585
588
622
639
639
641
642
625
616
645
649
614
547
523
523
523
525
534
531
478
439
443
456
428
417
397
396
413
410
383
380
454
602
683
680
620
584
560
566
550
552
560
560
564
564
557
545
533
556
545
526
525
552
594
621
631
607
593
609
625
590
503
472
477
469
458
478
498
481
472
526
614
674
671
659
662
656
645
651
669
634
574
539
551
557
544
536
549
555
521
465
416
439
451
432
417
466
515
543
539
530
549
543
532
542
557
567
559
557
578
621
631
637
624
627
633
633
612
574
545
552
564
564
549
551
520
515
509
512
512
514
509
519
521
523
519
513
482
500
499
505
496
505
517
500
525
535
556
561
540
555
575
565
556
559
561
562
571
567
561
566
558
541
567
596
591
591
576
569
577
592
576
552
539
544
555
545
542
540
543
540
559
589
601
587
591
593
588
589
609
562
498
421
456
477
437
401
385
373
366
427
559
636
617
600
605
624
609
607
610
608
598
606
628
604
608
623
624
614
603
619
612
599
611
631
600
535
523
530
534
531
540
529
530
529
551
526
478
443
461
461
455
466
509
538
533
528
523
529
528
524
530
529
515
521
533
529
523
529
540
522
529
530
531
527
523
533
540
528
519
526
530
519
528
537
533
511
517
538
528
502
557
576
417
128
