688
649
610
647
647
549
515
533
546
537
512
503
478
472
494
481
483
489
500
480
437
425
428
442
429
427
437
423
440
462
462
472
466
465
453
459
469
458
475
536
574
564
549
563
557
545
576
588
606
617
603
601
611
619
589
526
492
502
506
501
510
517
503
482
474
478
486
488
480
481
464
500
558
597
586
577
597
609
586
554
569
564
565
564
576
564
560
554
556
553
556
562
557
549
559
553
541
570
611
626
617
608
606
603
611
611
595
523
468
480
491
491
486
494
490
481
489
505
500
491
492
495
488
490
519
560
591
590
587
570
593
589
555
508
457
473
479
483
473
466
493
512
511
511
516
507
511
510
532
573
601
607
593
577
599
610
570
514
476
485
481
471
485
486
482
465
464
466
463
469
473
452
457
483
528
544
517
556
622
651
661
634
642
658
657
613
570
538
552
553
548
563
590
601
603
602
607
590
610
608
577
517
463
473
485
497
481
480
514
579
598
611
594
593
596
592
587
591
604
611
587
583
540
503
506
514
515
524
519
525
527
513
507
511
518
526
520
519
518
516
516
518
517
524
510
523
531
503
463
435
430
437
454
428
415
398
399
415
399
399
403
401
398
432
453
454
435
432
444
443
434
448
450
435
445
445
435
438
441
440
427
445
449
440
401
394
387
391
397
394
389
375
398
398
370
376
446
592
671
649
633
648
665
641
642
660
612
564
494
468
460
472
480
487
460
485
449
423
410
421
415
401
407
429
395
398
456
557
614
612
588
601
601
614
596
599
609
610
614
603
600
579
582
595
593
596
570
538
515
527
536
517
518
516
534
528
532
536
532
513
509
518
523
533
517
523
525
529
522
524
524
520
533
536
538
529
517
516
533
526
533
537
513
523
527
527
511
510
551
530
495
547
576
411
123
