602
578
528
549
593
609
614
631
595
538
501
516
527
503
509
529
532
514
490
441
391
398
436
434
402
402
477
614
698
702
666
677
705
686
644
621
596
605
602
599
596
583
579
583
567
585
604
568
511
487
485
467
421
388
403
410
402
389
397
406
398
393
407
393
388
398
426
465
490
496
484
493
495
484
489
494
487
482
464
500
552
570
566
561
561
549
543
539
537
529
526
526
528
534
537
577
594
593
583
590
594
594
594
594
575
568
568
567
570
573
574
591
623
652
652
638
632
651
644
613
560
522
521
540
542
525
527
547
555
524
476
452
454
456
462
479
495
513
513
509
512
509
533
572
595
597
579
584
608
614
587
514
484
486
503
500
475
481
492
493
500
517
544
572
572
534
518
535
599
644
637
628
605
582
534
542
569
563
538
539
548
525
510
495
507
499
504
505
498
500
502
510
485
453
438
445
435
450
448
442
435
431
446
441
445
447
470
446
427
505
631
724
716
675
690
707
686
670
698
689
668
610
599
589
582
530
490
499
509
498
510
482
469
445
447
452
465
445
458
455
432
410
424
431
421
414
422
439
408
370
347
351
349
355
373
402
437
429
411
401
470
579
645
634
612
620
627
621
623
631
626
613
637
646
610
541
499
500
506
520
511
507
508
509
503
472
461
470
467
465
475
476
482
483
481
481
490
473
479
479
483
511
537
543
520
536
527
513
536
537
544
526
533
548
529
530
532
534
517
526
534
521
513
532
528
530
528
542
536
518
515
534
529
524
516
534
531
522
524
535
513
536
550
519
495
555
567
409
127
