485
463
428
443
470
450
429
421
420
434
464
491
487
490
490
488
491
520
556
555
529
543
559
564
510
454
416
423
434
432
427
413
456
541
576
578
579
584
566
574
569
576
565
592
633
646
636
640
636
593
570
590
586
572
576
600
569
501
472
486
480
476
475
493
458
415
389
376
389
411
452
485
483
471
465
464
505
561
612
593
591
599
580
589
590
588
586
592
587
593
582
591
574
569
551
564
572
556
553
570
616
640
613
603
620
625
612
633
632
590
525
487
495
507
504
494
505
512
503
500
505
509
508
510
505
506
479
445
455
449
455
459
458
472
441
455
435
438
449
441
447
432
447
449
435
453
455
455
435
398
384
378
392
392
387
373
404
448
478
478
461
456
474
469
455
471
462
465
465
463
462
463
477
497
508
511
498
514
525
514
496
526
561
584
595
574
580
572
592
582
584
576
569
575
588
560
493
466
474
473
464
464
476
476
460
465
497
559
619
617
592
598
602
626
572
492
460
466
484
462
473
469
465
477
462
474
489
480
468
470
467
481
466
454
469
449
458
473
484
457
450
506
610
669
668
669
667
660
676
671
649
603
585
577
596
588
598
569
530
504
513
525
510
459
455
465
464
452
462
471
469
452
462
457
460
467
467
467
448
463
478
486
476
492
478
478
481
480
467
477
480
483
477
478
486
474
429
402
406
409
412
396
410
416
404
379
397
411
375
375
448
605
682
669
636
648
662
653
635
608
585
583
597
585
581
595
571
522
498
506
520
503
499
518
503
474
450
468
441
441
458
458
456
456
452
464
458
442
452
454
458
481
485
482
479
485
483
485
503
528
537
535
523
533
533
522
513
531
523
531
531
526
523
529
533
531
524
528
521
514
540
532
523
520
532
521
512
513
536
532
529
534
537
515
529
544
530
499
541
574
410
118
