598
580
534
550
558
541
549
566
568
545
566
558
561
574
612
633
634
628
599
549
497
494
530
512
492
519
581
597
593
606
601
608
597
593
609
591
594
618
614
574
508
471
483
499
491
471
485
499
456
397
366
377
378
367
376
388
373
376
385
367
356
406
508
562
547
529
543
551
556
565
574
576
575
610
602
583
589
611
597
548
527
582
629
624
610
618
627
628
617
622
610
624
628
621
619
615
626
610
560
538
533
550
550
538
536
556
549
548
540
519
506
499
511
511
502
481
489
492
500
484
496
490
496
493
489
492
491
495
492
490
502
491
489
486
489
464
453
461
463
457
454
465
466
466
449
428
424
428
439
429
416
425
436
450
454
446
449
448
451
445
462
486
499
490
497
493
506
501
492
489
496
512
511
500
503
510
509
500
509
498
506
500
512
503
500
505
516
498
511
512
509
504
499
498
507
498
510
493
494
484
504
504
498
503
507
489
482
498
500
493
476
464
471
460
468
466
466
466
475
472
470
467
473
472
465
470
462
454
454
464
456
463
459
471
463
463
466
472
468
461
473
485
463
464
478
489
459
463
460
450
443
449
456
442
411
419
417
406
407
433
403
386
450
567
633
617
617
616
614
605
618
584
507
468
482
490
462
492
566
610
590
601
609
570
469
420
434
439
433
431
433
412
388
376
376
372
376
368
369
375
367
377
375
382
371
362
422
551
609
582
576
578
595
572
590
623
646
639
641
641
626
583
567
574
579
587
568
589
588
557
514
481
486
496
488
488
516
538
529
511
530
527
517
527
525
528
525
531
528
526
529
532
530
521
535
531
535
519
534
530
522
524
531
515
518
535
515
515
522
542
529
494
547
584
409
133
