519
495
463
472
511
490
469
485
500
489
478
469
513
571
609
618
609
574
516
461
458
483
489
465
463
468
463
411
415
430
413
392
448
574
615
586
530
522
506
517
511
526
531
527
483
435
413
406
423
438
420
436
437
424
378
355
358
355
359
349
355
358
351
360
354
346
349
365
350
345
389
443
479
493
465
485
463
469
503
556
602
588
582
595
602
579
577
591
597
583
589
607
568
505
465
472
490
468
478
488
482
488
483
483
475
478
477
469
475
476
486
474
482
490
483
471
468
482
475
476
489
488
471
489
515
573
588
608
593
591
579
564
546
541
557
555
540
546
579
607
621
614
620
580
483
432
441
444
446
441
449
438
434
441
430
426
429
432
436
412
461
556
629
623
593
600
613
614
616
607
526
487
488
506
492
491
492
501
500
495
486
487
485
480
485
491
487
488
510
540
584
586
574
579
572
580
590
565
527
491
500
526
504
444
426
432
449
432
435
447
425
373
350
364
355
353
366
366
365
364
373
354
354
366
368
357
370
384
389
369
373
404
380
375
432
532
592
577
579
573
593
576
573
591
603
581
583
579
580
587
579
583
580
574
567
529
507
519
526
510
500
543
584
616
614
610
609
614
601
598
601
591
570
589
592
588
588
604
598
565
505
486
475
497
492
472
472
497
488
490
498
494
507
488
512
572
597
584
570
582
601
575
578
577
597
609
623
633
625
602
632
636
583
502
464
468
485
478
465
483
518
576
608
612
586
589
600
603
597
605
596
612
597
604
604
606
600
610
587
590
599
592
582
597
591
584
560
548
536
542
536
546
548
541
546
550
560
560
559
558
549
494
472
475
481
473
463
491
515
527
528
524
545
520
522
534
521
526
525
525
529
523
523
544
529
532
522
526
527
518
524
521
512
528
533
524
518
531
541
511
525
544
516
505
552
570
415
122
