607
567
528
550
575
544
547
560
570
547
566
569
553
570
621
628
628
621
625
624
610
623
609
542
488
504
519
504
489
506
510
507
511
514
499
513
580
621
611
604
605
602
595
593
613
613
590
601
612
609
575
510
481
468
491
493
480
487
504
464
387
342
410
509
557
543
544
542
552
544
566
565
579
575
579
599
604
587
579
598
623
561
487
447
454
456
465
472
457
458
495
587
649
621
606
621
629
619
618
623
609
556
532
544
545
526
532
551
551
550
549
539
509
506
506
518
513
510
511
523
513
499
493
491
491
489
495
482
495
483
488
485
491
493
493
480
488
486
483
462
450
469
457
456
460
466
448
430
419
434
420
431
425
424
440
440
444
457
456
455
447
440
440
464
483
505
494
495
508
518
512
508
508
507
495
498
499
506
497
503
504
499
498
498
493
488
497
484
492
492
487
493
504
499
496
503
494
494
465
464
480
475
479
466
468
469
467
465
463
461
457
468
460
468
464
470
478
467
482
471
477
472
475
472
462
476
483
468
471
472
472
466
464
455
447
437
447
452
459
446
447
442
444
456
454
449
446
459
451
446
452
465
438
413
405
424
418
395
462
581
622
618
609
635
600
521
466
473
493
480
466
493
485
483
475
472
486
475
469
476
508
549
593
614
581
596
609
602
542
473
427
434
434
446
424
420
443
444
416
397
381
364
352
422
539
606
600
563
583
594
569
575
602
632
640
636
648
648
631
647
649
631
600
576
580
578
576
583
562
503
492
496
501
493
499
497
508
485
503
526
520
520
529
528
519
530
527
525
520
522
532
524
531
532
528
527
525
535
533
530
530
537
526
538
540
528
515
527
530
519
507
542
526
509
515
544
505
501
551
577
409
125
