651
598
508
499
540
537
507
525
560
585
607
618
615
606
593
612
606
598
603
590
589
593
589
587
593
564
521
500
499
510
504
502
520
508
506
511
491
474
430
449
469
445
444
458
455
463
464
476
466
462
459
474
456
437
441
448
426
420
419
414
397
404
416
404
390
428
447
479
489
480
471
451
510
607
662
661
643
639
644
633
642
649
645
657
636
644
637
627
640
642
656
603
553
512
524
537
529
531
536
518
485
468
463
468
465
459
474
478
472
472
472
470
469
481
472
467
467
479
481
467
473
485
468
466
471
490
464
463
497
535
569
557
545
563
568
557
554
562
564
565
551
559
569
598
608
607
602
604
611
614
579
515
488
497
491
495
508
512
482
386
352
368
382
367
346
362
375
359
350
368
401
401
392
403
409
396
377
459
608
700
678
643
683
689
653
590
576
590
582
578
587
592
583
587
587
573
555
557
571
570
561
576
569
559
542
537
546
544
539
570
597
618
625
609
613
618
615
615
623
628
621
582
546
520
520
528
526
522
526
527
555
561
545
525
511
529
518
526
510
521
515
528
559
566
562
557
555
563
567
561
574
571
572
576
601
604
575
582
595
598
566
489
436
460
480
505
488
480
491
490
493
478
509
539
560
569
566
564
567
560
566
572
570
566
558
545
531
533
538
540
543
539
534
527
538
593
625
636
623
602
609
596
593
602
602
605
577
540
516
519
529
529
526
529
535
524
524
527
538
527
518
499
481
478
481
459
459
463
473
454
445
441
432
437
434
444
428
411
405
421
393
381
429
500
534
530
523
522
535
527
518
520
538
526
514
526
519
533
522
537
520
517
528
541
528
523
527
530
522
529
540
531
508
525
549
529
505
551
576
413
135
