600
590
524
550
572
564
532
562
564
550
548
576
561
554
550
580
554
555
577
607
645
628
630
625
618
631
629
630
633
627
624
620
630
610
635
632
626
616
633
629
591
536
494
493
542
590
606
608
595
614
609
593
604
621
571
510
463
487
492
478
480
484
463
398
366
375
388
391
364
354
418
518
557
553
538
536
546
537
546
579
576
567
566
571
569
563
570
585
599
601
592
586
598
604
560
499
477
452
465
464
470
458
456
502
588
647
632
622
618
637
635
618
629
631
619
622
630
624
626
607
569
533
537
550
559
533
539
547
547
512
512
529
515
523
513
524
516
509
499
486
490
500
498
494
478
485
497
503
490
493
502
501
494
493
481
480
490
490
469
466
461
469
449
429
427
435
430
433
425
425
425
428
439
456
461
456
459
446
445
460
445
444
456
451
443
464
477
501
502
500
490
502
507
516
513
522
508
505
503
514
499
500
506
515
503
481
505
512
501
499
511
497
503
496
487
489
500
487
485
492
498
490
501
499
493
498
486
486
500
500
498
500
492
485
492
486
497
471
457
466
470
463
468
480
481
469
465
463
459
457
460
456
460
458
467
475
472
468
465
464
474
473
468
468
452
448
459
459
451
457
454
442
414
409
420
408
417
415
412
411
414
416
415
413
418
411
392
452
582
653
635
606
629
619
598
631
637
604
509
459
483
486
480
502
489
478
513
574
588
581
577
590
588
581
588
594
597
606
606
595
588
605
615
554
468
431
421
441
440
429
423
385
367
363
370
378
387
367
365
428
526
605
587
577
589
591
575
600
631
660
647
626
627
650
641
627
596
564
563
583
593
578
579
596
559
515
482
497
504
490
486
494
507
517
534
531
519
529
525
539
539
528
532
525
524
524
533
522
533
526
529
514
533
540
533
511
526
528
528
519
530
533
508
527
534
527
503
544
564
406
130
