610
583
535
559
574
557
554
571
574
566
575
599
613
593
597
607
608
604
587
595
586
552
504
484
477
498
490
494
486
472
440
462
466
477
477
474
468
458
456
483
471
454
475
469
455
427
410
420
421
417
418
423
411
418
407
404
413
418
393
364
340
352
356
348
350
355
338
357
436
460
453
446
460
453
437
496
576
628
623
613
620
619
618
615
622
615
581
578
603
599
596
582
596
607
573
541
516
510
525
514
511
516
520
491
463
442
450
446
458
464
449
454
448
454
466
454
459
473
461
460
447
437
418
433
429
440
424
425
439
426
421
425
425
428
416
398
412
388
381
455
547
630
630
593
588
616
613
581
533
495
494
512
510
505
497
512
536
529
546
536
557
573
605
610
587
586
597
611
567
508
478
486
483
501
506
496
480
510
581
604
596
607
598
598
593
597
607
572
517
481
486
502
499
485
501
515
488
464
449
452
447
434
437
452
458
445
457
474
484
486
472
472
485
473
459
465
449
442
447
455
453
441
424
393
420
402
393
409
415
411
408
407
411
401
401
402
401
425
448
479
474
455
466
478
475
470
458
509
563
597
592
575
589
619
626
611
541
523
537
541
516
471
455
458
464
459
460
451
465
446
419
384
444
568
635
623
614
617
624
620
584
529
501
502
519
512
510
502
511
499
511
504
501
529
551
568
577
556
561
564
563
570
566
574
559
543
526
520
530
531
533
532
526
523
532
540
529
530
525
527
532
541
530
536
514
529
538
518
526
529
531
530
521
529
532
532
526
532
529
521
535
529
515
515
536
541
509
535
547
524
495
547
577
424
129
