562
541
494
511
534
514
495
490
448
442
456
466
463
451
456
467
473
470
462
465
467
464
453
440
421
424
445
446
408
364
355
362
375
360
357
370
357
354
386
416
404
390
469
620
709
685
663
648
597
559
573
578
572
566
566
579
564
574
607
636
609
624
621
625
607
624
624
614
615
636
602
524
478
483
491
483
480
486
492
480
485
493
500
452
406
359
369
375
381
377
370
386
376
371
371
376
375
373
372
389
385
389
381
369
361
409
502
560
553
532
537
554
544
549
533
554
530
532
533
515
519
526
519
513
525
539
544
545
567
612
634
619
607
608
624
613
615
619
623
606
584
554
571
569
564
553
571
572
574
554
566
565
560
560
563
569
561
570
572
561
556
568
557
554
589
615
644
651
613
543
525
531
540
535
533
542
526
504
492
490
510
495
496
503
499
490
500
500
494
495
515
562
574
576
575
582
580
593
607
634
632
635
631
627
624
631
613
575
544
569
567
561
580
615
644
635
623
568
542
534
549
561
547
545
553
548
522
504
521
515
496
504
514
524
503
482
483
481
486
484
495
484
459
454
446
459
453
452
417
431
436
439
404
471
566
630
619
611
614
625
621
614
612
610
607
610
586
537
496
510
503
507
501
501
517
515
513
517
509
514
514
509
503
513
535
510
506
516
520
513
509
518
523
492
454
413
414
435
426
418
433
427
431
423
421
425
426
432
427
427
435
439
438
429
438
446
435
426
394
362
358
366
373
361
345
405
523
588
579
557
570
555
565
581
621
636
619
615
633
632
631
623
642
641
635
632
615
638
635
631
607
587
604
605
591
603
596
595
592
595
605
590
534
512
519
516
508
506
512
523
511
519
515
517
522
514
520
509
522
524
523
514
516
530
519
521
513
525
509
506
534
535
532
528
531
534
517
532
530
520
525
545
529
520
526
523
521
523
531
534
518
522
536
516
520
535
534
525
504
536
540
516
532
545
514
504
549
579
414
120
