576
541
504
523
543
529
520
518
466
444
451
467
451
443
456
467
445
452
470
474
465
461
457
458
458
464
457
452
443
432
430
427
433
429
427
426
383
343
364
410
409
405
393
429
401
391
464
620
689
680
662
666
701
690
654
600
568
569
577
582
573
580
566
583
611
625
630
620
634
618
611
624
645
598
524
474
482
487
506
493
469
402
379
366
385
377
370
376
363
422
503
567
557
536
546
559
531
529
546
547
525
514
536
521
524
530
527
516
519
547
535
536
563
608
625
617
619
622
620
620
614
620
599
578
565
573
569
559
568
577
582
577
570
564
561
558
564
559
566
573
566
559
560
569
563
589
621
630
632
599
561
519
526
534
535
538
536
537
501
487
499
500
494
492
487
494
481
485
507
547
575
585
567
579
574
577
574
577
607
628
628
624
622
631
610
571
570
575
573
565
565
565
562
549
571
570
571
565
563
553
565
577
615
633
643
637
628
638
630
629
646
650
615
572
534
543
559
558
543
557
538
529
511
513
511
497
487
488
491
485
481
486
472
453
454
456
447
448
458
447
453
451
424
411
425
433
406
400
469
581
633
616
601
616
613
589
610
612
589
544
500
507
519
524
491
441
414
433
426
434
413
434
428
429
432
435
428
429
438
420
422
422
426
440
434
434
439
428
447
448
416
365
356
369
355
344
403
517
587
579
562
575
571
569
569
577
585
601
644
640
627
619
622
627
597
586
599
588
591
595
589
589
610
580
538
501
521
527
519
514
527
539
523
532
535
536
533
527
531
536
513
522
522
529
520
524
533
531
518
544
523
517
522
532
514
526
542
529
502
523
540
520
495
555
578
411
125
