515
495
449
475
494
474
497
579
633
604
594
613
632
621
608
635
628
574
455
418
412
443
424
425
430
425
431
424
405
420
454
501
537
535
518
535
541
542
548
557
551
549
557
545
537
570
620
650
640
625
641
647
626
619
599
590
582
602
585
593
596
600
562
496
451
472
483
446
424
405
407
409
411
408
384
443
523
595
567
547
562
574
572
565
554
542
547
538
544
536
552
559
578
572
568
563
566
562
562
569
575
572
582
585
587
592
588
573
550
541
552
542
553
539
541
560
545
545
550
571
568
562
583
572
534
507
480
503
505
493
505
500
502
525
572
600
606
589
595
604
603
587
548
535
533
555
567
576
562
560
565
571
578
552
522
512
508
521
522
531
535
539
566
638
668
665
648
649
663
662
679
641
561
508
521
542
525
511
535
587
594
594
588
598
595
579
586
583
573
575
584
588
592
576
537
505
505
527
521
508
520
544
580
615
620
616
583
556
535
524
529
553
608
651
648
637
636
638
609
528
472
483
509
493
480
495
499
481
469
477
482
471
462
475
466
466
476
476
452
454
511
603
638
624
635
650
602
516
474
498
501
478
509
567
589
579
564
564
536
502
516
534
523
517
526
520
497
528
586
600
587
580
596
591
596
598
586
584
587
603
604
564
554
571
567
558
561
571
549
525
551
625
680
669
657
658
671
667
657
663
663
661
672
668
674
658
672
664
652
662
664
665
655
667
663
672
669
662
674
671
655
662
666
651
601
563
571
577
587
552
548
520
507
530
525
519
518
531
524
521
528
532
531
528
533
533
511
518
534
516
513
521
523
525
519
527
535
513
533
542
532
489
556
568
420
146
