481
467
424
460
468
418
408
424
440
416
409
416
414
415
422
433
404
407
432
464
479
482
487
475
483
467
500
533
556
545
531
545
564
523
453
411
405
431
437
434
416
425
457
535
589
579
555
564
602
611
648
644
631
631
635
646
609
592
570
590
583
578
587
591
560
501
470
468
485
494
467
488
486
472
469
477
474
473
465
481
485
473
477
502
463
405
382
380
398
399
393
365
404
453
484
472
470
486
465
468
495
573
603
582
588
594
576
560
555
561
564
548
557
562
551
576
609
631
635
618
622
626
631
590
518
490
494
514
502
465
459
470
464
455
466
465
461
440
450
441
445
444
457
447
442
448
458
429
398
382
374
388
405
440
475
467
466
467
478
469
475
505
516
512
509
513
507
503
526
571
590
594
584
584
585
577
575
573
581
565
558
572
576
561
493
455
460
490
470
456
498
570
616
618
568
488
446
457
483
457
434
501
609
678
670
649
654
668
669
641
660
666
660
657
665
674
647
603
578
589
571
520
503
504
533
524
520
505
521
505
511
470
466
460
468
476
461
465
466
461
451
468
461
468
461
454
464
477
484
485
486
477
481
474
474
470
482
472
482
478
475
424
404
387
415
408
413
410
419
402
394
402
389
375
384
398
372
375
450
593
670
673
638
603
589
598
607
580
540
517
515
517
527
514
515
498
465
443
448
457
461
477
494
491
479
473
488
489
477
477
494
515
532
530
519
514
530
532
541
527
534
539
534
526
517
528
521
522
520
541
528
519
537
533
527
523
545
521
505
550
571
407
138
