522
502
468
494
477
402
373
388
409
379
383
389
396
390
405
416
392
400
422
404
384
432
528
585
563
550
563
566
544
525
548
546
536
530
541
546
555
556
572
581
587
604
598
596
599
599
572
497
488
489
509
493
481
489
500
471
400
377
361
370
387
420
457
476
454
453
460
485
553
594
598
595
622
652
644
632
627
653
634
612
560
526
523
528
545
527
512
478
448
436
461
456
439
447
457
443
413
388
394
411
399
399
409
405
408
406
413
393
394
405
396
389
410
413
391
367
453
604
688
663
639
659
676
637
575
549
560
562
562
546
535
532
539
541
535
529
559
596
623
608
604
616
621
598
613
618
590
519
460
478
495
468
457
520
623
677
657
652
678
662
647
649
658
633
554
550
557
553
534
539
566
522
447
425
456
443
419
457
518
556
536
526
530
539
530
541
549
564
551
568
568
561
562
561
561
578
613
635
637
637
631
615
577
545
546
567
559
556
541
526
510
508
513
520
505
510
517
495
492
520
539
561
555
548
551
555
564
560
557
567
558
566
571
582
573
588
588
581
585
588
568
561
540
544
553
552
538
542
558
588
599
601
597
598
583
585
594
602
564
482
441
450
470
455
444
461
464
456
445
457
463
452
461
477
446
393
372
386
396
372
356
429
562
634
616
599
618
620
610
601
613
603
623
612
612
605
603
602
610
616
607
618
596
597
604
622
612
606
620
594
536
517
530
544
510
471
451
455
468
463
460
446
464
515
523
517
525
526
531
524
541
524
518
527
543
528
524
525
542
524
517
527
539
530
523
529
525
524
528
544
516
526
545
535
506
554
564
409
125
