623
592
540
560
582
556
551
575
587
568
568
596
576
579
588
598
593
597
605
608
591
603
618
593
573
579
587
583
581
586
563
506
491
479
485
501
495
483
450
445
461
461
456
446
484
470
479
469
479
482
476
471
460
465
459
466
470
467
464
460
462
457
450
427
415
423
418
398
403
420
407
369
338
337
357
339
346
341
352
348
347
354
335
343
382
440
470
458
453
453
448
462
469
452
447
480
579
631
622
612
620
629
615
614
619
627
599
584
598
584
596
598
605
572
517
512
510
510
515
508
513
517
501
467
442
450
462
447
454
442
444
449
453
457
470
462
463
452
456
454
455
444
433
439
443
433
427
429
426
406
399
401
405
380
372
448
569
632
617
600
614
627
595
602
618
624
586
528
500
496
511
509
522
509
500
511
518
546
545
534
536
541
536
559
600
625
590
584
597
609
573
517
476
485
495
490
491
486
493
479
518
570
613
621
583
527
501
492
486
488
498
492
481
490
478
501
495
497
492
476
452
444
445
450
446
446
448
463
471
474
484
489
480
480
466
489
475
472
471
448
451
462
467
456
433
405
408
402
409
418
409
412
414
409
405
403
406
419
402
400
420
412
396
422
453
471
465
484
482
465
464
494
564
602
591
586
571
573
592
616
626
620
627
627
635
627
626
599
561
534
517
536
539
518
520
530
544
510
465
454
464
460
463
461
463
427
401
417
422
407
397
457
560
624
620
577
537
513
517
550
580
573
561
562
564
574
566
558
567
571
555
569
563
574
560
528
524
517
527
527
530
515
528
533
528
518
534
535
522
519
535
529
539
528
526
523
544
539
536
524
525
542
523
513
526
551
526
521
537
535
514
525
536
531
503
548
572
406
120
