641
626
580
578
561
526
503
516
539
554
585
590
573
566
586
599
581
571
578
580
572
578
555
523
527
577
597
602
614
627
586
530
512
505
510
501
509
502
500
532
582
618
614
597
604
625
623
565
506
466
464
481
494
474
474
468
465
447
413
399
470
580
643
645
607
630
637
631
613
626
634
615
606
617
630
612
622
628
622
581
514
474
469
485
483
469
475
488
478
440
425
431
435
426
410
414
431
434
418
419
431
414
417
477
570
632
637
600
603
598
589
584
592
604
588
591
602
570
532
513
524
524
514
507
529
522
507
516
520
516
522
530
514
508
542
627
663
641
636
647
646
642
638
651
621
567
538
550
559
551
538
550
551
546
525
521
511
508
516
510
497
492
496
474
488
481
474
469
481
484
485
485
468
469
462
465
458
462
461
451
464
471
466
472
466
464
472
475
480
493
515
516
512
509
502
504
502
504
500
523
577
596
593
592
596
595
600
587
595
598
590
600
599
598
613
600
578
538
508
526
527
504
514
521
504
471
451
451
456
450
464
449
428
421
419
441
431
426
435
433
423
440
445
428
416
476
576
625
625
599
602
617
623
574
476
425
435
450
433
424
463
559
605
597
580
594
583
577
589
622
639
637
637
632
642
650
629
591
558
572
586
580
577
579
597
538
480
441
447
465
450
454
446
467
480
450
449
405
377
369
392
389
372
383
403
364
356
431
557
618
615
586
598
621
608
586
607
629
581
546
528
532
540
531
495
480
498
498
503
484
487
497
516
536
531
524
520
525
534
520
517
535
529
525
526
537
531
527
529
536
528
517
528
534
518
521
533
529
523
535
533
525
509
535
539
515
516
551
525
495
545
574
417
136
