549
543
479
489
546
566
587
604
595
580
581
588
585
578
597
550
462
419
429
441
443
423
439
445
441
435
460
451
439
438
499
568
629
620
601
604
609
610
609
623
605
601
595
611
611
609
616
616
595
542
534
537
540
548
535
538
534
549
529
536
533
540
542
533
550
566
595
593
591
599
596
585
582
580
571
569
574
572
594
631
649
652
633
650
655
664
616
574
551
553
557
555
550
549
541
516
496
500
515
501
496
512
522
487
457
444
448
446
442
443
447
435
457
468
466
457
468
464
455
443
504
603
671
665
641
636
679
683
598
484
424
423
443
438
422
431
442
446
433
438
444
423
434
468
539
557
549
557
548
554
564
603
618
622
616
619
631
626
606
553
516
512
534
528
507
552
629
673
653
648
668
639
603
577
586
590
578
579
592
585
577
582
593
579
583
581
595
576
594
593
593
584
587
583
582
587
590
586
604
588
576
582
578
592
582
586
581
556
542
555
581
564
544
564
616
631
623
615
611
624
628
628
633
631
625
622
609
567
536
521
527
530
540
546
522
510
487
488
484
482
489
469
450
471
479
475
479
470
474
475
495
554
597
586
573
579
589
580
585
611
617
630
631
641
615
563
527
547
554
529
550
546
523
505
495
507
498
498
496
492
496
503
495
493
490
478
471
483
477
466
456
475
460
463
462
458
463
453
443
435
440
446
442
439
453
438
439
441
436
443
441
446
430
414
407
408
408
398
414
410
392
388
389
377
376
424
495
525
515
509
521
514
531
587
643
628
609
619
612
553
509
522
546
531
531
537
535
502
491
480
483
482
483
477
479
485
477
472
470
476
517
526
538
524
537
517
529
537
531
523
534
530
521
523
535
520
523
523
537
520
527
537
529
510
531
548
518
500
551
575
413
123
