514
503
456
469
485
497
557
609
613
580
581
614
617
551
493
478
460
471
471
487
444
424
408
423
401
411
459
559
606
605
585
584
575
542
503
507
527
528
496
438
424
407
421
429
436
398
371
375
435
477
485
468
472
472
463
490
550
608
603
553
498
475
481
485
495
481
467
493
489
471
466
506
567
593
595
576
557
535
571
603
631
620
609
610
615
618
597
619
634
581
477
423
445
460
446
437
447
448
438
419
420
442
431
417
421
474
569
631
611
613
614
627
604
527
486
494
492
495
504
506
493
489
480
478
489
490
485
490
511
562
592
576
567
578
558
517
496
513
516
505
496
510
522
496
449
435
434
442
441
445
424
381
365
363
374
359
349
359
377
380
380
382
388
378
368
377
399
377
372
381
383
372
379
405
368
366
432
544
603
592
568
586
596
576
587
594
583
581
585
583
574
587
584
568
529
518
511
508
526
528
503
512
532
584
614
611
594
605
624
606
605
594
584
582
586
597
590
595
605
563
517
475
481
489
483
480
483
488
488
488
499
493
488
485
517
568
586
585
580
590
612
630
629
611
621
624
634
593
525
466
454
485
482
476
466
519
577
613
613
593
598
604
608
591
587
586
603
590
600
592
550
529
537
563
535
546
549
535
546
549
579
555
558
563
566
531
481
473
463
471
487
524
531
518
536
533
523
524
525
532
532
528
534
527
530
539
536
515
525
527
539
521
522
550
523
521
541
536
523
522
555
534
505
542
564
410
124
