543
533
464
455
451
442
431
451
458
442
439
442
445
446
448
438
401
392
413
426
399
382
398
413
396
388
440
554
616
606
578
593
596
605
581
585
597
591
588
593
590
595
577
589
597
597
599
593
588
594
584
595
592
603
597
594
585
593
593
585
589
598
600
587
591
590
588
623
643
643
606
560
527
533
539
539
524
511
555
634
675
657
644
661
656
639
573
573
570
580
576
564
550
585
606
597
614
603
618
619
618
592
538
515
564
615
648
643
629
641
660
637
632
657
648
608
557
523
519
531
529
532
512
491
461
460
472
457
451
474
490
492
498
509
495
496
526
542
569
554
568
562
565
571
554
572
566
567
562
564
555
551
540
541
556
541
546
571
581
519
471
477
494
494
482
482
485
497
509
522
523
517
524
518
510
505
533
580
603
601
607
597
592
604
603
571
495
460
455
466
477
456
470
496
469
436
425
472
550
594
596
586
582
597
596
589
584
592
574
582
590
590
589
591
596
588
590
569
589
575
585
581
555
534
535
528
544
526
547
552
556
564
562
570
552
571
581
572
536
481
449
432
448
462
436
431
482
574
632
611
600
609
608
607
599
602
623
601
607
617
617
612
634
633
579
517
475
458
495
488
461
456
460
447
463
459
462
440
429
514
639
698
696
669
689
699
694
668
636
592
587
618
613
595
611
607
575
527
521
520
504
510
507
525
505
456
436
448
458
448
453
444
443
452
459
454
444
459
460
452
442
460
448
445
466
467
480
477
473
469
475
480
480
475
485
482
477
454
436
441
460
452
466
455
440
400
379
389
402
390
393
405
442
454
461
442
461
458
462
457
473
453
449
465
472
453
435
480
558
589
579
570
578
594
572
579
577
572
529
519
530
527
521
521
528
530
528
537
532
525
522
519
526
535
529
525
532
526
534
526
522
527
524
539
540
520
524
531
526
527
521
525
524
529
533
536
516
517
541
536
522
519
543
523
496
549
569
403
132
