553
536
480
504
536
509
486
523
572
601
590
592
595
597
546
476
417
421
441
432
419
432
448
418
442
457
447
445
459
446
442
490
566
620
622
599
608
625
603
582
555
545
534
540
541
551
584
598
598
587
575
605
595
582
586
586
565
558
575
599
613
644
675
661
644
656
662
603
580
544
553
552
546
553
542
539
556
554
531
506
487
512
520
513
509
504
490
459
442
441
446
438
448
437
451
468
445
441
500
608
671
662
670
670
606
488
413
436
469
438
423
472
535
572
552
564
556
563
559
552
571
607
629
619
622
616
610
620
624
600
555
529
518
534
516
523
542
524
505
550
634
676
657
659
667
645
596
573
578
593
601
586
591
582
588
593
582
562
548
552
571
570
556
549
571
605
633
629
626
617
611
633
635
603
569
539
530
531
504
475
471
484
485
476
467
458
456
461
462
454
465
458
462
483
484
476
488
488
477
482
501
555
593
582
577
593
615
632
622
615
645
641
607
561
534
530
549
550
549
547
526
516
492
501
501
505
497
496
497
501
497
484
467
480
483
485
486
478
486
478
492
486
478
458
465
461
468
468
468
467
460
427
437
434
439
448
449
428
414
403
399
409
400
405
402
406
395
388
382
395
388
370
398
407
371
371
405
494
534
517
509
512
512
501
533
600
635
623
617
625
631
616
633
630
605
552
526
528
539
530
515
495
477
480
522
554
530
513
532
533
530
525
547
531
519
532
536
533
511
531
533
534
539
540
521
515
528
545
522
515
532
534
502
526
542
515
500
549
569
410
140
