593
571
528
554
575
551
539
574
571
552
565
626
628
619
611
633
619
622
625
643
623
616
630
624
602
534
494
510
519
505
526
571
619
606
593
595
609
598
594
613
605
597
608
617
576
512
462
480
478
483
494
484
476
482
493
479
480
490
453
405
360
376
385
370
374
373
384
362
400
522
557
551
529
551
547
567
565
577
572
573
563
565
579
596
602
594
589
592
587
607
591
564
502
458
461
480
478
451
455
501
587
643
631
617
617
617
626
626
635
629
617
629
641
621
625
624
620
561
533
541
550
532
511
511
524
511
526
519
521
510
495
489
495
485
483
480
490
498
481
475
491
498
498
495
494
497
490
485
493
490
487
497
496
502
472
456
464
464
474
468
476
453
436
434
429
413
430
435
430
446
459
461
451
463
486
507
499
502
509
506
502
511
504
502
505
503
503
503
504
513
494
495
486
498
500
503
492
484
506
493
487
486
492
501
489
502
495
493
496
475
465
474
472
461
470
466
478
463
463
470
481
466
469
451
456
467
461
472
469
467
478
481
472
471
464
477
472
467
472
468
462
448
456
456
456
456
452
448
442
457
453
443
451
455
448
446
429
404
409
423
422
396
399
459
580
622
630
607
606
622
618
593
523
470
476
495
493
478
489
496
480
466
517
572
587
594
601
586
589
598
605
562
473
439
437
436
435
438
434
397
367
387
375
343
416
551
603
584
563
583
588
590
621
649
637
633
634
645
640
635
639
596
564
576
600
559
518
493
490
500
485
484
487
496
515
530
537
507
526
533
517
510
530
521
520
518
522
530
525
524
537
522
519
533
532
518
515
532
529
518
530
527
518
512
538
538
508
522
550
519
497
550
583
409
129
