532
500
458
483
501
475
454
500
488
452
482
502
483
461
521
583
614
613
616
631
609
613
627
567
467
417
438
437
428
405
465
509
532
539
524
522
519
527
518
528
514
531
528
527
519
535
548
547
580
616
636
645
628
636
634
641
635
600
569
586
603
550
485
464
470
480
475
459
468
462
462
482
460
421
400
408
402
411
409
394
390
434
514
577
577
549
551
567
530
529
536
547
533
536
546
553
551
565
568
559
559
560
558
556
572
581
586
574
577
592
587
578
591
575
586
577
597
578
554
539
547
546
544
566
574
562
568
566
561
551
572
579
554
512
503
573
627
606
592
593
603
591
554
542
538
540
546
532
538
546
538
540
549
549
542
546
547
540
544
533
530
559
564
571
570
557
526
517
519
515
518
503
510
514
534
552
546
542
532
572
630
669
682
653
656
665
676
643
548
506
521
528
530
522
528
520
503
544
588
596
585
580
586
585
588
584
571
538
510
498
528
512
503
509
545
594
616
619
625
610
616
628
641
600
539
541
612
656
656
631
641
651
656
640
603
541
479
479
502
497
480
481
477
468
464
476
485
454
455
507
580
646
638
629
617
624
645
649
606
532
470
486
517
497
481
516
560
579
575
574
576
583
574
557
530
520
516
527
528
520
514
534
573
595
593
593
588
594
594
593
592
598
576
557
557
562
563
564
573
564
559
548
528
526
521
539
541
521
551
643
686
667
654
671
685
646
588
572
588
565
572
581
581
568
539
524
523
529
519
535
528
533
523
520
536
525
525
526
519
519
527
525
523
536
530
534
529
530
540
541
521
536
525
518
537
531
509
529
521
521
527
532
539
519
518
530
533
516
541
525
511
513
534
538
517
525
557
540
495
551
590
411
127
