684
661
606
626
653
630
610
627
601
572
583
598
586
573
587
574
515
486
517
499
499
489
509
513
491
467
465
448
450
461
458
449
443
452
431
434
440
436
434
431
443
421
415
426
427
426
420
423
434
424
435
442
450
440
444
451
441
449
468
474
474
464
481
481
465
467
464
465
468
450
465
454
442
459
474
479
474
505
562
610
602
591
581
583
596
597
584
581
579
582
589
599
596
553
511
461
476
485
488
482
490
491
476
475
487
482
474
499
587
631
629
608
610
624
619
608
598
592
595
600
607
596
571
542
509
511
537
526
506
462
447
458
448
439
453
457
443
460
447
467
453
447
455
450
457
463
512
589
625
612
608
616
615
613
594
588
579
591
576
589
591
566
511
478
485
498
508
482
488
504
495
486
441
416
408
429
443
468
454
450
452
472
454
452
478
528
552
535
539
541
541
546
543
530
533
548
584
596
607
603
594
600
609
616
566
502
479
485
483
480
469
471
505
574
613
607
588
605
610
599
602
606
587
490
451
464
487
467
463
468
419
376
401
424
388
385
463
602
654
648
651
620
585
551
548
565
560
551
559
561
550
565
555
523
504
500
513
513
512
507
515
506
498
516
527
533
525
521
567
615
668
653
646
646
644
648
649
661
667
656
643
592
574
568
590
593
573
576
595
603
596
592
594
582
570
579
591
563
509
481
474
483
478
469
477
489
466
468
491
520
532
533
522
528
532
518
527
514
521
534
528
527
527
532
523
526
525
526
529
532
530
536
515
530
544
517
524
535
524
516
526
547
520
501
550
582
414
127
