659
617
568
596
608
588
576
609
601
528
505
535
527
505
535
585
620
606
590
604
590
588
594
586
574
582
601
580
526
513
507
507
508
499
502
510
514
501
464
450
438
456
438
451
444
458
451
464
474
465
460
469
469
468
442
441
444
440
445
442
439
429
412
388
407
410
419
400
405
433
460
489
476
471
462
475
481
464
461
516
597
645
656
643
633
652
647
631
564
522
517
538
527
529
532
542
533
518
492
464
479
474
480
454
476
476
470
473
497
534
571
562
556
551
569
572
593
613
613
609
611
614
606
611
615
609
620
613
576
521
489
493
505
513
501
466
397
345
350
367
367
352
368
381
362
339
352
398
389
387
470
611
701
686
666
671
660
592
573
581
585
588
574
585
578
550
545
569
559
555
562
577
564
566
563
567
549
534
546
557
546
539
533
535
564
589
627
618
601
620
620
610
628
613
621
585
553
524
523
524
530
526
520
543
556
553
547
552
557
545
537
530
513
517
526
510
510
519
535
554
571
570
562
567
570
572
556
555
569
592
583
594
602
596
589
596
610
553
481
443
440
456
450
453
461
474
498
493
463
484
501
548
570
576
556
562
571
565
562
542
534
536
534
529
547
537
528
558
592
631
614
623
633
629
602
596
591
606
605
584
542
535
525
534
524
521
517
535
527
522
522
534
528
529
525
517
531
523
521
516
508
492
489
494
484
477
500
482
471
456
471
463
456
464
461
456
442
443
450
419
405
401
387
406
404
416
403
395
437
498
546
529
521
521
541
523
523
529
539
522
526
530
512
528
529
518
524
513
531
533
525
522
532
529
504
518
530
519
506
540
544
532
524
528
532
517
524
546
522
513
551
577
420
136
