521
503
470
488
494
476
486
587
612
598
594
607
604
585
593
616
576
503
472
478
478
468
459
475
497
456
414
415
412
409
428
417
412
400
448
554
610
600
580
570
538
523
507
526
526
516
521
521
507
517
513
513
515
514
511
520
509
514
513
524
520
506
502
501
517
525
490
434
421
420
444
415
418
426
429
414
424
434
417
356
341
353
366
351
348
374
437
466
474
470
488
463
475
494
561
596
593
575
577
597
599
562
506
468
469
486
475
474
485
470
472
474
486
488
491
483
473
488
495
479
476
513
563
604
597
591
585
567
553
548
559
555
552
552
608
625
622
601
629
655
589
485
435
439
455
466
442
445
441
436
441
443
425
433
422
429
440
437
424
411
481
569
629
627
587
529
493
485
513
514
480
480
494
484
481
487
492
471
475
519
550
575
572
573
588
572
581
579
563
527
498
503
505
508
503
520
493
450
434
439
455
429
433
435
447
421
381
364
366
370
385
392
379
367
384
390
367
366
421
539
608
597
581
570
596
580
575
584
596
585
593
593
574
569
535
509
506
513
519
525
508
538
586
615
611
604
607
614
613
607
610
609
593
577
579
590
590
585
593
591
566
509
472
475
498
494
496
482
498
496
469
482
499
504
497
487
519
567
590
586
576
588
589
568
578
597
612
623
618
627
628
625
639
599
517
466
482
494
492
465
477
492
477
478
481
480
472
466
509
576
614
600
593
599
601
605
599
604
600
588
582
600
600
589
556
540
531
542
556
537
548
550
558
568
567
566
544
499
462
473
482
474
457
478
520
526
524
539
525
520
526
530
533
526
536
531
531
528
527
526
522
513
537
536
526
527
520
525
523
537
521
515
533
540
527
530
544
532
507
516
546
512
503
532
569
407
128
