536
500
444
505
597
625
605
616
614
606
606
631
647
566
469
417
429
446
449
421
415
456
512
536
536
527
507
530
517
520
517
524
534
543
546
546
561
547
570
605
648
630
618
605
583
577
591
583
551
497
454
469
471
469
430
399
396
442
537
571
564
549
554
566
551
531
545
548
546
545
536
539
538
570
571
546
563
572
582
576
579
582
576
583
579
594
578
562
534
536
554
557
539
537
546
557
567
567
571
563
572
575
566
547
521
505
488
500
526
566
631
605
594
599
603
604
588
558
538
538
550
544
535
535
539
547
535
541
560
550
566
569
576
569
571
579
564
574
579
556
520
508
513
527
517
538
546
532
527
565
634
666
671
659
653
656
664
665
623
554
518
523
521
514
532
577
597
584
580
590
601
598
592
596
596
587
596
606
603
588
570
576
592
597
572
580
595
574
524
517
511
507
505
523
504
505
549
595
604
554
512
528
535
520
532
539
527
560
619
660
643
642
642
603
511
464
486
495
470
451
481
468
463
457
470
468
445
498
601
646
635
624
622
648
642
601
527
490
478
517
563
573
593
576
570
583
571
569
573
572
599
583
577
560
537
511
520
521
517
513
527
523
512
538
572
612
599
598
587
598
586
583
569
568
560
575
570
565
546
562
563
539
519
540
534
525
516
562
632
675
666
650
641
666
664
647
655
658
680
644
588
568
578
583
562
534
514
521
523
533
541
526
520
530
526
525
527
530
532
533
529
529
526
528
521
512
526
538
530
524
525
523
522
520
532
529
526
521
532
540
507
525
540
521
510
547
570
412
132
