604
585
528
549
585
568
547
566
586
595
622
632
615
615
623
637
597
543
524
518
517
525
527
512
510
524
523
487
435
389
391
415
398
398
403
402
395
388
410
407
403
401
407
406
391
407
424
422
397
418
448
417
403
472
620
693
711
679
674
676
690
683
678
684
673
687
688
692
679
677
680
690
659
613
594
604
610
604
607
600
600
601
578
580
580
583
599
583
575
590
565
512
477
485
504
458
404
397
402
394
395
402
401
389
422
467
493
484
495
544
578
563
565
572
563
549
519
532
539
534
538
521
545
574
602
593
588
593
585
586
582
588
601
576
574
583
570
573
584
578
572
567
578
577
566
574
570
563
575
575
586
560
594
633
661
650
647
643
654
640
657
622
558
524
536
541
531
525
542
522
481
452
451
463
461
455
484
505
517
513
519
512
510
531
567
601
605
585
591
597
609
568
512
482
478
479
512
503
492
490
491
500
488
514
538
564
557
548
561
581
543
517
525
516
519
516
524
510
498
544
604
647
652
633
638
634
629
633
629
636
635
639
626
626
633
634
626
622
625
637
632
604
567
546
550
566
543
540
511
498
504
504
505
504
504
485
463
441
433
450
443
434
446
454
442
436
455
442
423
454
454
444
412
514
639
706
684
682
700
673
620
589
602
605
584
593
614
582
523
488
503
514
489
509
516
515
481
463
460
456
465
459
442
422
421
426
418
430
395
366
345
353
366
366
344
368
406
431
411
414
422
422
430
428
418
421
423
427
431
428
431
431
422
424
420
431
423
431
431
427
429
435
431
409
426
438
422
402
451
586
649
636
607
627
603
540
486
501
532
514
497
501
502
511
519
517
499
521
509
519
510
514
495
480
464
465
471
471
463
478
481
464
475
472
486
478
487
498
511
539
524
513
529
530
529
527
532
529
529
524
527
519
516
527
529
529
527
522
533
520
535
528
525
523
532
529
515
521
537
531
512
552
578
417
137
