572
541
485
485
570
605
615
623
631
627
599
545
499
494
511
512
495
502
537
598
631
621
619
616
629
607
617
630
603
524
493
511
515
507
497
507
513
488
511
515
510
502
513
535
577
611
622
578
505
483
496
476
486
482
496
479
455
452
441
433
457
453
445
439
495
591
634
618
617
614
611
627
576
502
439
448
469
464
436
495
578
621
601
602
594
607
593
595
597
600
606
579
550
523
527
531
530
521
526
539
535
525
550
569
564
567
572
576
587
600
613
595
609
616
617
594
564
540
540
536
560
566
581
591
565
514
505
509
507
507
511
519
509
498
530
598
638
624
611
626
620
598
591
613
610
595
599
609
578
522
487
492
488
489
494
498
491
489
496
498
488
476
504
516
515
536
519
518
529
542
522
519
540
564
588
588
581
574
574
582
589
553
488
429
432
455
462
433
435
493
558
613
619
614
610
618
604
619
601
606
614
621
624
627
615
617
633
638
625
625
634
610
556
543
548
557
538
529
536
520
518
517
524
517
514
488
499
493
501
488
498
491
483
474
451
454
467
461
450
440
465
502
522
527
503
516
521
519
509
538
604
633
606
598
622
641
580
507
474
474
485
496
480
486
487
494
491
474
484
498
476
473
518
603
643
626
626
651
616
517
479
491
500
492
489
506
495
519
526
543
520
528
542
570
596
576
574
577
582
577
567
571
577
578
572
573
553
476
437
440
477
443
435
496
580
624
601
610
605
609
619
620
605
603
609
624
610
547
523
523
530
535
527
530
522
535
522
532
530
525
524
527
526
521
519
531
529
528
515
522
532
520
519
523
529
525
532
535
527
524
532
538
512
531
550
525
504
550
570
415
131
