491
466
434
444
463
450
447
468
452
423
408
432
477
481
488
477
485
494
488
481
513
528
539
556
538
553
543
536
540
546
549
553
544
535
541
538
529
450
417
428
443
422
417
424
442
428
429
448
427
414
463
537
587
583
556
577
597
626
640
639
637
644
642
633
593
592
595
589
594
593
562
514
473
474
500
484
476
481
490
455
420
391
391
396
393
386
412
458
474
474
480
473
471
500
564
604
596
571
580
599
588
578
569
562
554
565
566
556
557
553
561
568
599
621
637
612
625
630
631
592
530
497
495
519
511
497
493
507
511
489
471
454
456
461
467
459
465
448
445
439
437
437
444
439
441
436
450
445
439
447
452
446
450
443
432
396
383
384
386
390
397
377
376
388
444
481
464
460
458
471
469
462
470
500
513
519
501
516
507
514
518
571
583
581
563
575
590
575
565
583
589
569
573
588
582
550
499
449
459
481
481
465
442
492
568
608
603
596
601
610
595
622
574
502
458
463
465
459
458
476
475
444
507
610
675
668
647
659
666
657
637
612
590
577
604
582
530
500
507
514
507
498
470
468
461
468
468
465
461
453
468
456
452
461
459
461
452
465
466
458
462
457
456
465
447
467
451
451
468
465
460
456
470
480
487
468
476
470
477
485
475
475
470
482
472
478
479
484
462
424
410
407
407
398
416
417
412
397
405
402
387
394
405
373
370
442
591
680
679
639
631
611
586
580
607
597
585
585
611
598
569
522
512
506
508
514
506
513
495
461
438
443
469
451
448
453
465
478
469
496
525
525
535
532
508
533
536
526
518
524
524
525
519
535
529
520
527
531
544
517
518
530
530
513
514
536
530
517
531
531
511
525
548
517
485
547
580
412
133
