558
529
481
513
549
578
605
633
587
512
490
515
503
481
535
611
638
629
614
627
622
614
620
622
597
540
485
491
538
581
596
615
595
591
604
614
574
496
457
487
496
459
447
451
441
417
483
569
631
623
615
626
584
500
443
447
507
570
607
622
606
592
608
600
592
591
599
613
581
542
521
523
532
515
535
538
548
571
567
561
560
564
573
594
614
615
594
622
618
612
597
558
536
531
542
548
567
588
594
581
592
576
589
589
570
537
506
493
516
517
501
500
539
596
628
629
622
610
602
592
602
604
603
602
606
587
599
601
592
591
598
616
570
501
469
474
494
495
482
497
504
522
518
516
524
530
521
533
566
576
562
582
591
552
464
438
454
451
442
471
573
618
605
597
606
624
607
625
627
627
614
613
622
629
624
616
638
629
611
560
538
540
535
510
515
523
530
517
520
510
503
483
500
488
490
456
459
451
456
447
451
443
469
504
525
517
511
520
519
516
543
610
635
618
608
628
640
585
516
478
473
481
488
482
481
489
498
464
473
532
596
635
645
624
597
532
479
489
496
490
487
504
502
513
511
525
533
528
518
521
534
566
592
577
576
582
583
567
588
596
554
487
433
443
467
454
434
436
489
576
624
625
616
603
615
607
593
606
623
587
537
526
518
529
518
528
537
529
513
534
541
536
534
532
526
526
516
538
529
521
537
543
508
511
536
537
524
519
540
520
495
543
567
406
135
