497
467
426
443
468
447
441
453
453
451
455
428
416
419
431
422
414
435
435
410
403
406
398
393
446
554
626
622
598
599
622
606
586
549
528
527
541
541
545
580
608
612
602
597
619
613
584
541
523
541
533
529
533
544
541
525
493
468
486
463
446
448
464
463
457
444
439
442
426
450
455
438
427
477
573
625
604
581
599
605
567
515
479
482
492
488
471
483
549
637
698
691
682
686
691
695
681
691
696
690
703
698
689
680
681
690
677
647
619
569
576
605
611
563
498
465
462
474
467
473
472
477
466
465
475
468
441
437
437
444
424
418
461
561
605
617
568
538
529
524
528
508
514
528
529
519
528
527
557
581
571
570
577
580
564
576
567
580
582
592
619
610
602
610
619
617
610
625
630
591
496
488
493
497
481
538
650
705
688
680
692
699
680
678
694
664
601
571
567
585
583
555
521
489
483
504
491
498
491
495
478
502
536
574
563
562
563
564
555
559
561
562
561
575
576
575
560
574
579
569
570
572
563
560
576
587
581
597
595
593
578
578
600
579
510
485
502
488
486
539
639
705
700
678
671
693
697
673
645
577
548
556
556
553
555
562
551
489
446
482
486
469
482
488
472
456
523
642
697
690
668
686
694
682
644
611
589
587
602
592
590
582
595
613
561
489
450
454
464
451
377
349
371
376
358
364
384
358
357
406
518
562
545
535
555
554
542
569
582
587
556
578
580
576
572
583
570
578
605
595
589
587
609
578
541
532
525
513
472
464
464
464
464
458
467
457
472
510
544
524
520
532
520
527
532
522
520
530
536
530
532
535
530
530
530
532
513
518
541
533
520
522
547
532
498
551
576
417
128
