617
580
531
568
592
553
562
596
614
596
592
614
603
604
607
581
519
469
474
495
495
471
474
458
458
460
469
466
459
462
476
454
453
449
487
529
585
576
557
549
582
618
621
642
637
638
614
547
522
523
539
531
535
538
521
474
447
453
453
462
454
449
471
486
500
498
479
486
513
589
614
618
612
618
619
621
612
603
615
616
604
579
546
553
562
572
558
559
560
551
554
555
561
561
556
558
568
580
600
599
591
606
592
612
606
579
509
477
476
495
495
484
501
502
488
484
492
507
497
495
485
483
476
499
494
503
488
489
486
490
469
437
418
423
425
421
431
419
425
420
446
467
488
485
489
482
488
485
490
484
484
484
484
484
482
481
491
491
469
499
544
581
568
556
569
578
554
502
464
481
486
476
468
480
480
477
477
471
476
473
460
464
475
458
463
475
470
471
466
481
475
474
476
469
476
474
472
474
491
529
575
549
550
552
555
552
547
568
602
600
590
602
604
597
590
607
602
572
510
489
477
507
505
496
488
493
524
561
593
595
572
565
599
589
550
473
427
432
440
445
451
475
496
489
483
481
485
513
547
578
575
551
564
557
540
542
554
558
537
546
571
578
594
596
590
568
507
474
483
492
483
485
480
480
480
469
474
472
479
474
471
487
527
568
565
555
581
607
598
581
592
606
575
523
483
475
493
473
502
508
483
486
529
559
602
579
581
571
582
594
583
546
474
416
446
485
492
478
471
503
562
581
585
568
578
574
585
573
580
558
472
438
457
484
468
450
460
465
458
463
464
506
549
585
587
572
577
580
590
572
578
551
519
523
529
529
528
522
534
518
516
530
517
516
516
533
521
527
533
531
526
524
528
542
518
528
529
526
505
529
536
523
516
540
537
508
522
540
529
497
548
575
399
127
