660
637
583
602
629
601
572
546
534
518
523
528
524
517
532
524
519
521
524
536
523
536
518
524
534
520
508
481
486
487
489
486
502
489
470
441
470
465
465
453
459
464
465
454
429
410
409
415
412
401
406
406
384
379
408
472
497
480
473
507
552
584
575
558
573
587
572
585
604
616
610
600
610
626
587
515
505
503
502
512
508
508
507
477
458
456
465
461
468
472
465
476
482
494
489
498
495
507
492
489
497
498
492
493
498
483
494
484
507
503
481
458
462
443
444
450
455
444
465
473
489
475
473
491
487
468
518
615
656
641
640
642
638
640
635
656
621
554
519
532
536
529
534
540
530
534
529
537
534
533
536
532
524
536
537
533
530
536
534
533
532
537
538
539
536
530
528
528
538
523
530
532
531
541
522
531
517
499
498
502
468
421
393
407
426
418
410
421
410
411
421
417
394
412
416
420
405
395
400
387
402
412
389
375
451
600
682
668
644
646
654
653
623
604
593
576
589
596
587
583
605
571
510
480
489
508
476
420
386
385
401
394
375
404
425
435
416
428
435
421
409
463
576
618
623
624
614
610
621
625
601
542
508
519
530
529
549
576
570
532
532
545
537
516
539
550
526
508
573
662
683
681
678
670
625
601
609
615
585
539
526
514
537
529
522
495
469
444
439
451
455
449
447
464
478
487
478
479
468
463
501
571
634
623
611
614
619
622
625
638
592
542
515
506
506
549
582
620
625
626
627
622
627
627
597
521
476
489
498
491
482
498
483
464
458
461
468
463
455
462
472
466
453
468
460
461
463
463
452
460
459
467
462
462
458
453
450
453
454
469
449
448
464
512
533
548
517
529
524
522
520
529
523
526
529
515
534
529
528
525
535
530
521
524
527
517
514
537
547
517
525
532
534
505
532
548
522
499
549
580
410
130
