644
631
581
584
632
624
558
480
445
446
469
462
455
463
455
410
401
426
417
385
454
616
687
666
642
660
673
638
650
665
662
648
675
642
572
542
556
563
559
552
559
568
556
543
555
548
540
543
544
549
544
549
536
569
612
599
577
605
621
568
498
458
449
453
458
457
456
435
428
427
421
435
442
417
417
477
568
628
631
604
611
627
622
571
500
464
481
488
475
469
488
468
411
398
398
402
403
426
485
527
509
492
514
529
496
509
533
586
619
609
600
605
615
582
530
503
501
521
517
507
506
506
501
516
493
457
431
441
461
458
453
450
445
450
449
475
453
454
449
462
454
461
457
433
434
426
442
426
408
403
391
391
413
453
482
481
469
478
475
467
486
466
464
483
530
537
544
544
536
542
544
533
525
529
522
514
516
537
582
610
616
595
600
604
597
592
587
585
591
597
602
607
597
576
567
552
560
563
558
558
551
527
510
510
510
525
498
504
509
537
588
638
629
618
619
621
631
580
524
454
444
510
579
599
609
600
602
600
592
604
613
593
603
599
589
528
521
516
536
534
529
556
569
559
560
564
568
579
602
601
601
594
613
611
580
503
460
450
484
481
470
462
494
569
616
601
599
591
602
576
532
503
521
530
510
502
549
627
663
658
651
652
672
659
633
611
596
592
585
601
593
586
605
596
595
586
584
584
591
591
562
527
540
548
549
546
553
553
531
492
489
489
489
490
487
488
482
500
517
526
536
531
527
528
540
527
519
523
519
525
528
524
529
524
536
528
539
526
526
539
533
528
517
532
528
534
528
520
519
528
535
520
527
529
541
522
524
532
530
519
522
529
537
515
532
534
529
521
538
532
514
534
537
513
505
555
573
412
128
