512
487
446
481
487
469
510
597
630
616
604
616
641
641
563
470
425
417
445
453
500
536
544
529
510
531
525
521
544
566
542
554
546
560
556
541
543
563
548
559
558
546
547
547
558
545
552
554
554
545
546
573
603
632
648
637
632
630
642
625
588
590
596
564
506
464
463
488
476
462
473
458
428
394
408
426
411
385
438
528
583
565
569
558
559
541
538
538
554
546
533
551
546
541
570
569
565
558
553
573
584
588
589
590
588
582
569
583
580
558
546
544
532
546
553
564
560
558
567
560
582
582
575
564
571
575
571
570
564
571
574
554
570
574
569
523
508
509
496
498
521
582
605
595
582
589
612
609
582
559
543
540
552
550
543
531
545
557
565
566
572
576
563
561
567
567
569
535
523
515
525
519
520
529
531
525
531
543
541
545
540
532
525
563
625
677
671
612
548
510
511
526
517
522
536
581
600
589
583
598
595
596
591
586
598
578
582
601
573
533
513
518
505
500
504
506
513
510
511
513
495
546
596
638
629
620
622
617
624
608
602
559
518
523
529
566
616
645
642
631
628
657
659
601
532
481
473
504
489
480
491
500
486
485
488
487
494
476
493
485
478
483
481
463
455
522
604
654
643
644
639
633
643
623
633
616
630
637
607
529
489
484
514
496
482
484
518
557
584
587
574
570
588
579
590
572
577
559
520
512
513
523
521
514
510
547
569
597
593
586
596
585
548
561
557
570
560
558
567
551
533
529
536
531
536
537
549
515
513
554
641
671
665
657
656
667
668
648
602
573
557
589
581
568
534
539
516
538
531
524
515
534
525
536
533
546
534
527
533
523
527
535
538
524
521
523
534
540
521
532
537
525
525
533
542
516
530
543
513
498
546
583
405
117
