610
584
558
582
614
586
600
615
585
511
460
489
485
472
495
491
477
459
452
451
482
531
570
581
605
622
646
637
632
642
632
613
633
648
605
550
527
538
537
533
536
538
535
529
528
524
536
504
478
439
454
454
449
445
455
497
503
499
494
505
493
479
522
588
623
620
602
619
610
609
625
614
573
550
554
568
564
552
555
555
558
557
559
552
558
558
549
574
610
604
564
521
489
479
494
494
490
467
446
419
418
429
436
430
421
436
473
491
488
486
490
490
471
489
546
587
574
572
577
556
492
469
464
485
474
462
467
490
468
465
490
537
558
549
557
555
548
549
552
564
578
596
606
595
592
602
611
567
512
485
487
489
487
493
480
488
507
559
584
588
569
573
572
594
603
548
472
433
425
450
443
437
432
463
472
476
494
480
478
491
479
468
503
548
585
552
534
539
560
553
547
555
547
555
553
580
593
595
597
592
594
586
577
514
479
474
495
474
493
494
483
467
464
471
467
466
485
530
550
562
555
555
549
550
547
554
547
556
554
555
558
546
546
530
563
597
592
584
592
600
590
600
597
565
510
474
514
574
594
595
576
572
587
600
546
474
430
442
462
429
426
444
439
428
448
485
476
477
478
494
481
466
496
549
587
577
578
577
559
576
592
563
480
453
467
469
465
466
463
471
479
478
461
469
489
555
594
589
574
584
596
591
560
534
535
521
520
534
528
518
527
538
531
523
526
538
530
528
524
531
529
530
539
528
514
534
549
512
504
550
574
414
139
