677
653
595
630
657
621
570
577
587
574
573
577
579
571
596
586
586
558
530
506
497
513
522
502
467
457
468
463
453
456
456
454
442
434
427
446
449
443
442
436
434
426
416
428
426
432
433
437
449
441
436
441
447
445
438
449
434
452
445
451
431
442
448
471
474
484
477
460
468
466
452
454
470
461
456
451
479
474
462
478
486
462
460
505
576
612
602
585
602
600
600
591
598
604
593
604
606
591
587
585
596
593
605
606
588
593
591
599
577
583
592
576
596
596
568
502
472
476
486
471
469
486
481
475
485
487
487
453
515
587
634
619
605
611
609
600
589
597
597
593
558
533
512
512
522
517
498
524
521
509
520
511
474
437
444
464
450
427
451
457
458
483
491
485
480
490
500
475
456
507
584
626
616
613
611
611
617
612
608
588
572
589
574
577
588
596
571
525
480
479
493
492
481
502
499
476
447
402
418
422
428
409
425
457
460
448
468
527
552
540
553
583
624
592
576
585
608
567
504
470
474
493
492
465
483
516
580
599
620
597
595
614
609
564
494
456
455
463
428
389
380
395
410
396
370
464
592
662
641
621
631
650
642
638
639
586
545
550
557
552
551
566
566
550
551
558
548
528
502
519
512
503
505
514
511
506
504
515
507
505
511
510
503
505
504
505
502
504
510
505
506
505
520
530
531
528
520
521
535
526
520
562
622
650
659
639
651
660
644
637
649
664
656
656
655
633
590
574
579
586
581
568
588
588
589
592
591
573
586
576
590
573
579
585
561
504
465
471
482
471
475
520
536
533
523
527
525
524
533
529
535
523
533
530
516
523
522
522
514
524
521
530
529
531
525
530
527
522
516
514
529
535
535
528
525
522
522
545
541
522
539
534
530
521
523
539
523
532
531
548
522
534
548
520
505
558
578
409
128
