557
542
469
494
526
512
495
490
457
436
427
445
451
437
443
458
454
435
440
462
454
426
413
408
392
377
445
548
600
585
589
618
625
635
627
632
633
626
640
598
551
519
530
532
534
538
541
533
532
534
540
546
539
519
516
554
631
667
661
665
658
665
651
656
649
587
552
572
575
560
579
606
626
610
610
619
586
550
526
538
543
529
526
536
559
617
656
649
636
630
622
563
519
513
539
532
509
485
478
471
463
477
491
497
498
504
491
489
505
542
574
564
566
563
579
557
568
565
552
541
543
557
534
535
562
581
609
605
618
592
604
605
614
581
525
478
492
494
495
477
489
517
522
517
507
509
519
576
615
608
591
616
621
568
497
466
474
472
469
467
469
476
478
487
481
468
466
460
458
471
446
433
425
428
433
425
419
463
554
595
592
579
576
582
586
583
585
588
584
590
582
595
592
577
540
538
519
554
535
519
537
546
558
556
558
578
564
563
576
572
551
576
577
539
464
434
440
450
429
478
580
635
606
594
595
612
616
603
613
606
596
618
638
626
604
635
631
592
514
474
468
480
488
481
471
478
486
456
451
454
465
455
438
509
628
718
710
649
615
594
596
600
614
580
520
516
525
509
480
449
456
451
450
460
457
452
447
451
443
452
451
459
444
438
474
470
479
478
486
483
475
478
474
463
431
459
455
433
403
389
398
397
392
403
395
393
391
408
440
470
461
440
461
462
464
440
481
555
589
583
557
575
582
580
567
538
522
520
534
532
522
531
528
528
518
532
547
530
527
538
533
520
530
533
527
526
534
538
528
517
537
534
509
512
550
522
502
560
582
404
130
