649
616
569
584
604
593
580
586
538
501
529
577
584
577
569
592
566
525
547
551
545
544
543
530
530
550
532
539
561
612
623
613
621
616
584
539
504
507
523
500
488
510
541
581
626
623
591
603
637
625
579
505
461
465
483
461
466
492
480
456
448
433
426
412
477
581
650
636
610
626
641
633
614
633
634
621
600
616
624
594
518
471
478
485
486
483
493
473
436
419
423
416
425
430
415
414
469
558
629
611
601
615
628
607
600
600
603
587
587
595
575
540
529
508
519
524
516
517
552
610
647
659
642
626
648
641
610
569
542
530
548
560
540
541
542
548
512
517
512
509
510
500
514
515
507
489
494
475
486
492
494
483
475
468
460
464
461
462
467
465
473
466
472
468
466
472
468
471
461
481
512
521
499
509
520
512
501
524
581
605
596
580
598
590
590
601
585
595
579
589
596
588
592
599
599
599
598
599
582
539
514
522
528
538
506
475
437
446
458
449
436
420
433
427
409
433
423
436
440
445
438
418
423
444
440
412
479
586
631
626
607
618
621
623
642
579
482
424
426
456
434
421
475
548
592
587
573
589
585
595
583
593
596
584
577
594
618
643
653
639
629
633
648
631
636
637
596
577
582
584
579
569
564
586
593
575
568
588
576
540
474
444
454
464
461
443
459
451
461
455
449
467
450
452
457
467
460
465
472
456
471
463
477
465
447
451
462
443
455
453
467
463
462
467
462
457
452
467
466
427
408
375
377
364
426
551
627
616
597
597
616
614
597
600
615
615
583
547
528
517
517
528
537
509
503
493
485
477
504
530
534
524
527
511
528
535
525
526
533
532
535
517
519
532
530
528
524
539
535
537
534
532
532
516
528
534
510
521
541
527
501
543
557
413
130
