646
607
570
587
603
590
576
577
546
506
511
534
515
510
520
557
573
609
614
609
595
612
610
589
585
573
533
506
512
520
495
461
445
450
460
443
455
448
436
454
467
474
468
463
454
442
447
441
446
429
440
440
448
440
419
407
411
408
422
400
412
463
490
468
475
472
475
472
479
483
478
469
471
485
467
463
504
591
659
658
632
626
662
660
610
541
523
509
535
528
523
529
541
517
523
532
526
526
523
474
464
469
466
472
473
475
476
465
458
467
471
473
479
475
484
457
470
467
464
479
482
485
470
463
476
478
465
493
539
554
560
547
567
561
559
565
608
605
599
603
609
619
593
521
480
498
513
464
393
352
359
364
356
353
379
393
398
402
391
389
401
419
383
373
453
585
689
687
640
595
575
568
586
593
576
576
572
561
554
551
572
566
550
540
554
547
541
554
599
618
609
621
623
599
551
522
526
532
558
550
541
554
538
548
554
550
529
513
524
512
518
521
510
539
555
580
561
570
561
574
557
576
569
559
569
586
584
590
597
598
587
597
603
553
481
437
457
446
445
448
464
489
486
491
492
493
493
477
488
515
558
574
564
551
560
575
571
565
562
571
564
552
551
532
538
549
543
529
560
600
635
640
621
632
627
638
611
608
597
597
604
602
593
597
577
534
496
475
502
484
480
497
483
470
460
470
469
472
459
465
459
457
465
456
460
476
471
450
441
429
427
437
440
428
426
404
404
414
403
401
410
411
393
437
491
549
531
514
534
532
515
520
529
526
526
524
537
524
517
534
534
534
541
540
531
513
522
527
525
534
537
539
516
527
540
521
519
537
533
516
521
545
534
496
553
571
405
126
