667
627
570
589
633
602
586
618
631
552
470
447
451
456
451
460
445
405
405
422
403
399
412
428
398
393
465
598
678
687
659
659
680
670
631
588
557
556
561
556
560
547
550
538
552
544
537
542
565
572
593
605
602
597
598
593
601
546
488
452
462
477
466
468
470
471
454
437
436
427
425
428
448
431
421
476
565
619
615
597
616
618
596
601
626
620
575
511
481
483
487
480
473
474
473
411
381
398
423
395
376
426
488
520
507
497
502
513
495
531
603
621
603
595
607
606
593
600
624
582
524
490
499
508
497
509
508
499
459
440
453
449
450
452
462
441
444
432
443
428
431
432
433
425
436
443
431
402
382
407
452
482
495
522
552
545
534
541
551
536
512
525
541
577
612
604
592
582
601
597
598
607
590
598
595
592
595
595
593
591
600
583
568
549
570
557
569
555
557
564
545
525
507
503
513
544
599
625
617
616
612
642
628
580
492
469
478
481
462
494
568
610
606
588
597
610
602
600
596
604
589
599
608
580
533
527
527
540
527
519
527
529
519
528
529
539
560
560
562
556
547
551
552
553
559
550
560
594
604
609
598
597
593
620
573
500
453
482
472
472
465
476
514
559
614
619
574
519
492
497
489
496
497
493
500
502
491
500
509
514
501
497
533
517
524
524
533
505
503
539
612
674
668
647
674
651
659
652
663
662
640
602
592
581
591
603
585
589
586
602
594
601
596
585
559
544
550
557
545
549
559
524
501
476
471
495
485
464
494
489
498
510
523
522
523
524
536
529
516
537
539
534
525
543
524
521
523
528
525
518
533
531
527
520
534
525
528
536
535
526
522
552
525
509
529
545
526
508
549
572
407
139
