644
618
568
590
609
593
584
604
615
595
582
561
511
521
532
533
512
517
600
616
600
599
607
605
596
588
589
580
578
583
601
588
568
535
505
504
513
510
494
505
522
505
468
451
455
464
452
451
443
451
474
471
465
460
469
474
478
463
453
436
439
441
441
444
439
442
442
450
437
441
446
437
442
452
440
448
439
453
434
413
412
412
409
406
407
403
406
423
459
501
492
462
521
611
656
653
636
639
636
627
636
645
628
553
508
523
539
537
520
538
521
488
465
489
480
476
472
464
480
531
571
564
557
555
576
558
547
564
599
612
595
611
613
598
620
616
598
523
496
504
502
498
509
517
464
383
344
364
370
365
358
391
400
405
390
404
408
391
403
397
408
407
385
369
462
592
691
688
648
654
676
681
642
616
588
569
581
604
590
573
576
591
586
581
588
591
587
564
568
565
570
564
565
567
556
556
546
534
540
561
597
616
614
604
604
618
626
604
546
523
534
521
536
543
556
557
539
541
547
554
553
546
547
538
522
514
513
518
518
499
520
531
562
578
567
567
574
568
562
567
569
559
571
572
591
589
581
605
588
590
589
604
562
487
445
439
455
432
441
472
485
482
465
481
483
476
480
501
549
573
571
557
564
581
574
564
559
562
569
558
553
567
555
556
561
532
535
561
605
633
612
622
621
628
616
621
615
600
591
599
604
594
589
597
609
581
546
521
524
532
516
527
523
523
519
529
527
528
515
494
486
488
488
487
484
495
481
485
479
479
473
485
472
484
490
467
463
459
455
467
454
457
470
464
436
433
435
442
392
402
410
401
382
430
501
540
529
517
542
531
530
529
527
522
513
525
516
530
536
527
534
511
537
532
524
537
533
523
511
539
530
511
511
542
525
509
545
582
404
131
