529
506
463
485
516
492
472
503
511
463
413
400
401
399
390
384
397
379
402
410
389
393
437
533
569
563
559
569
572
560
558
553
529
534
542
539
534
542
544
559
573
580
564
563
601
596
605
596
593
592
598
582
599
611
562
499
483
478
486
486
492
497
487
483
484
447
406
355
359
376
371
375
361
402
439
461
470
444
457
457
455
453
456
450
485
564
600
577
575
604
591
588
589
596
592
572
599
617
640
633
629
657
634
632
639
644
601
547
538
511
478
434
443
457
443
448
453
451
449
458
448
453
468
443
444
458
449
411
365
454
604
686
671
643
662
678
670
648
660
674
667
635
598
552
551
569
567
565
550
545
537
534
539
537
539
533
538
552
602
623
624
612
610
637
625
580
518
465
474
482
500
476
454
520
630
671
675
666
631
575
538
541
559
558
501
470
426
419
421
457
513
546
538
529
540
544
541
536
537
536
549
527
544
561
560
564
560
559
561
556
578
604
639
628
615
623
626
597
577
549
553
563
563
537
557
556
561
537
516
512
516
518
521
514
509
520
509
512
496
492
515
513
502
510
514
545
567
558
544
549
571
564
549
551
569
549
570
569
581
579
574
596
582
570
563
542
541
539
547
545
540
556
578
601
601
604
608
596
594
610
602
586
603
612
562
485
443
464
464
462
455
462
446
406
374
365
387
386
364
366
440
550
620
621
600
609
630
599
604
620
624
606
611
614
620
620
605
618
598
536
511
533
534
529
532
539
514
461
453
452
451
441
468
468
458
458
455
459
445
471
512
540
540
527
523
522
528
530
528
523
520
515
527
525
528
529
520
515
527
537
513
526
535
530
523
529
542
544
524
535
539
520
532
538
526
507
510
551
521
492
550
581
414
120
