501
465
430
440
477
441
443
452
440
409
415
431
420
421
416
416
415
419
429
410
415
431
474
495
478
474
486
486
502
530
551
564
539
516
462
428
410
442
433
417
415
466
541
580
582
580
620
657
644
619
649
665
634
619
608
597
589
588
594
584
585
589
590
587
580
587
595
583
594
589
583
597
567
506
463
481
492
463
411
398
395
385
395
392
379
375
418
466
493
478
462
468
490
472
473
465
456
507
567
600
594
583
586
587
586
572
574
567
549
556
567
564
552
555
565
603
614
621
625
612
617
623
618
594
538
490
470
473
466
465
470
456
466
459
453
444
438
440
435
444
438
452
449
449
442
442
441
442
434
446
451
448
451
450
445
448
454
455
447
438
445
444
440
448
458
434
389
389
384
388
378
392
402
386
386
402
449
465
472
472
468
478
472
469
465
463
459
471
478
470
462
473
476
474
487
512
520
507
499
526
508
497
512
576
588
571
581
581
578
562
590
607
550
497
463
466
473
479
470
460
451
506
571
599
611
607
566
509
463
454
470
476
455
450
459
507
605
674
678
657
663
670
665
625
607
586
564
529
523
505
519
513
505
506
516
508
467
446
470
470
456
462
472
466
464
461
477
478
488
479
492
471
477
489
489
472
478
484
459
423
402
417
428
416
399
412
407
402
389
399
392
386
385
392
398
388
393
408
385
362
449
598
678
653
654
653
651
640
631
665
661
644
647
666
640
606
591
598
592
594
608
585
529
502
502
511
502
511
522
517
527
524
509
476
438
462
463
481
482
484
483
490
488
487
484
512
517
527
520
523
529
526
526
528
531
521
531
521
539
537
539
544
538
530
533
528
527
525
527
539
521
525
527
527
520
519
541
524
528
525
530
514
516
523
530
524
528
534
517
528
524
514
524
524
532
526
525
529
522
530
512
527
529
519
522
529
527
524
532
532
537
525
535
535
527
518
541
527
527
528
543
527
496
547
571
409
126
