684
651
589
614
658
635
594
588
579
572
574
592
588
575
587
585
576
576
585
590
580
577
578
589
593
568
528
483
500
516
496
498
506
495
471
457
464
457
456
468
452
439
440
454
444
447
439
447
431
417
423
420
428
424
414
427
430
438
440
460
434
437
438
443
440
444
463
461
481
478
461
454
451
454
469
455
459
472
476
486
484
479
471
472
470
473
479
473
476
479
471
461
501
565
620
606
593
601
610
602
595
580
603
592
583
583
584
584
578
576
606
554
489
475
468
498
484
480
475
473
482
484
485
487
483
481
489
484
465
470
512
595
630
623
611
621
629
621
590
581
584
592
597
594
598
596
577
542
505
507
524
512
504
496
467
451
459
461
457
453
448
465
434
457
487
486
480
478
486
482
472
501
596
619
618
605
618
626
596
613
626
609
581
584
585
558
520
497
491
499
481
494
495
473
441
413
413
428
435
412
412
445
451
453
453
453
444
454
481
524
552
538
534
544
525
525
556
584
593
584
585
580
584
591
583
503
469
465
482
477
479
483
477
514
569
609
595
597
608
605
590
603
620
570
488
450
461
471
480
467
404
372
447
584
661
644
639
650
643
631
625
642
640
626
637
637
581
544
545
558
554
541
558
567
545
525
499
508
507
535
532
523
534
541
526
504
556
622
668
661
648
657
656
645
643
636
598
582
584
589
578
578
591
591
593
593
581
594
585
590
595
573
578
571
581
579
583
550
503
473
480
490
466
484
530
526
519
523
536
536
522
538
525
525
517
525
529
522
519
541
533
517
534
536
514
520
538
534
524
532
544
522
502
540
580
419
123
