614
567
533
541
566
548
519
558
557
549
542
553
553
535
556
559
557
543
562
548
548
549
554
557
562
542
581
608
623
633
617
620
626
627
626
592
528
484
518
576
614
590
588
603
603
600
582
610
607
592
602
615
613
573
513
472
474
488
490
482
472
493
490
456
403
367
360
364
374
390
372
358
414
504
558
560
530
547
555
542
548
540
542
559
558
580
565
557
575
577
576
572
582
568
574
594
588
582
603
595
561
498
449
476
470
462
457
455
478
463
459
452
507
587
635
634
609
613
632
626
616
629
634
628
623
633
626
619
627
629
622
618
638
647
601
568
531
541
553
540
535
543
560
523
514
510
513
518
507
489
493
495
496
480
487
487
499
484
494
491
492
490
497
493
505
487
507
505
501
497
497
481
492
496
485
502
496
497
497
494
492
497
490
488
482
488
484
497
483
461
463
455
479
467
463
452
464
470
447
428
432
417
430
433
425
443
443
449
453
454
453
463
492
497
498
497
483
501
502
498
505
506
508
501
503
502
518
492
495
501
508
486
498
506
494
497
495
504
505
487
501
493
482
496
512
503
488
485
461
461
465
472
460
454
466
457
460
462
466
480
471
466
477
486
478
466
466
475
476
474
458
442
450
466
449
437
449
471
439
418
421
423
402
428
432
414
402
458
580
629
612
609
623
600
526
474
486
498
485
457
466
514
558
588
608
586
567
584
602
592
554
485
435
424
412
386
361
380
393
367
357
420
531
601
594
579
579
600
584
580
596
608
608
601
566
569
567
580
578
551
526
494
472
502
522
523
524
529
524
518
523
517
538
519
528
531
526
521
528
536
509
519
533
538
525
520
556
530
497
549
582
417
135
