691
657
585
621
668
609
537
531
534
533
531
545
531
533
514
517
483
468
481
494
465
442
435
426
422
443
452
459
472
458
450
473
532
562
567
565
549
554
552
555
563
556
557
563
574
555
570
597
619
615
609
608
623
619
606
610
610
602
615
606
600
601
619
620
577
525
493
496
509
496
502
504
508
477
478
474
476
460
489
478
469
483
485
469
465
502
577
606
597
580
590
591
589
590
606
595
602
583
567
571
559
557
567
568
561
569
564
562
580
560
571
561
554
554
557
566
607
615
611
605
603
624
612
587
510
479
480
498
500
482
482
491
495
495
498
501
488
489
499
488
478
502
567
589
582
572
586
590
582
577
581
597
586
564
590
587
555
506
487
484
486
496
479
496
505
517
513
496
527
582
595
606
604
599
603
602
609
571
508
473
488
500
487
486
492
478
467
458
465
476
473
513
535
543
513
542
536
537
539
530
542
529
532
536
536
533
523
533
526
533
550
535
521
540
547
534
513
554
620
656
657
645
622
573
541
553
560
561
547
561
557
546
549
555
557
546
562
543
543
560
546
542
551
605
624
579
497
478
478
489
482
494
478
464
496
564
602
594
590
592
597
608
607
584
533
510
509
519
495
454
434
438
437
443
434
418
394
390
414
406
405
409
419
430
448
442
443
443
436
431
432
437
439
446
444
445
449
454
442
437
410
381
383
393
380
389
393
400
372
390
393
375
368
454
588
667
658
651
650
671
662
634
625
594
582
600
603
558
489
470
470
448
421
399
394
404
423
395
402
458
558
617
608
583
588
589
584
563
585
596
572
525
513
518
518
531
529
528
532
520
527
536
523
516
516
536
530
522
536
530
526
533
530
535
517
519
533
530
519
522
539
529
527
530
541
529
532
535
523
524
520
537
511
521
544
542
522
537
543
538
502
551
567
412
135
