549
540
494
510
526
529
559
594
581
580
587
604
573
589
604
559
468
429
435
455
433
433
446
434
432
450
478
457
451
453
449
440
441
458
443
438
490
560
611
612
603
603
604
610
607
618
602
601
599
616
613
613
592
554
538
535
546
535
531
521
555
582
589
596
589
592
600
588
581
583
594
589
583
593
587
591
597
586
576
566
599
636
671
650
649
634
661
656
631
575
540
551
561
552
550
544
522
497
496
517
513
490
458
446
444
444
437
439
463
462
459
464
466
464
447
502
608
678
671
648
636
666
664
644
668
677
642
630
654
678
605
487
424
417
449
449
432
439
446
441
430
432
428
462
531
573
552
548
558
558
547
554
577
597
608
616
616
604
626
635
603
543
512
523
527
519
547
628
671
676
639
661
676
644
594
588
577
575
561
542
555
570
552
547
545
558
557
553
552
562
565
548
550
580
613
622
619
623
617
629
643
600
557
535
529
542
540
537
538
551
544
536
551
541
524
498
478
486
495
487
484
459
467
454
467
470
456
446
467
484
474
479
488
479
483
477
477
479
479
486
473
472
479
488
475
473
497
556
597
587
587
584
576
583
585
617
641
638
641
627
639
631
648
613
566
538
529
510
498
501
509
506
499
510
510
486
486
483
481
471
475
482
477
486
480
476
467
474
467
458
452
455
463
464
472
455
463
450
442
443
437
439
442
438
447
435
405
401
402
417
404
402
415
406
389
406
389
392
379
383
381
379
415
486
527
514
502
525
522
498
534
599
637
619
615
633
593
537
510
533
548
525
527
537
528
514
498
474
480
477
503
479
484
523
530
532
538
530
528
526
528
527
525
530
531
541
526
541
544
524
515
529
544
514
532
544
529
527
540
538
524
522
538
517
495
544
568
405
136
