535
508
467
488
515
496
451
419
386
381
388
405
390
386
406
406
395
400
402
417
403
398
414
415
387
394
452
530
573
569
555
556
551
542
520
544
545
537
534
542
555
556
560
567
563
549
569
598
587
587
594
606
577
499
463
478
492
483
485
489
455
402
353
370
370
365
367
373
362
366
364
384
379
374
367
373
368
368
361
384
370
359
365
400
436
455
484
543
603
597
588
584
587
590
598
626
641
644
636
604
571
519
521
540
542
533
529
529
538
518
532
537
539
507
474
441
445
452
466
446
437
454
454
435
448
461
459
424
392
405
410
400
419
416
388
376
451
604
683
672
652
664
649
588
544
560
585
561
551
539
538
537
536
542
545
541
532
553
595
637
616
604
632
636
579
512
469
471
479
480
484
480
476
528
615
677
676
638
658
670
664
614
571
547
546
526
464
424
433
448
435
429
442
431
443
418
421
461
510
543
541
531
534
548
538
546
548
554
548
542
573
569
561
564
552
561
566
565
562
564
564
560
563
560
554
562
555
564
559
562
554
566
557
566
570
559
568
570
562
562
552
554
558
567
566
574
558
565
571
578
607
631
636
625
606
562
552
557
567
559
541
558
572
554
525
523
512
525
522
517
503
511
510
502
498
491
505
511
505
502
494
509
541
553
562
549
546
569
539
559
548
567
554
562
575
583
583
589
580
577
581
586
587
551
544
556
589
598
596
600
592
586
602
602
555
482
437
441
464
469
462
454
417
375
376
377
403
377
355
440
561
625
615
600
601
618
605
610
606
608
607
615
607
607
608
611
591
546
522
521
536
537
505
466
467
449
456
446
451
458
457
468
513
534
533
535
533
540
531
525
527
530
527
527
535
527
522
528
531
516
528
536
515
525
523
536
522
526
535
525
525
522
527
530
526
526
523
529
532
537
528
524
524
530
530
524
531
534
522
530
534
519
520
546
539
519
527
545
523
506
550
580
416
135
