548
524
485
514
526
495
450
454
450
455
448
445
452
437
451
441
410
401
397
404
411
400
393
463
553
602
605
593
593
596
583
589
588
588
600
614
625
641
635
621
629
640
640
608
558
527
518
528
538
529
527
514
562
622
669
662
661
665
655
657
669
648
595
555
560
566
561
555
570
568
581
586
611
615
600
608
612
617
604
617
616
611
596
605
619
613
614
611
609
601
611
613
618
618
612
611
622
605
617
615
613
603
542
522
532
536
527
531
538
519
544
622
652
644
630
643
651
624
639
654
618
542
507
525
539
525
528
538
522
461
466
463
475
474
465
472
464
481
478
457
462
492
502
508
492
503
505
488
489
512
544
567
566
561
562
572
560
559
552
554
543
538
546
559
537
541
576
566
521
472
473
517
497
480
481
485
499
508
523
526
516
520
538
577
604
617
581
490
455
459
483
469
450
469
482
459
471
451
417
415
430
441
412
414
458
557
606
588
570
577
585
599
594
577
549
535
524
538
536
535
541
540
542
561
580
581
574
569
565
566
557
531
487
412
437
494
574
621
605
608
615
615
612
604
596
622
617
613
626
634
630
617
621
613
599
612
627
620
602
622
637
596
512
476
463
475
483
469
480
473
478
458
461
461
463
452
448
456
467
448
437
510
623
717
704
681
679
693
684
687
688
713
688
666
622
597
593
617
622
593
589
614
619
572
523
507
517
520
502
502
499
513
507
460
452
453
468
453
448
454
456
445
450
464
456
454
455
458
448
461
468
473
470
476
490
479
488
478
484
469
461
487
483
468
470
488
470
454
452
457
437
447
457
438
414
382
402
400
380
389
405
376
394
415
448
455
466
457
454
453
484
550
590
586
572
576
590
570
536
525
528
524
518
525
525
520
524
534
528
528
508
523
533
522
541
533
535
522
528
521
523
530
532
540
527
526
529
521
524
531
519
517
528
535
514
499
549
576
421
134
