598
570
517
544
581
553
547
568
565
559
556
573
558
552
568
558
567
607
640
603
534
494
519
510
486
531
585
602
594
593
606
609
591
596
613
611
608
604
567
505
467
476
487
477
485
494
490
488
481
482
479
485
479
499
489
460
415
371
358
391
384
366
361
421
508
553
565
526
542
555
545
545
552
550
543
555
571
567
569
571
557
573
577
571
577
592
587
594
604
602
566
503
452
453
489
470
449
488
579
637
629
615
623
645
628
612
615
629
632
630
630
625
619
617
635
630
613
626
629
625
619
624
626
625
618
623
633
611
563
540
540
549
549
545
541
525
510
512
506
513
505
520
520
511
511
514
516
518
512
503
481
490
491
487
492
494
487
502
490
482
471
457
461
457
462
463
482
453
443
438
421
428
432
423
429
424
438
450
462
449
450
451
442
450
459
467
497
487
504
494
501
518
497
518
506
508
500
497
500
493
503
504
494
501
489
500
508
494
498
489
494
508
487
500
491
500
491
491
491
491
486
477
474
473
477
465
462
477
463
456
456
458
463
477
478
478
476
461
475
466
444
440
463
466
406
391
467
560
631
620
611
609
618
622
614
579
531
471
475
490
483
479
466
511
572
592
589
590
604
551
464
431
422
449
449
433
433
445
441
400
388
381
381
370
383
389
367
344
430
530
592
585
563
585
596
583
590
627
646
652
637
639
659
636
617
588
586
571
585
584
571
573
576
582
581
576
573
587
585
565
519
484
478
500
485
503
500
492
492
489
512
502
491
485
511
518
522
522
530
520
525
530
532
526
519
527
532
530
526
523
521
529
529
534
532
531
529
528
512
521
531
525
518
527
545
534
526
538
531
525
519
545
534
514
522
542
527
519
538
531
512
534
550
525
506
549
569
412
134
