668
626
562
611
651
565
463
439
465
444
410
413
422
398
393
472
601
679
667
646
655
674
629
572
548
567
559
566
558
567
560
540
566
560
536
529
551
545
538
556
585
602
601
607
620
570
494
449
458
474
469
450
427
424
437
428
411
414
439
415
409
484
583
621
612
601
606
615
605
606
586
522
469
466
491
499
460
422
396
392
418
393
391
431
489
521
517
509
512
517
535
582
616
609
606
606
624
604
598
611
626
583
529
496
495
516
499
498
505
493
459
447
450
455
449
443
452
460
453
429
428
440
429
425
421
423
425
424
404
387
392
401
397
385
395
414
392
399
408
456
486
459
469
492
480
470
476
475
471
461
483
467
464
468
475
464
457
482
517
546
542
534
536
544
540
525
536
529
523
516
520
525
514
511
544
569
599
599
584
596
600
578
592
590
591
589
595
581
564
561
547
565
561
561
557
556
562
559
551
563
564
546
509
507
516
517
539
587
640
636
613
613
627
633
590
518
469
463
493
482
453
465
507
582
603
600
595
609
609
606
591
607
595
596
598
591
598
604
577
530
514
530
535
524
523
546
575
551
539
569
580
606
614
614
610
599
607
617
563
509
460
468
478
469
455
459
505
560
604
608
595
590
598
606
585
515
487
495
501
503
498
496
516
515
512
540
617
659
662
653
659
670
649
649
656
676
641
605
603
585
582
600
589
584
559
550
554
545
551
545
544
533
504
477
476
485
491
493
474
483
490
525
523
538
532
528
531
527
522
526
536
523
527
530
519
526
523
539
517
527
536
531
532
524
526
532
527
522
534
527
526
518
544
529
510
521
536
516
522
530
526
505
526
552
524
497
550
571
413
126
