533
503
474
491
495
484
464
510
467
405
390
402
397
395
412
412
389
399
424
399
382
428
537
579
581
563
561
562
555
556
562
545
531
530
543
559
570
567
564
561
563
572
576
560
589
599
594
588
596
603
598
598
609
566
508
472
495
497
486
475
480
498
476
408
369
358
355
372
362
357
383
433
450
449
463
457
462
443
482
560
610
600
572
585
595
588
573
602
635
630
632
655
621
553
512
540
546
505
452
447
441
450
441
456
455
454
435
448
420
377
394
419
397
366
454
597
684
669
655
656
664
664
664
640
599
566
553
569
570
565
566
561
557
533
537
566
598
605
627
613
607
598
607
627
620
586
513
462
475
487
500
463
452
527
623
673
668
663
640
577
532
540
561
540
546
554
533
460
424
431
443
443
437
425
427
455
513
560
545
530
527
528
548
559
566
573
567
560
562
561
561
567
572
554
560
567
557
561
561
567
561
564
571
561
558
554
579
600
631
626
623
622
629
634
597
571
557
549
530
502
520
510
507
516
513
520
508
507
498
494
506
550
555
565
543
541
545
544
549
562
558
562
561
563
567
548
562
566
568
583
583
589
578
585
589
581
580
586
594
582
556
531
545
558
550
547
547
551
550
547
548
545
538
546
568
588
593
599
605
571
483
450
448
461
464
455
469
470
437
406
384
382
380
370
396
372
362
431
555
629
627
599
605
617
598
603
609
608
617
600
617
610
612
618
625
601
553
532
534
530
539
524
468
456
469
524
543
532
519
542
527
524
533
534
527
523
529
551
532
526
535
530
526
525
538
527
524
528
540
525
504
536
533
522
529
546
520
499
551
573
422
125
