551
521
476
511
527
506
486
487
460
426
426
463
455
439
442
458
440
444
450
447
427
413
404
389
380
437
549
612
607
581
579
597
589
612
630
653
606
551
535
542
544
530
540
536
520
554
626
682
652
584
564
569
564
551
586
611
608
605
601
613
611
620
583
566
524
532
541
534
523
535
550
527
551
625
663
618
532
510
538
526
478
469
468
467
477
470
469
473
472
472
489
500
490
488
493
497
503
486
488
509
555
580
569
551
533
560
554
538
539
543
555
597
613
600
597
602
613
624
575
512
473
479
491
491
486
483
475
474
484
483
488
483
482
486
500
482
497
495
494
480
484
489
509
513
515
522
521
506
511
530
579
605
617
615
573
507
460
473
484
468
463
480
473
472
461
474
468
464
433
442
428
430
444
444
422
415
464
551
589
584
572
588
585
592
581
598
586
583
599
575
556
536
527
540
539
529
531
542
566
565
570
565
557
562
577
581
534
479
440
441
447
453
432
438
493
583
621
610
597
603
620
612
607
612
627
630
625
612
621
627
586
502
458
474
491
477
475
488
479
464
449
465
447
444
463
465
447
447
504
634
708
693
667
689
699
702
674
635
587
586
598
591
603
601
618
585
530
504
519
527
507
489
469
451
449
454
473
437
443
448
451
452
454
451
445
438
449
448
448
455
467
469
472
479
489
465
437
435
455
449
428
451
455
445
403
381
381
398
414
436
459
460
450
463
461
463
453
452
452
458
466
447
444
464
453
463
462
456
456
453
479
448
439
496
557
588
586
577
571
584
579
585
580
539
519
531
520
525
521
519
530
516
534
528
524
524
534
535
530
528
527
527
531
533
539
509
530
537
520
513
544
532
511
529
555
536
494
541
575
415
123
