601
582
538
561
575
556
561
619
639
619
618
620
623
624
640
615
553
512
519
514
515
515
526
527
477
437
406
385
408
405
399
403
398
399
402
398
395
403
413
405
395
403
401
402
396
397
406
397
395
420
424
418
423
439
408
391
482
622
709
692
651
688
696
674
614
583
594
600
601
607
593
566
591
596
564
505
455
484
488
460
407
381
404
397
394
402
397
395
392
410
466
492
501
490
502
492
508
540
579
569
562
551
548
521
527
538
535
525
533
540
540
528
533
530
534
551
570
589
592
594
602
590
587
584
596
590
569
570
571
578
566
579
567
565
599
640
657
664
650
635
651
662
665
638
560
507
526
541
526
526
538
531
512
468
462
456
463
462
467
471
455
457
474
505
518
505
509
520
516
509
526
583
600
590
579
597
595
592
586
602
593
595
585
603
585
581
602
611
573
507
470
494
497
502
498
507
494
504
501
489
512
550
548
536
510
503
511
503
532
595
647
638
624
629
628
627
627
646
615
570
534
542
550
541
529
548
547
533
508
511
492
510
507
507
502
511
509
507
490
467
425
435
442
451
437
429
464
443
445
449
457
447
434
453
472
443
414
502
630
715
709
682
664
620
581
598
601
595
578
598
568
514
487
497
509
489
496
506
510
483
475
468
452
453
464
463
468
454
439
439
416
428
440
408
366
350
343
356
368
365
345
369
413
432
426
424
441
414
401
485
579
635
641
632
598
541
487
490
518
517
483
476
468
458
463
478
474
458
466
483
485
482
479
484
476
487
499
470
480
527
536
536
522
528
520
519
519
537
542
528
517
530
517
517
527
527
532
529
531
528
528
534
544
530
529
526
530
531
515
545
532
522
517
541
540
515
527
552
528
498
548
585
409
127
