562
545
490
525
542
515
507
512
516
513
526
513
473
435
451
465
454
454
456
454
459
460
482
460
454
473
460
447
434
435
440
427
426
435
449
402
376
360
353
360
376
389
396
418
400
411
413
404
404
396
399
417
400
409
413
403
413
418
420
398
414
414
399
377
451
616
715
666
582
556
592
607
609
618
621
584
521
489
453
408
347
356
386
375
364
368
394
368
360
424
503
555
542
537
540
545
539
550
553
540
524
514
520
519
527
513
512
517
520
532
517
519
514
523
525
514
530
538
548
536
529
544
555
539
556
558
539
532
559
607
618
617
611
612
617
613
610
610
572
561
564
571
569
563
559
567
557
562
573
561
568
562
554
547
550
570
575
557
568
560
582
562
570
576
558
557
577
622
630
631
628
632
592
558
528
520
543
536
532
536
543
530
526
502
494
482
499
503
487
491
511
557
580
567
572
585
609
630
627
619
625
626
637
626
626
626
632
627
639
627
630
616
618
621
628
623
632
632
613
630
630
637
624
627
635
632
624
626
636
609
581
563
549
561
583
626
647
644
643
640
619
570
532
544
543
552
528
538
532
550
543
546
548
547
564
548
562
547
546
519
513
510
522
520
518
518
513
493
484
480
492
487
494
480
459
441
439
457
458
448
445
452
458
430
417
424
434
416
405
471
565
633
630
610
616
625
603
598
634
631
589
528
512
514
514
515
513
514
520
517
511
481
443
420
413
432
429
425
429
431
427
423
436
425
429
428
424
427
424
439
432
423
424
420
438
433
437
438
441
452
434
443
449
433
386
351
354
377
370
343
416
532
575
572
562
561
564
558
576
615
635
633
619
600
591
606
584
598
589
598
580
542
514
531
527
532
523
517
536
529
530
529
516
532
533
532
526
528
521
527
518
529
522
531
521
516
530
519
527
542
529
515
535
536
522
522
532
526
522
517
548
524
526
531
544
527
518
531
528
521
531
535
525
530
535
526
516
516
541
531
519
525
531
512
532
538
540
515
522
541
516
498
556
576
415
130
