559
543
489
510
540
525
504
512
549
572
595
605
591
581
588
603
581
554
482
432
435
436
442
430
426
444
447
438
443
443
440
438
436
444
434
428
451
448
444
432
445
455
454
446
442
451
458
445
442
480
574
630
612
607
610
623
620
588
557
536
526
547
547
534
534
551
587
593
588
609
593
581
584
598
588
581
582
576
565
574
587
578
572
592
640
649
644
651
661
648
633
662
666
614
566
550
550
542
519
499
504
506
506
521
517
493
457
435
440
451
445
445
450
469
468
450
459
466
458
430
504
613
674
662
647
668
660
646
660
670
611
493
418
440
444
439
440
429
439
427
433
439
448
430
435
435
440
443
434
437
438
427
437
434
425
428
447
441
434
441
443
425
420
455
529
566
552
545
549
560
550
562
559
565
604
627
630
611
620
619
590
546
512
521
530
530
527
526
515
500
556
636
666
675
648
657
676
662
662
666
659
668
664
658
660
656
680
663
665
642
604
577
577
597
598
584
586
594
591
585
560
560
558
547
557
563
559
557
564
566
557
556
580
609
625
623
613
616
622
631
600
558
529
538
543
540
530
533
532
536
506
504
481
482
487
486
478
458
457
458
464
464
469
466
455
457
455
462
467
452
467
464
467
478
480
477
474
473
478
473
475
467
470
483
477
471
484
487
475
466
493
556
584
590
573
577
589
582
581
583
575
593
581
594
574
574
591
603
632
653
644
617
573
539
543
555
547
527
507
494
507
495
503
509
500
494
476
492
490
489
474
480
485
480
480
469
467
470
462
462
453
470
466
465
462
452
437
438
441
443
432
419
411
409
409
403
392
397
400
386
382
391
401
398
386
389
428
480
531
528
511
508
531
520
514
497
541
598
622
632
632
624
629
624
616
601
556
513
530
538
514
479
484
479
473
486
486
472
469
490
528
529
521
525
531
522
525
524
530
533
513
526
529
530
532
540
527
521
529
520
529
522
538
531
518
535
534
523
515
544
534
513
532
541
513
493
544
573
417
137
