526
486
452
499
497
470
494
595
641
578
482
466
462
468
481
476
467
480
483
454
435
429
403
402
461
550
611
598
582
588
579
535
512
522
525
505
509
533
526
484
438
418
423
427
413
427
434
428
408
369
353
354
363
348
330
363
350
334
348
387
443
490
492
471
475
476
478
460
462
509
573
598
595
589
576
597
599
560
506
478
475
484
479
481
475
483
480
471
484
476
472
488
485
498
474
478
493
469
465
515
569
586
560
550
537
550
559
554
549
545
572
601
620
622
600
608
630
628
582
488
430
445
463
447
426
456
438
433
433
435
419
409
471
575
633
612
608
624
639
607
619
625
592
518
482
497
512
496
497
488
500
506
505
506
492
488
482
512
486
468
475
510
558
584
579
573
579
581
593
559
513
502
500
506
514
515
500
458
439
424
443
439
425
440
443
407
382
355
362
352
362
362
362
368
386
386
372
386
394
367
365
427
534
603
592
575
579
587
580
574
582
584
578
568
593
585
583
566
540
503
506
523
515
515
505
541
578
601
612
610
608
611
612
622
600
611
609
605
593
596
592
574
587
591
591
564
509
487
480
492
487
476
488
488
485
494
486
488
497
494
489
486
517
560
584
591
582
576
585
576
576
579
585
598
633
637
610
611
631
655
590
505
464
484
489
476
485
483
488
471
500
583
615
612
588
609
596
582
577
600
590
574
564
544
540
546
540
548
544
557
545
552
552
555
559
569
524
491
465
448
476
478
467
474
465
479
458
482
506
537
544
526
536
532
527
521
530
542
525
537
518
518
520
521
533
530
539
523
525
520
538
530
508
539
537
521
508
539
540
511
525
546
524
504
549
570
409
124
