545
523
484
517
517
501
509
574
586
576
577
582
603
588
560
477
414
420
446
446
429
446
470
451
419
493
579
616
622
607
590
552
544
534
549
527
532
545
540
535
547
582
595
582
588
591
600
583
591
583
574
560
568
575
563
565
586
637
662
648
643
659
616
570
541
537
542
525
497
493
511
514
502
495
517
509
494
459
443
449
451
443
448
440
462
471
463
451
472
458
440
449
516
616
651
658
661
604
491
402
425
458
441
417
454
549
574
567
559
556
578
603
616
610
591
619
628
627
613
622
618
596
564
525
512
561
634
684
653
595
576
581
600
585
595
597
577
586
587
590
564
562
556
562
554
553
557
553
561
554
561
551
555
557
557
554
550
575
607
630
633
623
629
623
628
627
603
553
527
527
557
536
542
538
559
530
496
475
483
480
497
484
477
468
455
467
455
454
461
463
448
468
483
484
471
469
475
470
477
502
564
592
586
588
587
600
579
582
602
617
628
647
602
563
528
543
547
548
541
551
536
502
491
485
485
487
486
481
486
470
476
462
457
468
463
460
460
474
471
452
443
450
442
442
456
450
424
413
400
396
403
408
413
402
415
390
388
382
401
377
365
402
488
520
519
512
524
505
504
534
590
637
629
618
626
622
619
623
606
549
521
535
531
530
530
534
531
534
533
509
491
477
481
482
478
478
483
488
488
519
536
532
517
546
536
515
534
544
534
518
531
525
528
532
531
529
523
520
520
523
531
540
530
530
529
532
528
537
531
518
518
539
547
505
513
534
523
504
548
572
415
119
