484
463
418
455
462
446
412
422
428
419
407
424
433
422
392
391
451
558
615
617
583
541
534
536
539
528
557
584
614
605
603
615
611
605
596
593
615
603
608
600
597
608
613
585
539
530
531
535
548
532
525
532
522
538
520
490
487
480
491
474
462
469
456
458
454
463
451
461
454
436
419
486
557
595
608
605
603
585
514
484
483
505
495
475
472
540
633
700
697
687
704
682
608
576
596
602
587
581
612
579
482
450
471
479
466
466
464
439
420
435
450
439
424
440
443
421
403
480
551
606
611
592
590
614
604
577
549
506
534
532
512
518
532
560
563
590
597
624
613
617
609
612
620
619
586
529
490
481
504
500
470
479
541
624
698
696
662
683
698
658
584
573
578
578
576
576
577
576
551
518
469
484
496
498
490
494
503
490
473
503
545
573
557
557
554
563
568
572
569
572
567
577
569
577
569
566
587
593
577
581
587
593
584
582
581
578
590
584
591
568
512
482
491
508
482
467
521
633
689
696
679
672
695
683
675
691
680
678
688
705
685
680
688
692
689
690
700
700
654
589
539
554
553
553
551
559
561
559
557
561
533
504
453
451
522
625
699
682
663
678
669
670
679
665
623
583
592
605
596
574
601
613
556
483
455
454
463
453
474
443
392
366
388
382
361
399
503
562
563
565
583
587
578
589
588
571
566
581
583
566
577
580
588
585
598
609
570
542
515
523
535
524
518
528
528
537
533
530
511
490
469
451
467
464
439
452
480
526
530
536
526
532
523
528
526
520
524
524
525
527
525
524
539
521
532
520
518
513
531
521
522
538
536
517
531
537
527
517
536
532
531
523
532
536
522
527
547
520
498
553
561
410
130
