582
551
504
543
606
609
605
614
617
600
603
626
593
551
521
531
533
534
539
547
530
533
575
591
580
585
589
587
581
573
582
586
575
592
589
553
498
488
483
469
448
419
416
428
438
413
408
439
466
485
481
474
483
473
472
494
527
539
520
490
483
510
506
485
491
535
586
629
629
599
610
629
642
568
490
453
455
460
429
483
553
591
583
567
567
581
564
575
601
624
629
617
620
630
612
623
630
632
607
591
576
570
588
581
569
581
570
575
561
575
564
566
575
562
568
562
580
592
590
589
594
593
577
570
563
564
570
565
554
559
563
565
554
565
561
532
507
523
526
508
508
514
516
506
504
539
601
628
604
611
609
614
616
584
549
519
528
544
536
496
455
421
421
434
431
433
428
439
447
432
427
445
437
440
424
440
440
420
434
470
562
626
607
592
592
600
609
573
512
475
478
481
485
456
471
507
496
482
488
503
481
462
523
591
640
633
638
627
616
541
521
527
537
535
523
528
543
543
518
478
469
461
471
471
445
449
418
422
418
438
429
432
440
454
441
444
450
451
433
442
463
483
462
473
467
490
467
482
470
453
450
451
450
455
453
457
439
435
441
427
439
428
432
421
433
432
431
446
433
417
462
565
628
611
595
613
633
576
510
487
492
480
482
492
501
463
409
400
387
388
404
401
398
387
400
408
389
400
443
444
451
454
468
455
421
494
595
642
643
624
602
549
509
500
521
521
504
502
498
483
488
501
486
489
502
528
533
536
536
536
547
526
523
534
529
533
532
522
524
526
527
531
529
520
527
528
521
523
523
538
534
539
525
523
516
528
533
516
525
536
534
520
529
534
529
517
525
534
532
520
539
540
511
523
544
525
501
540
575
412
133
