642
630
567
593
615
602
561
547
534
515
525
533
532
505
520
550
571
570
550
553
538
540
552
542
538
548
537
549
590
636
638
606
615
617
628
586
525
492
495
513
511
501
526
601
628
609
600
610
623
606
622
637
588
490
462
458
475
483
482
478
466
462
439
424
420
443
410
403
481
585
647
641
624
626
640
632
620
623
633
624
613
607
616
630
595
512
464
471
484
479
488
486
482
438
410
437
428
406
418
443
422
401
458
577
631
618
600
592
587
584
608
578
535
506
518
526
506
516
522
517
508
544
620
665
634
633
652
657
635
641
653
641
650
636
647
645
635
640
631
630
645
647
636
646
646
622
570
549
537
531
507
502
520
516
504
515
514
508
496
484
476
492
488
495
484
493
484
496
486
484
468
449
458
466
455
459
465
463
471
462
464
474
460
473
468
474
466
476
504
513
510
504
516
520
510
503
524
593
613
601
588
599
602
590
594
600
603
595
604
607
602
598
604
597
595
600
609
582
530
508
530
529
523
514
516
517
521
538
505
478
442
445
460
449
457
458
459
445
449
467
466
438
451
465
441
433
431
425
420
420
434
434
428
434
430
429
419
476
567
630
629
591
600
619
622
575
486
412
428
442
447
439
433
441
429
424
486
569
597
603
581
572
601
586
579
589
611
635
637
635
643
633
639
654
625
593
572
577
582
573
578
585
556
501
452
443
465
464
461
455
437
399
371
379
396
398
375
393
389
374
364
421
552
625
610
593
595
614
602
607
622
618
599
599
616
584
527
518
540
526
503
477
490
507
495
480
497
488
492
492
529
532
538
531
524
533
520
529
533
526
518
529
534
525
530
530
534
527
523
537
530
531
532
537
536
538
535
532
522
521
531
529
527
527
532
512
521
545
512
507
556
576
405
132
