668
667
602
601
563
511
516
545
540
525
525
547
522
504
498
477
477
485
497
468
431
422
415
425
447
458
454
466
461
465
463
484
529
579
562
563
556
568
567
587
613
608
605
598
610
611
612
583
522
499
501
509
499
511
488
471
465
475
476
471
507
555
612
586
576
602
594
593
585
571
569
563
575
570
563
569
553
555
564
556
558
549
578
608
626
623
612
607
603
616
631
589
521
488
484
480
483
483
495
498
490
497
483
495
509
554
594
582
593
561
506
480
484
491
491
479
472
477
495
511
523
514
525
570
603
607
596
586
606
602
572
516
477
477
496
493
495
485
491
469
448
456
464
475
447
460
470
466
464
469
468
453
470
529
549
539
526
555
538
518
559
633
668
655
645
662
633
578
541
545
556
561
594
610
605
589
601
602
607
595
599
608
602
614
605
595
610
625
572
503
474
477
482
501
562
612
609
595
605
605
583
538
511
529
518
512
525
503
459
442
454
452
436
433
458
464
427
411
407
396
405
400
407
399
412
422
442
439
449
449
444
440
448
449
450
445
456
455
430
407
391
392
381
379
378
377
379
381
389
365
360
444
571
632
603
565
598
607
600
558
496
459
458
483
473
450
414
408
405
421
417
401
406
463
559
619
615
581
613
606
584
586
604
579
532
519
532
537
522
534
540
528
525
525
531
532
527
528
522
521
524
525
524
516
537
533
517
520
526
528
525
523
532
510
527
541
527
521
524
551
519
494
548
578
416
110
