683
646
597
617
663
630
604
642
633
578
567
592
576
572
581
590
589
555
519
498
492
510
510
500
503
499
467
445
447
459
451
436
446
450
447
445
451
449
416
431
418
441
409
413
417
427
442
451
445
445
444
445
437
447
451
464
483
464
460
469
466
457
447
455
480
483
478
486
484
472
464
498
570
613
604
596
604
597
597
598
594
593
594
581
602
598
580
591
590
597
595
582
582
589
572
566
584
587
559
500
480
467
485
479
472
485
476
497
483
487
471
490
476
458
522
587
630
613
609
625
632
626
613
637
626
596
588
608
607
588
603
600
585
520
511
515
502
527
521
501
462
454
453
455
455
456
456
454
469
489
485
487
475
484
483
519
591
623
617
602
619
615
583
583
593
555
506
481
498
504
493
497
495
478
440
417
414
433
418
423
430
421
434
479
519
548
545
526
534
559
592
603
599
590
591
586
601
597
596
607
609
580
511
477
479
481
477
502
588
628
607
588
615
618
566
491
455
460
478
467
464
471
480
454
410
403
389
388
404
422
387
387
450
584
659
667
632
643
631
630
637
637
640
642
650
626
580
546
566
558
561
553
554
561
545
551
562
555
555
551
526
495
519
517
506
511
506
513
520
523
526
531
526
530
533
529
546
618
660
658
632
662
664
632
590
576
575
590
581
582
588
587
594
588
590
588
588
598
593
588
597
581
573
579
584
588
573
573
574
581
588
555
506
461
463
476
484
480
489
469
494
532
537
537
523
524
533
526
520
540
525
522
534
536
534
520
532
520
516
526
519
515
524
531
523
521
526
539
527
519
536
543
508
517
541
519
501
541
563
409
137
