622
595
531
564
584
567
544
591
615
603
563
522
472
472
504
490
473
477
482
479
465
497
488
476
467
460
461
459
452
463
496
541
577
578
564
559
578
568
575
613
632
623
619
632
613
560
515
525
535
532
525
539
544
504
472
451
458
457
459
466
492
502
491
482
496
501
493
477
521
589
628
615
601
606
619
593
575
561
570
563
558
563
564
547
545
558
553
549
545
569
587
592
599
591
591
606
608
569
523
490
489
503
480
435
424
419
415
426
411
415
439
476
492
485
494
543
583
581
561
569
569
575
539
504
471
480
484
480
460
481
487
464
466
473
482
467
457
475
479
463
453
498
539
562
560
552
543
553
558
578
598
600
603
584
589
599
599
575
522
484
485
503
502
484
477
512
556
580
580
588
573
583
597
605
549
487
431
425
437
442
437
433
446
472
496
484
491
490
494
485
479
507
560
575
577
557
569
578
568
560
564
541
562
554
550
551
550
560
578
599
605
574
509
479
481
497
480
480
478
493
480
468
483
482
464
477
480
476
467
465
503
535
549
557
560
548
555
559
580
582
589
586
592
603
614
605
569
528
495
482
488
488
504
483
478
505
558
586
561
576
601
554
470
420
435
437
443
435
441
429
445
467
474
483
475
487
485
473
500
550
594
582
566
563
583
589
550
495
444
461
468
448
453
457
454
457
454
462
469
461
469
447
485
560
585
564
535
520
527
524
523
519
526
524
531
533
530
532
524
519
522
529
531
519
534
533
525
523
529
536
518
516
543
517
496
550
565
414
128
