673
658
604
619
643
636
599
591
583
570
575
528
492
500
515
501
498
502
515
493
492
500
505
465
436
458
473
462
442
456
441
435
446
444
433
443
432
449
447
439
429
415
423
432
435
423
420
444
444
455
438
446
445
446
436
445
440
452
465
481
483
472
478
478
472
457
466
451
447
455
454
449
448
455
451
453
452
454
462
474
475
510
561
612
608
584
605
600
612
585
598
604
608
583
586
594
586
580
595
600
587
588
590
572
579
585
584
577
563
600
589
557
496
467
473
491
475
471
478
483
474
486
479
474
478
476
480
484
477
485
486
483
488
490
466
473
510
594
623
623
615
633
622
589
591
621
594
587
596
604
599
592
610
596
565
540
510
518
524
519
516
521
496
469
453
448
447
459
451
442
471
487
474
482
489
473
471
518
598
628
621
604
607
586
573
590
589
567
506
486
490
493
494
496
482
434
416
399
423
433
427
440
460
454
453
456
469
450
449
463
518
545
537
541
542
539
534
552
586
594
598
585
585
598
603
600
607
594
600
589
599
587
593
600
603
604
576
597
608
580
506
470
491
495
476
461
515
568
606
622
612
577
488
454
466
483
461
455
469
465
426
385
386
420
407
386
391
446
574
663
649
623
634
655
625
573
555
561
561
550
554
570
565
546
522
513
495
512
512
507
510
523
507
514
516
514
507
511
510
537
516
519
552
609
654
650
642
653
651
648
662
646
626
591
578
575
585
583
589
582
593
584
594
592
593
588
584
574
589
586
581
589
585
570
558
512
480
484
481
476
479
487
497
524
524
538
524
523
528
529
532
520
531
525
522
520
527
528
531
524
526
527
510
512
533
551
514
526
526
539
519
533
555
534
506
557
574
408
126
