489
474
419
423
430
417
390
416
433
409
395
441
479
475
476
488
484
483
478
502
525
545
558
540
535
554
557
518
440
418
429
423
414
464
551
582
583
578
575
578
571
586
622
632
650
639
627
595
579
577
603
589
561
501
457
482
493
467
414
383
394
399
392
404
448
472
472
467
470
483
479
466
466
504
549
597
595
583
580
570
556
547
553
554
555
562
545
550
551
549
568
601
625
591
513
483
493
513
511
499
493
466
461
467
464
457
449
437
442
441
438
442
434
430
434
452
450
440
450
444
436
443
447
446
447
429
408
377
383
405
381
381
405
459
472
468
460
465
459
461
484
499
500
527
563
589
579
576
596
577
585
573
579
567
567
576
581
578
561
567
581
552
488
448
472
478
467
456
514
579
614
603
595
604
620
598
617
614
562
495
446
462
488
471
455
460
479
459
454
461
482
464
451
516
623
687
667
649
668
675
660
654
669
657
591
572
589
593
593
593
585
589
590
602
581
534
499
509
515
506
521
530
525
528
503
464
453
454
460
461
462
459
457
464
470
463
454
464
479
482
482
469
481
495
473
456
424
409
411
406
417
407
415
407
398
396
397
394
387
386
399
369
370
452
599
660
614
571
590
615
585
571
531
497
504
507
513
505
504
520
515
480
473
461
451
457
463
457
450
453
451
455
459
437
465
453
457
461
460
449
460
456
449
452
474
489
477
484
491
482
474
490
526
537
522
529
526
525
527
525
530
523
529
533
532
522
532
520
518
534
539
535
527
526
527
519
528
527
526
509
523
529
531
519
552
528
522
515
541
527
495
551
575
404
130
