609
594
535
561
597
555
547
590
627
627
622
619
628
624
630
641
618
619
620
602
531
513
525
533
527
500
540
525
483
418
397
391
404
416
411
412
416
421
401
380
467
625
695
685
660
663
686
689
679
665
635
586
603
606
603
605
598
603
590
587
583
595
589
585
584
583
594
602
563
491
473
482
483
477
489
489
457
416
387
386
386
385
393
402
424
469
499
501
472
488
496
485
503
551
561
557
559
565
580
561
547
549
530
535
529
540
524
537
543
566
584
593
596
573
570
586
574
568
572
571
569
568
591
628
658
650
646
648
639
662
621
560
518
529
533
533
539
538
519
473
447
448
470
472
461
464
466
491
510
529
501
506
520
516
500
529
580
601
602
595
594
590
589
609
596
591
593
607
599
583
601
609
564
506
472
478
490
494
491
471
483
484
483
495
500
497
500
495
495
497
499
488
520
542
572
566
565
566
568
566
542
531
506
505
520
524
509
500
539
600
643
643
615
623
629
633
605
563
545
533
548
566
541
523
504
500
505
506
498
510
506
505
507
512
505
478
461
429
448
439
447
430
424
442
445
429
441
457
442
414
488
635
712
682
599
585
601
600
599
597
597
603
562
518
496
494
488
468
449
451
473
443
434
425
429
422
416
443
442
403
372
348
343
345
350
343
358
357
368
400
432
422
417
421
443
421
407
466
579
634
619
623
636
627
606
632
647
604
525
499
508
519
504
498
498
482
444
468
480
461
463
457
471
460
478
483
476
487
521
530
528
527
526
532
539
537
533
528
522
530
525
528
530
525
529
518
517
526
529
525
532
523
534
529
531
522
523
533
519
525
534
527
524
534
531
525
518
528
542
522
514
532
532
505
518
536
515
505
552
570
413
130
