567
548
492
507
527
522
499
527
533
580
613
637
620
607
635
634
580
508
494
503
513
509
505
532
595
624
627
609
627
627
616
608
647
651
600
524
492
497
498
505
505
501
500
494
528
579
607
603
594
600
623
605
580
525
471
469
489
488
455
430
446
442
436
427
445
446
434
472
580
631
605
595
623
632
577
496
456
474
469
472
452
456
460
462
462
452
494
568
620
609
589
589
601
607
616
592
555
515
527
528
535
560
569
574
563
576
573
575
552
581
594
615
616
616
621
603
608
616
601
561
541
535
537
553
536
537
546
574
585
582
585
579
587
566
534
504
499
521
513
502
494
530
605
640
629
616
619
623
622
610
592
587
603
594
593
607
607
567
510
477
489
499
500
517
534
543
529
523
518
521
537
571
583
580
556
564
581
586
531
483
452
435
455
465
441
430
484
579
617
612
618
606
604
613
609
606
620
624
641
621
621
630
627
611
634
638
607
552
526
547
550
544
537
529
535
504
526
526
516
511
516
518
498
493
491
499
488
481
456
454
452
461
449
462
508
518
523
524
516
520
513
546
589
632
627
613
619
625
622
572
519
469
479
498
486
478
476
485
479
491
489
490
479
494
498
488
476
492
495
480
474
522
600
646
631
617
629
633
641
642
616
531
477
493
504
502
488
495
495
492
482
508
529
518
517
520
543
534
528
539
519
524
537
528
522
520
538
560
571
570
570
572
583
588
561
561
586
585
533
466
448
440
442
494
563
621
619
584
607
609
616
591
546
524
522
520
517
523
523
525
524
526
528
535
526
525
537
536
521
539
538
539
519
527
540
530
512
533
534
515
519
545
526
500
545
567
410
122
