649
615
557
573
617
595
557
542
525
518
515
515
537
573
623
609
589
603
608
617
592
603
600
571
522
505
514
507
485
458
444
437
448
470
466
466
467
464
472
466
454
437
439
438
428
404
404
408
426
464
489
483
468
471
489
474
446
516
612
657
641
630
656
633
562
522
528
534
528
531
536
519
480
460
473
466
468
465
485
462
461
474
475
472
464
508
547
562
579
553
564
548
563
566
554
561
601
624
580
526
489
504
471
400
342
356
378
363
356
353
374
380
379
401
420
381
376
463
607
694
672
658
653
675
665
667
635
599
583
585
581
586
571
569
573
561
561
557
552
554
547
542
563
595
616
626
610
605
609
624
610
591
551
523
530
534
532
526
527
536
522
531
549
552
556
548
547
549
556
539
526
520
519
519
519
518
512
527
523
544
572
578
548
571
579
582
583
597
594
580
591
598
568
485
438
437
455
453
476
498
485
471
493
486
469
494
550
578
564
555
579
583
551
543
549
542
538
555
595
631
619
615
622
625
616
609
604
598
595
601
598
606
617
583
539
519
525
542
530
531
527
502
478
478
481
491
462
465
467
463
458
463
464
460
452
436
426
428
434
443
437
438
451
443
434
424
404
413
403
403
393
394
421
500
549
529
514
535
532
526
523
528
540
515
532
516
517
518
535
543
529
526
535
527
524
531
524
530
533
537
521
518
526
535
526
508
525
541
511
519
547
514
501
553
566
408
129
