607
585
534
565
575
549
548
589
625
613
616
622
623
619
634
627
617
623
644
607
546
514
519
530
521
509
530
533
483
426
391
399
408
399
396
398
404
407
410
421
427
407
401
425
403
396
478
623
717
677
596
594
610
595
585
601
622
595
589
609
602
575
580
593
589
575
589
593
574
503
473
481
509
486
479
495
506
466
422
385
391
402
409
386
387
408
461
522
548
556
575
557
565
565
562
557
551
560
542
527
519
533
535
538
537
581
595
610
581
595
596
590
570
580
578
564
571
577
560
572
594
637
659
658
632
642
647
673
623
562
527
536
545
535
541
536
535
537
509
475
455
463
471
461
465
472
463
464
461
464
488
497
506
515
514
526
525
513
496
536
575
609
609
597
600
597
603
606
571
523
476
474
492
485
493
485
482
492
480
481
491
482
503
496
496
500
492
498
518
552
572
566
564
554
579
571
543
519
510
524
520
512
519
511
506
519
525
510
505
543
611
641
623
619
639
615
559
537
561
569
552
546
566
545
516
498
508
510
504
506
507
493
455
422
442
438
439
442
437
439
432
434
448
450
455
446
454
463
434
426
508
646
717
701
678
677
703
705
666
627
594
590
592
607
579
517
502
509
505
492
496
497
481
465
452
456
461
451
460
457
458
433
426
425
424
425
425
413
360
343
349
369
356
342
362
355
342
345
380
402
428
442
429
397
468
578
638
628
622
632
604
532
508
510
518
515
506
493
472
457
469
475
476
476
487
509
528
538
531
527
524
520
523
537
534
528
527
537
524
533
522
530
528
521
516
538
518
516
535
535
510
516
540
525
504
550
579
414
130
