661
619
576
587
629
609
590
617
590
544
511
530
535
510
521
542
584
599
608
605
597
605
603
600
589
610
604
596
584
578
595
590
563
542
498
510
513
518
486
459
453
451
449
453
466
445
448
460
463
467
472
469
464
459
446
433
438
446
425
433
442
451
437
434
422
446
448
433
433
437
417
413
424
459
490
482
485
479
473
487
492
480
472
516
584
657
655
605
548
526
540
511
496
461
470
477
479
473
458
464
466
472
471
493
548
562
561
552
560
570
563
557
553
570
561
569
559
560
557
549
559
567
554
562
567
568
567
557
559
553
566
567
569
563
569
564
556
566
587
608
600
600
621
617
578
524
492
483
489
506
502
497
496
512
463
394
356
356
375
361
347
358
369
387
413
401
383
406
396
381
364
461
604
688
685
645
651
664
653
648
601
579
570
594
589
580
586
583
577
550
555
564
571
553
573
572
553
547
557
547
537
561
597
611
606
613
604
607
613
609
592
538
511
525
527
522
516
520
547
543
558
545
553
565
571
549
546
549
553
545
549
555
550
532
513
515
508
527
509
507
526
565
575
574
561
557
574
574
566
571
568
564
558
571
559
565
586
588
596
594
590
604
589
585
601
588
581
578
610
609
587
591
595
554
483
437
439
460
446
445
442
453
442
450
454
434
456
474
494
489
484
485
490
486
480
511
551
570
572
565
563
574
541
526
543
544
538
533
529
525
536
527
533
556
602
628
621
631
623
635
617
610
610
601
588
605
599
582
545
521
530
542
525
500
490
490
489
477
490
475
480
465
467
452
466
463
463
468
465
446
470
471
462
456
467
463
476
475
460
470
455
462
456
441
423
430
441
436
435
431
442
402
395
403
420
396
394
423
500
540
539
530
524
538
540
539
539
530
529
530
521
530
516
529
524
526
526
531
527
536
528
522
530
541
529
522
530
543
515
518
541
533
520
519
543
525
519
550
569
404
127
