570
533
491
510
525
505
496
539
590
609
623
610
623
608
620
608
608
613
633
594
526
493
513
508
508
483
497
527
582
629
627
597
631
653
598
519
522
586
626
593
595
608
613
588
592
606
603
584
516
474
469
485
487
470
479
505
483
432
440
466
438
427
490
595
627
612
609
620
620
624
621
579
489
439
457
478
468
474
479
466
433
482
574
610
603
586
606
608
590
603
596
599
600
603
596
573
535
514
522
523
532
537
536
523
544
552
561
566
576
561
565
585
607
616
617
605
602
612
615
618
588
549
544
535
534
544
539
549
564
557
588
577
580
589
589
563
538
507
498
507
510
491
489
534
594
635
634
601
593
601
615
600
589
604
603
572
523
471
480
498
491
478
501
494
493
502
527
532
524
507
546
553
555
585
586
534
480
436
440
459
455
443
439
481
571
623
618
582
609
617
620
610
626
640
601
560
550
536
541
544
557
539
523
525
520
518
515
521
528
513
515
520
489
487
495
501
491
465
457
452
459
469
453
458
450
463
499
525
525
507
510
540
588
630
624
610
631
642
582
515
482
479
477
498
481
488
481
488
481
479
485
532
594
653
653
590
530
489
477
498
496
492
492
506
517
512
524
523
532
529
525
535
539
564
594
581
547
479
450
447
450
465
441
426
490
567
614
609
597
602
622
624
589
548
515
518
527
533
528
530
528
522
525
519
527
528
518
537
526
525
526
535
531
527
533
532
526
520
537
541
528
528
532
538
534
527
527
517
527
528
522
526
518
533
533
532
529
543
537
525
527
532
538
522
529
527
529
529
534
536
517
526
534
531
520
525
559
526
494
549
577
422
136
