658
621
576
603
620
581
579
602
601
587
582
591
601
590
611
613
591
585
601
611
568
531
511
520
519
525
522
514
530
570
588
582
579
568
589
583
570
561
534
526
552
543
539
546
533
523
563
605
630
625
629
621
620
613
580
535
484
511
527
508
490
529
605
623
604
604
610
605
609
618
581
509
451
462
492
477
465
446
424
413
421
434
411
401
461
574
636
642
619
621
636
627
618
628
641
624
622
636
631
622
622
628
617
601
622
624
617
617
620
640
580
502
466
486
487
480
475
480
486
461
454
426
418
424
429
421
409
474
564
637
624
597
606
622
627
605
615
606
592
599
585
592
583
594
610
594
567
540
523
512
525
514
513
516
513
551
603
653
658
637
636
644
643
627
634
642
657
660
624
574
522
516
527
518
506
522
509
508
501
488
478
488
481
490
481
472
465
454
456
456
459
454
464
469
478
475
471
465
469
479
476
461
472
474
508
513
508
500
514
515
502
530
590
602
581
583
600
605
579
598
609
580
530
510
529
513
480
444
447
459
456
449
463
452
428
424
426
432
437
428
427
427
437
430
425
428
432
439
434
446
427
409
469
577
638
624
592
616
628
606
617
634
576
476
415
445
461
441
447
446
432
438
450
447
428
456
554
613
588
578
601
636
634
648
639
629
628
655
622
591
580
589
543
482
450
459
459
461
450
459
468
460
468
461
394
381
376
370
378
387
368
365
427
561
634
613
588
612
624
599
603
607
624
606
605
610
599
595
608
625
583
546
522
523
527
531
535
533
512
494
488
486
488
502
495
481
497
519
533
529
524
535
527
530
528
523
513
527
524
521
521
538
538
523
525
536
538
536
532
523
509
517
535
531
529
528
531
514
522
533
532
508
522
549
527
506
554
581
413
130
