600
570
541
554
579
563
596
619
623
607
633
610
542
516
522
525
519
506
523
514
519
535
500
431
386
389
416
400
392
406
416
410
398
420
424
404
421
425
425
400
389
477
626
696
694
667
668
693
668
691
687
660
625
585
604
596
597
611
613
606
597
595
583
584
586
577
504
474
484
495
478
487
485
466
407
400
399
411
384
423
476
499
484
488
492
485
490
513
562
580
561
552
562
556
565
559
570
560
539
529
544
531
529
529
525
534
528
538
537
528
545
581
597
598
584
585
587
588
589
581
577
558
577
571
565
583
625
658
644
649
658
655
615
561
522
522
545
546
525
481
441
453
459
454
469
505
509
517
506
518
511
494
519
573
598
600
597
589
614
600
570
516
476
474
507
503
492
499
493
507
499
498
506
499
490
491
520
545
563
570
558
555
551
563
547
519
513
510
508
504
514
530
506
512
548
608
644
647
641
631
636
628
631
622
561
542
545
554
553
544
558
543
514
498
510
504
516
499
466
437
430
438
440
427
445
455
455
451
436
444
462
429
422
508
623
703
707
687
675
700
694
660
616
591
589
606
611
606
586
604
605
577
521
501
494
515
507
492
468
459
449
460
457
458
453
436
417
422
428
422
416
405
369
345
352
362
357
339
344
368
356
339
367
430
442
420
424
436
414
401
481
574
629
631
605
611
615
622
627
608
541
507
511
524
509
508
522
519
485
469
460
456
463
463
470
462
457
474
483
481
469
476
501
514
539
532
516
523
536
518
522
532
535
533
521
530
550
542
520
535
521
518
530
536
532
525
531
531
533
528
542
536
516
520
546
529
499
547
570
416
126
