616
585
536
557
590
552
543
567
573
562
575
584
587
582
603
606
589
593
594
600
592
597
596
602
588
585
585
585
592
554
512
474
486
494
490
492
500
476
471
443
449
468
450
450
463
483
484
474
479
477
486
467
481
476
459
465
470
467
467
455
437
409
411
421
415
415
410
426
409
393
429
424
408
363
349
350
345
347
356
344
328
362
432
469
462
450
468
450
439
494
585
646
621
617
614
621
618
619
621
613
585
595
610
597
578
599
615
576
527
505
515
512
512
511
520
520
512
520
512
479
457
440
443
470
451
458
458
465
449
438
441
436
429
441
429
428
421
419
427
422
433
415
420
426
438
424
416
398
410
397
395
441
544
607
621
598
583
542
490
491
525
535
532
528
550
540
525
552
588
600
592
600
606
573
514
498
492
492
495
520
584
620
614
592
588
607
601
571
523
489
483
489
484
491
484
496
503
489
504
503
507
478
452
441
445
453
446
447
436
439
452
482
482
479
482
482
459
449
454
463
446
424
401
415
406
405
419
413
400
404
404
413
459
477
472
476
469
484
470
459
499
567
588
576
578
576
581
580
586
583
571
582
592
578
575
593
614
616
622
619
624
628
633
627
609
562
521
517
532
532
536
545
533
532
530
515
478
449
452
471
466
431
417
404
421
398
404
425
400
397
461
565
639
619
590
603
619
585
525
500
512
514
511
507
507
501
518
545
575
575
563
551
536
529
528
533
530
537
537
523
528
518
522
523
524
524
517
530
517
517
520
540
534
524
531
537
534
530
536
533
518
527
547
511
494
539
565
413
127
