484
465
433
454
468
449
447
458
456
446
448
460
463
444
454
459
464
450
426
418
414
421
422
436
464
487
490
467
483
490
489
482
490
497
525
555
549
536
541
560
559
510
447
419
422
425
427
425
433
436
436
422
407
462
526
587
579
566
579
584
584
621
658
651
637
630
642
650
641
654
651
621
597
585
595
593
573
579
580
586
578
598
592
567
514
471
468
480
504
452
417
408
392
401
394
383
387
399
382
401
465
482
482
458
470
479
473
468
498
570
597
597
590
597
607
593
588
590
585
582
585
596
604
596
588
587
592
565
547
542
560
563
564
554
563
566
605
629
636
612
625
623
626
609
625
631
591
531
502
490
504
512
483
498
504
488
503
502
501
505
508
492
471
461
458
457
451
436
445
444
441
440
446
452
440
449
461
445
439
427
441
449
431
401
377
377
384
404
450
474
474
452
468
476
464
469
473
493
512
524
504
508
528
561
598
590
576
575
587
573
573
577
584
586
554
501
467
463
471
469
471
462
465
496
546
614
624
605
561
517
470
457
477
481
453
438
522
611
665
657
660
660
662
672
667
646
606
580
560
540
511
512
521
511
513
512
502
473
455
456
455
458
457
459
462
455
461
470
470
459
483
452
451
470
479
491
485
479
477
470
483
485
482
480
490
480
473
481
487
459
426
403
408
413
406
416
397
386
395
403
369
362
448
597
679
661
622
649
667
657
649
656
643
636
647
653
647
650
663
655
654
659
658
643
603
592
585
604
596
581
603
607
602
576
522
496
508
516
509
505
509
517
503
513
518
532
497
456
444
453
449
455
462
453
462
450
459
487
482
481
497
518
535
533
527
527
527
525
520
532
534
530
526
531
532
531
521
532
527
523
521
528
535
531
532
536
521
516
524
531
522
510
523
547
527
521
531
528
518
532
541
526
498
539
567
402
133
