586
552
497
522
544
531
516
530
544
526
520
525
555
600
621
628
614
604
608
615
612
604
552
514
533
547
541
522
536
543
531
549
565
583
571
580
586
577
582
582
586
582
588
590
558
500
473
484
491
486
472
488
508
488
484
498
483
487
480
487
488
478
442
415
409
428
425
419
443
483
496
487
479
488
496
479
480
495
533
554
546
543
538
549
555
529
513
513
507
498
504
512
503
496
526
609
644
623
608
631
586
487
439
447
473
447
437
484
557
574
582
583
581
578
571
598
610
627
626
624
616
593
570
567
585
572
577
576
570
576
598
594
568
564
565
556
559
557
568
549
534
514
524
526
521
511
524
526
520
517
529
510
514
530
531
520
518
519
519
523
512
511
510
516
521
511
507
508
528
523
517
508
535
588
619
613
604
611
625
624
587
549
515
515
531
536
492
442
428
424
440
431
421
428
428
426
448
429
409
461
566
615
603
596
604
617
601
610
622
606
586
610
621
579
500
476
475
481
476
475
478
470
490
498
490
466
527
601
633
641
622
607
564
519
521
534
532
523
534
554
520
485
462
472
473
472
457
474
473
453
439
419
428
438
433
432
431
426
430
435
440
447
439
434
448
451
463
478
482
471
475
475
477
471
461
448
452
452
447
451
460
440
432
449
435
422
435
456
425
418
462
582
599
522
452
479
507
488
483
490
507
463
418
388
394
399
392
400
388
397
392
393
388
402
436
457
454
447
444
450
454
441
431
453
449
432
424
489
588
646
639
624
623
627
638
650
607
544
499
508
514
521
506
515
502
494
479
498
488
500
524
542
532
527
524
528
524
527
539
536
520
525
534
524
515
524
534
522
513
529
540
521
514
526
536
501
517
537
530
502
549
572
405
125
