611
593
522
551
594
607
602
633
629
603
623
645
580
538
518
528
506
517
537
502
420
380
396
398
400
407
428
413
402
424
407
394
477
621
707
693
668
668
685
683
680
681
679
667
671
687
682
689
667
622
590
595
603
609
593
594
588
582
563
515
478
476
492
492
491
466
429
385
381
398
396
389
416
467
490
503
539
570
572
555
565
577
553
542
539
540
523
534
536
540
527
539
582
602
584
589
589
591
592
581
598
598
574
567
573
578
561
589
630
657
660
644
642
652
653
624
574
527
535
533
531
527
534
545
533
541
530
529
536
542
537
537
534
542
517
540
551
525
475
441
478
511
512
496
526
584
607
605
588
581
602
605
568
508
490
481
499
483
484
505
503
506
502
508
488
484
507
536
561
556
559
560
561
563
524
504
519
517
511
496
531
617
652
638
627
622
638
648
597
558
536
541
547
546
555
547
546
519
506
496
509
491
500
518
484
454
428
440
450
443
429
442
448
433
442
442
427
425
441
461
438
441
453
457
441
423
500
643
710
700
668
685
704
677
616
590
588
595
611
591
606
590
565
518
495
502
515
504
467
456
467
470
446
456
470
470
457
473
471
458
416
412
430
433
413
371
351
341
374
412
425
419
430
434
407
406
479
577
635
632
624
612
614
633
635
610
532
491
509
522
511
514
511
499
463
452
459
468
465
477
467
461
469
478
480
488
485
458
481
486
522
526
528
530
535
530
534
527
533
526
528
523
523
533
527
536
525
530
530
522
525
530
515
516
534
533
523
535
537
516
533
530
540
518
526
542
530
493
545
566
414
127
