605
580
537
565
572
548
566
622
624
614
617
638
613
622
636
629
541
490
526
523
518
514
540
501
416
382
412
405
400
403
415
401
407
425
434
396
417
440
408
386
473
622
705
686
672
686
667
615
594
592
593
612
596
606
593
587
578
591
580
575
588
586
587
588
595
594
594
549
507
474
475
485
491
481
499
490
469
415
392
398
400
393
402
415
398
391
412
473
497
489
488
471
494
515
549
575
575
549
531
534
531
528
528
532
534
532
542
531
531
534
544
526
531
545
588
599
591
590
598
598
576
597
574
584
600
594
572
576
564
564
568
590
568
561
590
635
670
647
651
657
655
641
635
663
632
551
522
539
547
519
481
464
463
473
469
470
461
474
472
468
449
478
500
519
514
504
512
501
527
573
620
569
505
465
495
490
487
479
504
495
482
497
499
498
482
490
492
542
562
567
555
567
560
538
508
516
522
506
504
546
614
648
646
615
574
535
541
557
542
534
555
550
540
516
496
512
506
505
508
490
455
426
445
445
434
430
449
444
435
444
449
430
444
460
447
418
501
638
718
677
600
572
612
597
595
585
600
622
579
525
492
507
505
510
505
509
504
475
460
459
461
458
455
467
467
448
422
426
408
433
428
427
429
432
430
430
427
428
398
359
343
364
358
352
358
355
353
349
369
396
427
442
418
408
474
577
647
627
603
615
631
626
620
615
635
632
603
540
496
501
525
512
502
507
508
479
450
467
477
469
461
484
496
480
487
494
474
474
504
518
527
506
528
529
512
530
533
536
530
526
529
530
520
532
527
514
523
531
519
520
541
536
525
535
531
535
517
535
539
527
525
538
538
506
519
536
519
495
544
585
411
137
