608
580
533
567
583
569
563
626
639
621
612
627
631
624
601
546
507
518
523
523
525
537
502
423
384
412
412
388
400
413
407
395
408
418
416
405
435
406
392
461
639
707
687
655
688
686
656
618
608
606
601
613
606
601
596
594
578
590
590
583
568
581
589
572
519
474
480
499
485
475
484
485
453
417
399
383
400
432
459
492
503
484
486
498
557
569
566
563
563
559
559
561
571
560
542
537
529
526
552
585
593
595
587
582
585
584
582
570
581
568
563
560
565
598
636
660
661
644
640
649
658
628
565
513
529
551
545
528
535
554
522
477
456
469
481
460
451
467
469
449
466
502
515
515
517
521
506
500
532
572
593
598
582
603
592
588
601
566
504
475
489
489
486
485
484
485
504
505
492
498
518
551
583
549
561
559
545
528
516
511
512
514
514
518
491
527
613
639
631
617
627
630
638
640
604
563
531
544
555
541
540
554
535
507
499
506
522
494
505
514
516
493
459
436
431
448
447
439
430
443
444
435
431
449
448
436
449
441
448
429
447
448
444
449
456
436
438
452
456
428
421
507
625
705
709
688
683
696
701
662
620
600
589
598
595
596
602
578
525
483
491
511
504
504
505
490
462
443
462
460
454
463
467
454
427
421
434
420
407
423
430
411
363
362
358
349
354
348
347
359
344
357
357
354
351
348
332
360
408
448
422
405
461
581
641
614
610
613
621
618
624
629
605
539
494
514
518
519
519
518
504
477
473
469
462
454
464
480
479
474
481
491
492
480
487
516
542
538
515
541
538
538
515
528
534
528
530
536
526
528
533
528
521
522
532
522
513
529
545
535
522
522
534
526
509
541
529
515
517
553
518
508
541
572
411
128
