621
589
528
550
603
574
563
579
581
574
566
575
568
573
568
572
571
583
606
605
598
587
596
584
559
584
580
582
591
602
598
554
511
478
481
497
498
502
491
495
496
469
448
460
459
453
459
483
476
477
476
475
490
471
471
474
466
450
471
461
455
425
413
411
425
411
413
409
420
407
364
336
346
356
344
342
380
436
455
467
470
455
454
451
442
429
491
582
642
615
611
617
639
612
615
612
596
593
597
591
602
583
593
596
573
520
504
507
505
512
508
519
516
506
511
502
500
504
514
510
513
505
507
511
511
516
524
492
463
448
458
452
450
451
461
463
461
450
463
451
450
461
463
463
459
458
459
453
450
470
465
431
434
425
427
413
444
439
423
411
421
425
418
430
426
419
393
408
405
393
410
423
401
373
447
572
630
622
604
618
620
603
607
627
583
518
500
508
506
506
504
539
546
544
524
538
559
538
536
560
585
613
597
596
593
588
601
580
587
607
611
581
511
492
486
508
497
494
498
492
481
512
572
607
591
582
593
601
600
567
519
494
501
492
492
479
485
489
473
455
436
443
456
472
486
494
482
483
470
482
479
469
493
491
484
451
463
453
454
461
462
457
449
421
420
406
404
415
405
412
416
408
408
405
404
413
403
417
413
407
397
400
408
412
405
423
468
468
461
495
547
585
585
577
611
628
639
626
626
626
624
599
555
532
521
528
531
536
536
510
483
452
452
468
449
420
410
410
410
416
398
407
415
400
401
414
425
410
395
465
565
628
609
593
616
594
536
502
494
518
503
497
532
564
563
574
577
562
566
551
563
559
567
535
519
528
520
525
520
537
531
535
523
527
529
534
527
533
523
539
534
519
531
534
535
538
531
545
527
521
532
528
519
534
530
529
520
537
530
503
528
547
538
502
555
564
411
127
