555
537
487
521
531
463
429
459
468
447
437
456
456
456
459
473
465
467
467
469
459
449
470
462
458
465
469
440
416
439
431
432
425
449
431
417
433
434
423
426
438
434
407
371
352
354
373
367
343
339
377
410
395
372
463
603
699
686
665
679
681
684
643
603
563
562
571
581
564
570
592
609
620
631
612
604
631
637
591
506
460
478
495
484
498
501
466
391
384
362
360
401
504
576
539
501
521
532
537
526
539
546
538
529
547
549
541
545
540
531
548
600
621
606
607
627
621
612
573
552
565
567
562
568
576
574
571
558
553
569
567
566
566
563
561
567
561
556
564
584
618
648
642
606
554
524
530
538
533
526
525
533
509
486
479
495
497
489
487
510
561
576
569
570
586
626
648
635
620
621
626
627
611
587
568
567
573
571
558
557
590
626
611
555
524
549
550
536
542
547
560
544
546
549
548
533
544
546
540
552
549
555
554
547
545
554
554
549
552
563
555
545
558
545
550
553
558
561
554
546
546
555
549
521
495
506
513
495
488
484
493
482
495
497
490
480
453
450
442
430
431
416
407
420
429
410
406
464
572
641
618
608
616
625
612
586
544
506
507
526
516
498
520
526
499
442
423
422
434
422
421
429
437
422
432
432
427
435
445
435
430
454
448
426
381
360
343
363
375
357
346
411
519
591
567
572
617
641
630
615
647
644
625
624
627
601
574
589
604
611
574
537
505
504
533
535
525
528
528
535
527
522
527
536
520
523
535
530
521
536
527
520
512
536
526
509
533
535
519
512
527
530
526
533
525
534
527
536
534
528
518
534
530
512
522
553
518
502
540
570
411
135
