599
573
518
534
568
538
545
567
565
547
572
616
628
607
618
638
609
524
488
518
585
614
608
591
587
609
609
595
607
604
609
595
590
605
608
596
599
605
569
518
469
484
496
487
480
486
500
453
395
376
370
389
378
371
369
369
417
499
559
559
534
541
560
537
546
556
570
573
569
561
589
592
582
597
608
589
576
602
600
561
504
447
446
487
485
437
461
502
592
637
623
605
610
627
635
622
618
631
633
606
561
533
540
546
546
543
545
548
536
523
511
515
524
523
499
496
480
483
489
484
489
496
486
487
489
492
485
479
494
501
491
484
493
481
468
462
453
464
459
471
457
425
412
424
434
426
415
437
430
430
428
433
456
445
449
442
440
456
457
451
443
459
447
449
446
455
489
505
506
490
502
511
507
509
522
510
510
509
506
507
498
499
498
507
501
506
494
507
486
491
500
492
495
499
490
479
488
485
506
490
471
479
464
467
467
477
463
463
462
458
450
465
463
446
461
482
483
466
474
476
484
472
471
473
463
453
446
454
454
454
449
453
459
456
437
420
410
423
414
403
413
435
421
397
457
576
627
611
593
621
621
584
509
462
496
579
607
602
581
589
610
563
471
412
430
436
426
427
447
449
416
393
370
373
381
361
377
387
361
354
416
542
603
590
561
595
629
651
639
635
642
653
640
623
594
575
568
584
596
556
510
484
494
505
489
499
502
501
485
512
518
525
528
518
530
524
527
525
519
525
536
515
530
543
538
538
527
521
531
528
527
522
520
514
535
527
515
520
542
538
509
519
546
526
498
545
575
407
136
