649
626
587
573
580
570
591
615
616
591
608
611
585
591
595
602
582
582
604
595
578
596
599
564
524
498
527
527
488
458
449
444
448
441
448
448
452
445
446
442
456
458
446
446
447
466
462
476
466
464
471
474
473
467
476
469
469
467
476
460
448
437
440
444
445
426
436
452
431
411
405
412
407
406
403
418
409
413
414
417
400
410
441
456
464
512
603
651
649
637
639
646
646
640
646
651
624
623
637
644
635
622
658
632
641
642
638
634
642
648
639
636
627
649
644
637
641
658
612
556
526
534
520
487
466
465
472
463
470
476
466
480
467
466
473
487
474
466
494
532
565
555
552
565
563
560
571
600
615
617
599
591
618
610
585
530
473
495
517
468
392
338
354
368
376
356
378
390
391
408
405
407
404
406
392
397
402
417
401
384
406
395
387
405
416
385
374
463
616
689
669
647
660
686
669
639
613
580
569
582
587
590
570
570
557
567
572
571
570
557
564
561
556
554
564
574
560
562
566
561
561
561
559
562
571
566
566
562
553
569
553
564
552
556
541
541
555
552
535
535
564
594
625
624
636
617
616
603
611
622
626
580
542
522
525
529
532
525
529
517
521
530
544
556
546
545
544
566
550
546
512
517
520
517
510
511
518
512
542
556
567
562
572
565
568
561
557
572
579
603
609
581
580
605
612
550
488
446
440
453
458
444
444
464
496
477
487
506
540
570
562
561
556
568
564
551
541
534
529
543
526
529
529
530
533
535
539
543
541
536
543
535
546
545
530
530
559
604
631
630
611
624
617
606
591
607
607
612
579
555
517
528
532
530
518
530
514
535
535
517
492
469
473
487
481
487
497
481
470
447
467
458
464
472
472
462
466
472
453
459
468
459
471
465
445
433
424
435
437
429
433
424
421
392
386
440
501
529
535
522
519
529
532
527
527
534
536
528
522
522
521
528
525
531
537
522
530
526
529
528
539
533
515
523
539
520
508
551
568
406
134
