539
516
466
486
500
474
481
468
423
383
383
408
404
388
396
411
397
401
411
420
400
396
412
407
391
396
406
408
395
395
446
523
575
573
563
555
561
571
553
554
551
534
537
538
541
542
534
550
564
571
562
584
590
578
594
608
595
569
509
477
485
486
492
474
477
483
488
494
474
391
351
367
377
364
338
384
433
457
439
453
471
445
439
482
560
586
579
582
596
597
579
572
590
621
635
635
641
624
625
636
642
606
558
521
532
534
540
539
531
527
537
527
530
544
531
508
482
434
440
455
445
429
414
405
404
401
406
419
384
377
462
601
697
677
651
656
687
639
653
679
654
570
561
574
577
556
542
539
543
536
553
541
527
551
605
628
618
609
614
599
600
618
632
586
504
477
477
484
496
473
472
512
622
677
671
654
666
673
647
655
658
661
653
673
669
632
574
539
523
467
434
437
448
423
422
443
444
437
447
441
413
463
526
564
545
521
547
557
548
571
611
632
632
624
626
626
627
624
571
546
562
565
558
548
528
519
498
511
517
516
501
512
501
507
491
503
506
540
561
566
553
548
557
556
549
554
565
557
556
560
554
559
554
565
559
562
561
564
558
569
565
561
549
567
580
581
582
585
584
586
589
591
571
544
542
551
560
534
543
567
580
597
610
590
588
610
605
559
488
454
460
471
452
462
465
437
406
370
371
388
375
372
349
425
559
624
620
584
603
617
612
592
605
609
603
603
598
606
592
603
615
605
598
608
612
603
608
610
601
601
607
620
613
614
615
612
624
624
591
564
528
525
544
545
514
458
449
449
463
450
462
446
462
462
515
530
533
526
533
536
513
527
538
529
532
539
532
519
517
532
531
511
525
523
527
523
544
537
524
526
526
528
528
522
527
518
537
540
521
504
540
573
401
128
