554
532
491
520
529
513
528
593
646
613
594
619
632
573
529
500
498
495
496
536
593
633
624
621
620
638
636
619
628
641
624
608
640
654
609
538
494
511
517
505
492
507
537
577
623
622
599
594
611
606
575
519
479
483
498
500
482
489
486
502
471
449
431
478
575
626
618
605
614
633
617
579
509
436
430
499
570
605
596
604
596
602
606
584
604
615
591
592
602
610
584
537
519
518
544
532
524
535
557
566
567
557
556
586
591
604
610
609
594
560
527
533
550
578
592
596
594
589
585
561
520
495
490
497
532
587
634
628
611
608
631
621
615
631
621
623
621
620
612
576
593
611
603
596
601
610
571
520
482
487
500
495
489
488
495
512
531
522
536
563
586
566
561
572
586
577
569
577
580
569
578
600
564
483
439
445
457
446
442
462
444
433
485
575
625
614
599
599
618
606
601
603
610
615
624
616
623
627
611
562
537
538
543
539
542
552
543
541
550
552
540
530
545
537
526
510
513
514
519
520
524
519
499
487
484
487
497
493
488
486
483
467
466
444
457
449
456
449
446
459
513
513
522
515
523
526
506
537
611
625
620
610
629
590
511
467
478
501
484
463
482
486
484
482
490
490
489
479
525
585
635
637
634
625
629
630
653
607
527
488
491
512
498
513
525
542
521
523
512
538
521
524
538
519
516
522
533
527
511
535
567
580
572
578
579
554
583
594
543
485
454
430
453
456
462
444
437
483
562
619
625
608
589
552
518
524
536
540
531
524
542
519
512
524
535
530
526
529
516
529
525
526
523
519
542
528
520
521
539
527
517
527
536
523
526
545
525
523
523
541
526
522
527
531
520
529
530
531
522
516
545
527
528
540
533
501
517
542
526
487
552
575
425
128
