490
458
430
444
472
453
450
444
440
409
420
435
424
402
411
404
397
406
418
395
384
436
560
610
611
588
602
599
582
594
577
540
525
532
542
542
529
534
537
532
521
532
553
590
608
621
597
603
612
605
576
550
518
528
523
495
464
488
489
484
474
494
475
462
442
453
462
432
453
464
460
440
431
464
441
426
482
581
607
612
606
619
597
599
600
587
507
458
519
654
709
691
694
691
657
618
590
587
610
603
557
494
457
452
472
477
470
437
422
462
565
612
604
585
609
608
599
579
543
518
520
527
538
525
522
516
533
566
584
580
573
572
570
576
562
583
587
577
559
585
604
606
612
624
611
613
626
623
579
521
487
501
507
502
512
494
479
553
644
680
603
546
569
592
571
569
580
582
569
585
588
582
586
584
586
553
518
487
494
488
493
498
501
494
490
484
508
541
574
574
556
561
562
560
547
587
576
560
573
578
572
568
571
580
574
587
569
509
477
493
517
486
458
542
649
707
699
684
652
587
533
539
551
556
556
540
505
471
475
479
466
511
633
711
689
650
676
692
664
662
682
678
657
673
694
653
588
606
616
568
479
444
457
466
459
457
454
448
463
454
389
339
407
517
559
548
549
566
555
541
554
566
586
584
576
561
585
599
596
601
600
610
576
535
528
528
515
485
458
450
455
465
470
456
469
458
461
472
458
456
470
462
459
454
466
463
461
453
463
457
465
463
468
474
466
458
459
459
454
466
445
455
468
468
459
464
512
543
517
529
521
539
521
521
534
540
523
521
525
533
529
520
528
517
527
538
525
536
530
523
524
529
512
519
519
528
533
531
524
523
524
524
529
523
521
534
522
530
534
538
522
538
527
532
530
522
513
526
521
522
525
529
529
524
530
547
539
514
527
543
523
498
545
573
399
126
