647
624
576
590
614
607
592
602
615
619
574
498
449
445
470
462
466
450
468
450
461
469
440
418
405
414
400
401
420
397
378
454
590
683
675
659
640
590
551
549
579
564
550
545
549
537
540
555
560
537
545
569
572
604
606
561
489
452
467
477
457
468
466
460
459
458
463
454
453
418
426
471
571
615
609
597
608
625
612
625
584
519
477
470
499
475
483
492
471
416
386
403
420
382
391
416
411
386
424
494
516
497
512
519
518
492
527
589
604
615
607
607
603
615
611
583
527
500
501
502
458
439
443
455
463
445
452
460
437
417
425
438
422
428
437
432
418
406
401
393
383
400
395
389
408
448
485
479
465
476
471
465
460
499
521
539
550
538
540
556
548
545
540
551
539
533
523
534
517
518
515
550
580
612
615
592
589
607
599
589
590
593
594
595
593
574
564
553
564
550
553
559
575
555
512
502
504
519
501
511
545
602
635
649
624
617
629
619
576
515
456
456
472
486
478
470
466
516
569
610
608
597
581
618
605
601
599
604
606
600
590
598
590
590
591
597
605
593
586
594
598
590
602
606
583
544
515
518
528
534
525
532
537
529
538
560
536
554
590
615
590
571
584
623
611
573
491
468
461
465
507
573
616
606
587
589
598
599
592
596
601
594
592
596
598
602
599
591
595
603
570
518
491
496
489
504
523
524
504
543
614
664
654
638
658
642
610
569
590
609
576
580
605
604
584
548
539
547
540
536
553
559
526
498
486
487
488
482
496
486
486
490
516
528
532
532
525
535
530
528
522
542
526
536
530
532
527
512
524
528
522
533
535
526
533
527
530
521
520
533
530
522
519
536
531
516
527
529
520
514
528
532
520
527
534
523
513
527
552
514
503
555
578
407
131
