562
533
487
528
563
505
457
461
457
450
454
465
461
455
457
460
445
429
433
439
419
437
445
418
367
351
366
357
351
357
358
367
379
409
406
400
413
412
396
403
418
399
375
464
611
708
672
665
672
657
603
553
577
575
590
610
638
625
617
634
596
511
471
490
506
487
467
502
501
455
398
380
368
369
419
504
556
554
549
539
553
539
541
547
550
539
536
546
537
544
546
531
513
522
523
523
515
542
548
551
537
540
571
593
620
614
628
600
591
567
560
574
570
561
570
571
572
545
557
566
570
563
567
572
576
564
565
564
555
564
562
556
557
561
571
608
626
635
630
606
555
531
526
526
532
529
534
544
546
524
504
490
494
485
496
494
497
496
514
550
583
569
557
582
624
643
625
635
628
625
635
628
609
581
562
563
587
562
573
582
568
569
560
570
558
585
631
639
630
644
646
615
570
535
553
560
554
534
556
542
545
528
519
507
519
520
500
497
485
486
484
491
485
487
482
469
450
450
459
452
443
442
442
446
421
412
429
418
415
427
443
415
418
472
583
636
624
603
612
621
621
594
545
515
519
527
510
502
513
524
493
439
424
416
431
420
430
425
425
437
443
451
442
431
444
451
428
379
361
358
363
377
361
353
380
368
349
401
524
581
571
575
621
644
614
588
609
590
598
593
605
596
589
598
599
582
597
605
586
547
515
514
524
521
523
524
529
521
532
527
531
505
535
531
525
530
533
520
515
532
534
528
515
541
524
523
536
528
518
516
535
532
519
521
548
524
495
551
573
415
127
