494
471
423
441
464
432
407
420
456
473
479
490
504
521
565
553
536
537
560
560
510
446
413
416
419
434
431
411
416
459
548
591
592
568
564
585
569
574
569
602
620
639
645
643
638
646
640
628
647
649
638
649
642
651
636
642
637
644
643
658
631
601
580
594
589
588
598
593
572
506
480
480
486
488
493
486
490
485
470
407
381
391
393
393
404
460
491
481
461
471
478
465
459
505
574
601
594
596
594
597
595
588
565
549
562
560
563
554
546
565
596
636
634
623
607
632
631
593
519
484
500
512
509
500
493
514
505
473
465
463
477
463
458
466
469
469
458
451
447
437
443
443
445
442
435
447
443
444
444
453
434
402
387
389
394
404
400
381
382
395
438
466
468
470
498
516
502
497
525
563
601
597
577
571
584
579
577
571
590
584
552
502
465
461
485
482
457
461
494
562
601
610
602
608
613
603
601
597
606
597
602
603
609
616
612
609
590
607
612
572
505
458
448
480
478
461
458
476
481
452
448
501
614
685
672
641
659
679
667
632
612
596
578
594
594
572
528
500
506
525
512
519
522
488
477
458
459
469
464
462
461
469
456
451
465
464
467
476
472
480
475
481
479
479
477
472
481
473
486
482
479
484
488
476
464
431
402
407
411
421
407
404
407
394
379
390
410
360
369
441
587
690
682
636
640
659
657
639
607
599
589
581
596
592
585
598
609
571
530
495
513
517
510
518
507
509
474
443
457
464
484
485
474
476
482
483
485
472
491
524
541
522
527
533
531
525
529
538
524
523
533
525
527
523
535
541
525
537
540
544
524
539
515
520
531
533
526
518
545
533
521
521
532
527
496
558
572
409
138
