568
544
501
509
534
517
515
508
466
442
447
470
462
446
457
453
462
461
474
466
455
469
475
457
452
434
419
435
441
411
375
347
362
351
373
395
412
398
396
407
407
382
452
620
704
660
588
567
584
570
579
580
574
578
617
622
619
625
627
620
614
624
601
521
466
485
490
486
494
502
460
397
379
372
361
369
368
377
362
412
517
564
544
536
545
553
543
541
534
521
520
509
524
526
520
519
533
536
535
556
542
541
550
546
544
533
544
544
538
542
546
547
538
549
544
546
527
540
553
542
536
561
603
622
634
604
603
624
620
610
626
617
615
627
622
620
578
561
564
581
573
557
575
560
562
567
567
568
565
565
564
559
564
568
549
562
561
579
558
557
578
617
646
645
629
629
619
634
632
606
566
522
521
511
496
489
497
493
498
489
496
504
503
501
499
524
560
576
578
570
564
585
583
613
633
630
613
615
621
646
607
588
570
569
560
562
588
622
650
649
638
624
646
643
605
568
552
553
553
545
540
536
557
557
532
529
510
507
505
502
494
478
477
486
487
490
478
453
446
448
460
442
436
457
452
448
439
455
458
457
436
462
456
448
450
461
436
402
462
566
632
630
607
610
612
620
623
590
538
497
507
514
523
481
446
422
407
429
439
434
424
420
427
421
428
440
430
419
430
440
447
431
442
438
428
435
451
441
413
380
344
364
360
361
343
356
387
352
341
409
521
579
570
558
567
581
621
630
627
635
621
632
628
637
626
611
592
592
597
590
584
605
600
578
531
515
521
523
519
509
517
514
514
521
531
519
523
519
526
522
524
522
518
526
540
508
528
533
530
510
519
535
525
529
542
531
519
521
546
525
498
550
579
410
120
