555
532
488
504
528
501
499
517
505
452
437
450
440
431
432
451
439
442
456
442
439
431
420
398
392
412
408
383
383
448
550
605
591
580
580
580
593
615
631
639
616
619
632
634
600
558
535
518
537
530
517
511
546
634
669
660
645
659
665
639
589
552
561
566
576
586
616
618
610
605
631
626
587
555
541
530
520
563
601
640
637
631
641
617
551
519
526
540
533
508
496
469
471
460
472
474
478
470
479
472
473
477
474
474
464
482
474
462
469
487
478
458
467
478
496
501
498
492
509
513
551
575
568
551
560
572
573
560
556
556
552
551
560
539
544
573
600
595
607
610
577
516
481
492
495
490
481
486
510
510
504
511
537
586
609
602
596
610
617
568
502
453
476
475
473
472
481
480
471
447
432
425
471
550
603
588
573
588
580
542
535
533
545
522
533
535
562
572
567
557
569
569
573
555
564
567
560
544
559
574
552
478
451
447
442
485
572
624
615
591
606
629
614
599
609
623
626
614
610
615
615
615
624
630
619
626
638
630
587
513
462
477
494
469
437
451
470
460
438
465
477
450
426
505
630
699
702
688
677
687
692
687
693
709
666
621
596
603
617
603
593
597
621
572
528
516
516
522
501
515
501
459
448
437
458
455
463
452
452
451
450
443
462
453
458
446
458
465
482
476
474
487
480
461
462
448
440
454
447
437
405
398
391
396
394
398
396
391
402
393
387
391
409
434
452
486
551
597
590
572
592
594
594
582
575
581
575
559
557
531
529
530
540
527
525
539
533
518
529
539
525
526
523
530
531
533
525
520
517
531
532
512
522
521
522
523
522
539
528
528
533
535
517
534
534
525
524
539
530
517
523
549
518
495
549
568
403
123
