656
634
574
597
602
619
615
581
490
443
439
461
442
434
455
463
457
448
450
424
406
399
415
404
411
393
399
461
596
688
680
634
639
688
662
624
601
559
537
541
553
546
531
543
553
543
540
548
556
581
590
603
598
585
593
616
572
489
450
462
470
458
470
464
462
450
443
432
420
436
452
423
397
465
581
616
616
597
603
619
612
612
623
600
611
630
586
505
470
467
476
416
392
403
413
403
399
413
405
387
423
475
526
517
508
506
509
499
509
524
517
506
511
515
516
504
490
524
601
602
589
598
615
585
531
496
506
512
511
507
498
473
445
450
454
448
443
455
449
428
424
438
433
432
427
446
429
402
398
401
399
401
394
402
404
386
418
451
475
481
470
473
474
475
464
486
522
545
536
530
511
515
518
511
519
531
528
519
506
534
572
595
611
602
601
598
589
588
596
600
586
589
594
594
587
591
594
590
602
585
596
594
594
577
548
557
562
558
509
503
496
536
595
653
644
580
513
453
476
479
487
457
463
499
575
604
605
605
602
602
601
593
611
595
595
603
595
597
590
604
595
589
535
513
521
534
530
540
531
535
545
563
550
549
564
549
551
562
589
607
609
589
589
610
605
568
495
465
459
476
481
473
467
471
499
557
606
611
597
588
618
611
573
515
491
494
494
507
504
519
517
522
515
521
512
554
622
663
666
648
645
655
649
642
658
649
599
576
584
572
545
556
562
553
540
548
530
504
472
479
491
481
489
497
485
482
492
527
534
518
520
527
531
529
527
528
521
521
535
528
527
532
537
523
521
514
525
527
534
539
534
523
530
535
527
527
543
527
507
527
551
521
498
556
570
415
124
