635
606
559
595
621
608
585
591
542
505
513
549
528
506
511
523
520
517
521
516
518
527
529
535
521
523
529
518
516
529
542
518
521
515
525
516
519
533
576
612
604
604
607
603
588
581
595
592
581
589
606
571
526
493
522
507
470
440
448
452
439
449
470
460
452
465
475
460
445
440
449
430
431
419
409
417
404
408
431
458
485
479
487
471
484
474
463
458
515
593
655
648
635
636
643
645
633
638
644
649
634
630
648
656
617
551
514
499
539
533
515
521
534
530
512
479
475
483
467
468
465
462
472
469
481
476
471
505
535
565
575
547
553
571
595
606
610
601
601
608
605
570
532
482
498
514
497
480
488
522
501
449
392
348
351
368
394
400
396
403
399
383
369
452
606
691
692
668
669
674
659
669
650
610
575
570
586
589
570
580
583
571
562
572
570
555
570
562
566
556
558
572
571
562
541
550
537
530
552
537
543
529
558
584
612
613
609
613
601
620
617
592
547
520
511
547
515
514
525
553
553
554
555
556
541
547
557
554
549
554
556
550
555
547
549
525
515
520
520
514
543
560
585
565
567
572
588
599
609
588
585
577
591
548
490
449
436
455
445
445
450
449
450
457
457
456
452
444
462
482
493
487
470
473
480
476
460
502
557
575
556
551
561
571
568
541
528
535
538
533
536
531
517
557
596
628
627
617
618
645
613
609
604
600
582
542
521
518
528
549
525
493
485
493
492
482
480
491
473
471
453
460
471
470
474
447
453
431
439
448
431
437
454
433
413
392
403
415
398
392
418
506
548
531
514
525
539
512
523
539
534
519
526
543
519
517
531
534
520
512
541
532
519
534
543
519
522
534
538
507
521
544
526
484
543
565
407
118
