696
638
524
518
568
536
525
544
560
523
476
487
495
478
489
497
492
463
425
429
415
426
433
428
414
428
423
440
452
475
465
444
463
474
459
449
457
467
463
453
482
548
581
558
549
561
568
552
566
596
599
604
607
615
615
605
609
607
612
613
607
604
614
622
610
600
607
602
604
602
620
604
588
517
489
510
513
492
494
512
496
479
469
477
478
466
476
486
471
459
496
573
597
598
589
594
597
588
594
599
589
561
562
566
571
564
569
564
569
551
546
557
541
548
591
621
586
520
468
484
493
485
481
489
496
474
490
490
489
485
492
493
473
502
563
596
561
498
481
476
481
488
491
482
477
509
522
522
512
540
585
594
609
603
566
516
467
479
485
487
481
482
495
483
461
464
461
458
472
461
463
476
528
542
527
524
524
538
530
534
534
536
529
523
528
537
520
532
535
536
529
525
537
529
536
529
531
516
536
538
530
526
562
615
661
662
643
644
656
640
572
544
550
552
558
554
561
549
554
584
599
605
599
601
616
616
574
507
484
475
481
477
479
492
476
462
515
577
600
598
598
597
594
589
596
576
537
501
504
518
521
495
456
449
424
459
456
449
434
435
407
395
390
416
406
397
405
413
429
441
449
440
433
444
447
433
440
450
448
451
441
456
448
431
406
383
388
389
383
378
381
379
382
397
380
391
392
392
361
366
449
586
669
667
631
637
668
654
627
618
596
573
596
599
584
582
599
600
558
504
469
471
466
466
472
473
472
478
472
447
425
413
405
391
473
565
611
609
588
603
597
604
591
603
603
588
584
592
603
571
538
519
523
522
525
519
526
525
527
528
539
534
523
533
530
522
530
527
527
535
526
528
521
528
530
533
531
528
549
516
519
538
543
520
517
544
520
498
543
579
410
127
