609
603
543
578
596
560
553
583
616
597
600
596
600
597
591
590
571
582
568
586
583
556
519
492
481
496
492
490
495
488
463
444
448
462
466
477
478
465
459
470
468
477
474
464
461
427
412
415
414
412
417
406
418
404
415
417
414
419
419
408
366
337
345
347
337
331
367
436
466
457
456
465
443
434
485
572
629
621
605
620
611
617
578
594
594
602
569
524
504
509
528
508
494
511
501
464
440
437
446
458
447
458
456
458
462
481
462
450
460
470
457
470
456
443
432
424
433
426
422
433
432
426
418
433
431
432
427
428
429
419
410
401
401
402
400
399
396
397
399
386
407
414
395
377
440
562
626
614
597
615
627
585
536
498
498
515
511
509
515
516
535
534
539
536
533
547
580
606
603
587
595
612
575
513
492
488
495
479
511
577
602
606
600
614
596
591
608
596
594
600
602
604
592
598
618
588
511
489
496
499
492
499
512
491
461
430
449
455
465
487
484
486
480
493
483
476
452
450
459
462
474
438
415
404
415
409
406
407
402
396
407
411
413
409
418
409
393
423
468
480
469
458
478
471
462
502
565
594
581
564
584
587
572
588
614
634
632
618
628
626
621
630
621
632
629
627
633
634
635
613
625
631
609
551
518
527
536
509
482
463
458
461
460
442
428
407
405
402
417
419
403
394
452
569
621
609
607
619
607
602
612
623
585
527
489
507
511
496
494
520
546
574
580
563
561
556
569
564
571
564
534
526
528
524
528
514
525
533
535
534
526
535
530
517
520
519
535
526
522
521
536
538
524
522
527
523
531
537
538
517
528
545
530
504
553
563
414
127
