664
641
578
602
644
612
590
611
625
606
572
499
442
438
455
459
439
455
470
438
442
457
446
416
378
410
421
393
380
476
604
679
666
647
655
661
658
661
644
586
536
561
569
554
545
554
575
565
537
538
544
542
535
558
584
582
594
601
583
591
599
602
560
483
451
450
476
464
439
470
455
441
419
427
424
426
423
430
435
428
437
439
425
423
441
437
419
435
445
433
414
481
587
636
608
594
619
585
506
455
472
485
478
483
493
463
415
392
410
403
404
400
411
406
419
403
403
407
392
389
430
477
511
514
506
508
518
504
511
515
519
494
524
576
612
608
591
614
614
594
600
610
579
532
485
513
515
511
517
506
514
501
470
447
446
455
455
455
447
453
458
450
455
464
446
434
434
440
424
407
404
401
398
408
401
384
407
426
463
475
476
470
467
482
477
456
487
525
541
542
539
538
526
528
537
524
521
545
580
596
602
593
598
598
596
592
590
583
554
561
551
516
504
503
517
513
512
510
526
503
502
545
607
634
635
630
626
631
615
624
591
513
468
472
476
470
457
502
574
605
603
600
613
618
601
609
611
602
597
606
601
596
599
601
598
591
602
606
616
587
537
519
520
529
535
550
564
559
550
557
581
598
604
594
594
603
615
571
515
467
469
492
472
460
475
499
475
457
502
559
595
598
587
596
601
601
610
578
534
487
494
515
530
521
515
528
516
510
507
548
618
666
681
653
655
653
654
653
662
655
658
649
652
655
653
632
613
592
594
603
574
553
531
553
569
548
526
548
561
530
502
482
476
493
489
476
481
491
485
490
492
489
482
488
479
481
486
486
480
469
491
484
495
494
476
482
479
482
504
515
523
525
524
526
522
536
517
513
532
527
535
525
540
536
522
536
536
522
526
532
539
531
524
532
526
523
540
540
519
514
529
541
522
531
539
524
488
546
584
425
125
