655
628
567
588
613
593
563
537
519
495
514
533
517
499
540
581
580
576
578
585
580
580
569
544
526
541
542
535
543
540
530
552
605
627
618
612
617
614
607
617
614
612
626
625
595
541
497
491
527
513
500
515
505
525
517
492
496
535
588
629
618
613
621
581
509
451
462
484
472
456
476
482
476
472
488
478
474
451
438
424
416
423
432
401
412
485
592
648
633
616
621
633
641
627
617
630
646
574
516
479
476
487
481
482
479
468
444
407
406
477
575
628
611
584
589
598
592
589
605
600
566
542
523
519
526
526
531
523
505
543
608
645
645
640
640
642
648
621
566
544
541
554
565
554
534
527
523
510
513
509
505
509
511
492
482
488
487
493
496
473
487
480
475
483
497
484
475
461
463
456
458
467
473
466
475
495
518
512
510
511
525
511
490
523
570
598
600
601
597
598
596
613
596
596
608
597
596
608
610
570
529
522
516
525
530
528
512
467
438
437
453
451
449
452
453
434
442
465
453
432
436
432
422
412
430
436
415
423
452
421
405
483
568
614
629
617
578
503
421
421
443
455
429
426
492
550
590
596
574
581
595
593
580
589
628
647
624
640
648
639
642
649
628
586
576
571
576
564
575
596
553
490
448
464
472
462
445
461
467
426
389
378
372
376
379
382
365
359
446
552
626
620
590
598
613
601
588
607
620
605
604
612
606
602
614
624
612
596
614
624
586
538
512
521
510
483
491
493
496
502
528
532
526
529
530
521
535
524
529
526
520
532
535
528
524
535
514
524
531
530
518
537
533
519
535
541
538
522
524
535
528
523
527
548
526
526
544
538
509
528
549
528
498
546
560
410
129
