536
522
476
506
507
449
436
457
468
438
445
464
442
414
403
389
396
409
395
385
436
543
608
592
594
602
605
597
579
602
622
623
630
627
628
631
630
647
636
603
545
524
525
533
524
512
552
628
671
658
652
661
662
658
626
594
550
550
569
558
567
562
586
598
613
608
604
596
617
624
610
553
515
524
533
530
528
534
529
521
528
528
535
526
536
543
523
525
532
539
524
523
555
612
645
645
647
634
626
643
635
626
556
514
520
535
532
516
526
541
521
473
467
476
463
465
480
471
471
470
485
495
498
505
501
496
491
490
514
539
569
583
568
557
570
571
563
558
565
540
532
564
609
561
511
478
470
489
501
479
480
489
511
517
517
518
517
509
509
537
594
620
576
492
469
468
463
449
430
421
440
435
414
419
458
542
600
585
577
573
581
556
531
537
548
535
536
540
541
531
542
563
580
559
554
558
559
569
538
469
432
437
458
454
431
448
468
429
416
488
569
620
617
608
610
611
613
609
604
609
626
625
614
622
622
586
506
465
482
497
475
449
448
459
451
450
457
438
423
505
637
712
698
691
681
712
696
666
631
573
520
510
526
520
509
498
514
515
490
468
451
451
450
462
449
443
461
452
446
445
456
458
442
448
459
466
471
481
476
476
480
475
474
461
438
438
454
441
438
449
451
425
405
390
386
390
402
389
397
401
398
404
388
397
389
389
391
396
395
403
396
396
389
392
388
401
407
398
413
387
385
395
389
395
393
399
392
393
402
395
377
395
455
478
445
437
484
550
581
589
573
575
580
580
572
536
512
516
516
527
530
527
528
519
524
528
511
534
543
523
521
529
516
514
529
535
528
525
527
535
517
532
542
539
511
523
537
523
499
550
576
405
117
