505
477
423
456
469
451
426
435
414
416
418
418
404
421
490
487
475
487
532
558
542
537
543
543
527
551
561
512
456
425
421
424
452
530
601
625
646
641
645
630
639
645
626
600
573
592
606
590
584
603
597
559
499
461
467
481
490
472
491
485
477
476
481
464
400
385
398
404
391
376
398
418
434
479
507
550
594
595
577
588
584
590
586
561
558
553
554
549
554
545
542
572
605
612
616
624
626
598
534
502
502
515
507
490
498
508
499
488
467
454
456
461
470
472
458
456
439
443
449
446
437
434
445
445
441
440
461
443
445
444
449
447
446
452
453
448
447
446
442
447
449
449
445
443
440
450
438
462
445
451
439
450
444
449
449
443
436
450
453
444
439
453
446
432
393
381
384
401
396
384
379
407
443
474
474
459
467
498
516
510
503
514
515
501
515
584
586
578
598
586
575
578
584
584
567
586
584
567
572
579
583
557
490
447
460
484
480
446
442
507
555
607
618
594
562
513
456
446
472
481
451
456
519
619
681
669
647
654
635
596
583
589
604
596
580
593
598
571
528
510
511
519
510
510
513
508
470
458
454
470
459
448
464
466
455
461
451
463
466
463
469
468
480
479
477
475
475
485
468
483
489
469
420
400
406
406
415
405
414
418
416
420
397
387
397
407
391
367
448
585
680
662
641
657
670
642
588
598
592
592
603
600
590
595
596
591
564
543
516
510
507
514
511
515
517
501
453
453
456
451
472
481
487
486
473
489
475
478
486
508
520
525
529
528
522
530
527
526
527
528
526
534
519
531
531
516
525
523
521
520
531
529
510
532
545
520
505
546
568
407
134
