525
510
449
418
396
378
389
402
389
383
392
397
399
391
400
396
407
417
386
379
445
532
590
572
546
564
571
569
560
564
548
531
527
533
558
558
564
580
564
573
564
565
587
585
588
597
585
574
588
594
564
501
481
489
503
488
482
488
459
388
349
369
366
374
417
485
567
588
599
588
582
593
594
617
641
639
629
630
643
613
558
513
532
538
521
522
539
537
514
456
455
443
421
400
400
387
406
410
404
380
455
601
685
653
661
667
654
587
556
558
575
557
554
574
561
553
564
566
563
550
562
559
561
558
579
558
554
539
543
531
536
554
541
530
535
548
530
533
546
539
541
536
540
527
550
610
635
614
603
624
616
614
596
622
622
571
506
478
453
464
527
612
667
671
658
631
571
534
534
549
543
535
541
554
539
541
545
555
552
540
550
555
551
519
449
425
440
444
426
421
444
444
424
464
515
553
554
536
547
544
538
551
567
561
567
566
562
556
565
562
563
547
567
558
560
567
572
551
571
619
628
605
567
546
554
554
569
560
540
518
504
519
524
520
518
517
527
514
493
510
503
498
501
498
486
503
499
492
497
505
507
490
525
547
561
545
536
566
570
557
559
558
556
563
568
579
590
580
584
577
582
581
560
535
543
557
552
537
540
560
581
597
600
598
585
600
601
568
487
448
447
456
463
457
452
464
442
443
453
454
462
466
462
451
473
456
451
461
465
433
392
377
377
371
384
387
372
353
441
548
625
607
593
603
609
607
603
609
600
595
598
615
610
597
603
620
601
562
513
521
539
528
511
478
441
457
455
464
450
443
460
504
533
547
521
523
529
529
521
534
524
526
523
529
528
522
533
530
529
530
536
523
527
533
531
506
516
552
524
500
549
579
411
124
