515
494
477
489
490
473
505
588
629
614
598
598
622
613
571
512
467
469
501
491
475
470
479
477
462
435
405
408
420
430
388
438
545
608
588
588
601
601
570
535
507
519
516
519
508
510
513
502
451
412
415
438
412
365
340
358
359
343
347
351
338
375
441
481
490
466
466
474
479
460
458
496
557
605
583
561
592
593
555
506
469
479
493
477
461
475
486
479
470
484
491
482
474
465
475
471
480
478
472
471
501
567
601
594
582
600
606
589
585
579
583
568
548
549
564
542
544
559
558
570
596
633
607
595
621
629
587
481
419
442
465
448
427
431
435
426
436
446
418
408
473
569
619
612
611
611
626
627
641
593
528
488
496
501
499
483
500
509
493
477
484
496
485
474
491
487
477
483
516
551
580
573
571
579
565
591
571
578
533
507
500
512
496
494
503
502
446
429
444
439
443
442
448
412
371
345
371
363
352
364
366
369
380
386
390
374
386
405
388
380
424
547
612
584
570
576
585
577
579
591
589
574
585
595
575
514
512
504
500
515
519
517
510
526
595
613
612
600
613
604
601
599
610
596
587
586
582
586
594
580
585
597
604
566
503
480
484
481
485
492
487
491
488
480
481
487
481
495
486
489
494
494
493
485
516
564
593
578
583
579
575
588
606
640
625
629
632
631
640
594
501
458
499
577
610
588
595
611
605
594
604
617
604
587
585
600
593
581
593
597
588
591
604
592
578
553
530
540
550
538
534
540
549
545
545
545
561
569
546
562
563
557
551
566
575
545
489
474
462
472
474
465
477
487
482
515
533
524
510
524
538
523
520
528
524
537
527
534
520
525
528
530
527
520
537
531
519
518
537
526
515
530
522
535
532
534
528
526
524
527
523
525
532
530
520
522
534
520
494
549
582
405
130
