700
660
597
633
660
617
616
649
611
539
510
538
538
515
525
554
539
508
482
486
468
479
446
419
410
430
440
445
457
465
466
450
462
465
447
442
484
538
572
566
556
575
604
601
609
616
591
522
497
494
510
499
477
477
478
468
500
562
612
599
588
603
599
583
594
606
601
568
551
567
573
564
571
564
555
555
569
563
553
553
553
551
565
605
620
598
609
630
587
522
487
497
495
485
488
506
494
478
495
513
560
592
586
575
584
602
600
563
489
465
474
479
479
489
513
520
528
517
500
535
589
575
522
483
472
492
496
486
485
493
477
481
480
464
464
465
451
458
473
518
537
553
540
521
540
561
623
660
656
639
641
660
658
634
577
549
563
597
601
606
606
577
512
465
472
502
480
473
510
580
612
598
596
595
585
598
609
587
535
513
518
514
517
513
508
513
510
505
524
507
523
511
514
465
438
445
442
440
435
446
439
410
396
393
414
408
443
432
436
435
443
452
432
439
437
439
439
448
452
440
425
423
391
381
385
395
399
383
388
396
393
390
387
382
367
400
402
374
358
452
592
672
669
644
657
666
662
648
645
643
647
653
634
599
576
580
587
591
601
594
586
594
604
562
498
459
466
481
468
465
475
453
434
415
408
425
425
411
394
464
555
615
592
567
595
598
583
579
598
599
571
546
530
519
527
537
536
522
526
525
528
515
525
537
541
533
534
528
518
525
526
531
526
536
526
520
527
532
530
502
527
560
526
502
559
583
411
137
