687
662
601
633
665
603
541
541
528
530
519
541
528
532
528
507
483
468
490
487
481
473
445
431
431
426
419
424
420
437
451
461
458
449
493
531
583
590
580
614
629
586
518
497
500
500
508
511
505
489
504
501
497
479
491
474
461
497
576
609
601
576
571
571
578
567
559
567
556
570
565
554
554
547
554
558
547
546
575
583
622
613
602
609
616
622
585
528
490
489
504
503
492
496
509
498
486
487
511
561
587
598
576
575
583
585
568
501
466
466
510
513
504
510
517
507
515
541
586
607
614
591
595
607
612
574
511
470
469
490
475
486
486
477
480
493
474
466
484
481
491
470
452
461
465
460
474
528
533
537
534
547
535
529
553
627
664
655
641
646
662
659
622
580
547
541
559
553
541
531
574
583
611
608
607
596
602
606
577
501
465
480
497
484
468
516
577
605
603
602
567
527
504
521
530
511
520
522
508
462
439
434
460
452
448
450
463
439
419
406
402
392
404
407
392
395
409
434
435
437
444
445
430
436
459
432
446
437
442
440
449
446
446
442
445
447
435
396
383
398
393
385
383
396
388
382
395
388
380
388
387
372
375
398
398
376
378
393
394
373
390
405
384
354
446
599
681
657
647
659
661
643
665
666
641
603
592
581
592
601
579
506
449
465
486
473
464
475
475
423
398
432
426
405
412
423
413
404
446
570
623
611
597
611
596
607
605
621
605
586
598
595
587
573
587
596
603
568
546
511
524
523
527
521
537
546
531
530
532
541
529
530
522
525
517
533
536
531
527
532
533
522
533
525
531
525
528
522
525
531
544
522
522
542
533
520
535
542
517
507
566
580
401
130
