683
667
580
610
648
609
572
577
561
575
574
581
596
568
577
576
512
489
505
510
507
499
495
489
518
501
470
452
452
472
459
459
456
463
462
466
443
443
447
441
434
437
435
433
434
419
427
421
439
419
423
422
431
419
426
443
439
436
444
455
443
437
443
462
480
465
465
444
447
469
464
448
445
464
471
484
472
470
480
478
469
504
579
611
611
590
598
605
615
602
612
604
596
592
601
590
596
593
592
596
586
589
585
591
585
581
567
583
598
560
497
463
470
484
474
477
489
479
488
489
478
472
518
580
640
620
601
623
618
622
609
622
606
584
590
609
605
568
528
509
509
529
534
502
460
454
451
454
452
456
448
456
449
487
477
480
472
489
471
469
520
583
636
628
613
611
609
586
574
579
587
594
573
591
594
567
517
481
487
498
497
500
486
492
478
440
412
409
434
422
424
423
421
425
420
427
449
450
447
466
459
450
471
524
554
536
529
536
538
526
557
584
599
590
591
591
596
593
606
568
521
479
467
503
507
560
625
616
587
599
631
588
483
461
470
457
410
407
402
386
378
446
590
662
655
620
633
653
636
619
579
560
534
513
506
501
501
525
509
510
516
514
505
508
513
528
538
523
518
556
623
659
645
629
653
650
650
635
617
590
573
580
596
584
591
592
579
587
589
601
593
579
583
590
587
577
577
582
581
571
581
581
588
588
578
584
571
587
602
581
563
509
476
463
481
486
468
474
512
530
517
524
525
518
521
535
533
524
515
542
536
510
527
538
520
497
552
586
407
128
