694
670
601
628
662
630
619
649
635
620
620
631
649
632
614
552
512
519
550
538
526
541
544
532
519
499
490
471
485
497
486
484
491
489
480
474
480
482
486
490
486
479
476
487
491
487
489
484
483
484
493
476
445
427
422
435
426
430
412
426
426
434
448
466
453
457
459
462
470
458
448
483
533
571
555
557
559
562
555
567
591
607
622
602
612
612
612
580
525
488
499
508
509
510
506
505
477
470
470
474
474
478
483
478
475
467
465
493
572
606
592
593
595
594
583
582
563
567
559
574
564
572
554
579
553
556
554
544
556
556
555
541
541
561
603
623
618
591
612
595
614
621
586
520
479
487
501
498
481
502
500
479
478
521
566
584
592
589
553
499
475
476
490
480
472
481
482
485
509
519
516
511
504
511
507
535
576
613
610
568
504
483
482
493
493
476
475
464
462
464
455
474
466
463
465
474
473
515
542
537
535
536
547
527
512
563
614
660
657
661
652
636
654
661
635
576
536
548
551
555
561
585
601
608
601
601
607
604
614
569
510
472
467
477
489
480
469
514
562
599
596
588
601
602
598
597
588
539
495
524
531
515
453
439
442
449
454
443
432
414
406
402
400
406
389
394
405
442
445
443
439
447
452
435
447
441
432
435
443
446
443
437
440
449
430
400
393
374
396
392
384
375
386
413
375
355
441
597
686
653
635
643
627
586
579
603
602
556
494
460
462
482
486
459
423
410
421
416
414
418
410
394
453
566
621
611
589
598
604
588
585
597
593
590
585
594
595
580
544
514
518
528
530
526
521
525
531
519
529
535
521
521
528
542
532
521
525
533
534
536
539
527
527
537
533
515
521
545
524
499
547
575
415
136
