626
588
527
565
578
558
557
590
588
563
563
586
585
561
576
580
575
575
570
574
565
564
579
563
561
572
571
576
584
604
608
591
592
604
597
601
601
596
575
570
575
574
577
575
590
555
504
485
496
497
481
494
493
488
481
460
445
450
454
459
443
450
449
468
476
473
458
483
481
471
456
454
459
461
465
469
468
456
449
434
404
403
418
423
401
422
420
404
350
332
356
366
334
367
436
472
436
483
580
630
624
598
612
628
615
605
610
601
587
593
587
587
587
570
524
489
501
520
514
502
502
505
481
506
515
506
455
450
450
449
448
441
439
457
445
450
444
441
442
443
447
442
450
464
469
448
461
457
456
464
462
445
424
435
449
434
423
435
434
436
424
434
423
421
434
437
419
395
398
406
387
381
447
570
632
623
601
601
609
614
598
609
616
617
594
518
499
509
530
546
549
527
543
548
577
601
597
595
596
606
602
567
508
494
507
569
626
616
575
520
472
484
494
493
491
482
489
451
447
440
443
437
434
439
459
473
485
480
482
471
496
478
467
480
483
459
446
459
465
458
444
457
453
447
414
414
409
407
396
405
407
415
409
404
413
412
410
406
393
412
411
408
406
400
410
413
410
412
412
397
406
415
402
395
433
460
466
472
474
485
469
470
495
547
596
584
581
582
582
585
591
615
628
615
612
626
636
600
553
527
525
536
535
505
478
457
447
475
461
442
423
402
407
405
422
410
404
396
452
563
616
621
594
608
606
604
616
603
535
488
506
525
519
522
561
571
555
553
565
573
557
528
535
539
526
537
533
522
526
539
531
520
538
540
537
525
529
546
529
511
534
531
512
527
548
518
498
548
582
419
125
