564
538
492
505
539
519
497
515
516
537
578
641
628
605
610
639
614
577
533
509
488
505
516
506
504
503
529
591
632
651
633
624
640
632
623
637
648
600
533
510
499
509
510
511
503
536
581
620
601
586
599
619
563
494
477
475
501
485
488
492
483
464
459
450
443
445
444
434
443
485
563
619
632
619
597
611
633
579
493
459
456
461
463
450
451
458
488
559
604
613
592
600
606
603
595
601
606
584
601
604
595
613
595
584
536
513
528
537
531
517
542
558
564
558
560
564
564
570
561
554
569
600
621
605
615
617
605
608
603
605
597
602
621
590
546
540
542
549
537
544
541
551
540
538
551
570
598
573
579
584
588
557
526
505
504
511
508
509
504
501
527
582
631
617
629
619
639
618
612
638
628
621
614
632
624
597
597
608
607
599
619
624
583
516
476
486
495
496
485
500
494
489
488
484
490
525
530
529
525
516
518
521
534
524
521
512
524
518
520
532
568
578
574
574
580
575
561
575
581
572
574
584
587
550
483
439
441
460
458
425
426
478
568
623
619
607
605
624
613
611
619
624
626
624
647
630
619
625
627
615
616
631
626
605
564
540
546
553
547
539
540
539
520
521
526
514
518
513
522
505
484
485
473
441
448
450
463
488
517
523
513
513
532
586
622
629
618
620
615
634
637
594
525
475
454
480
488
481
477
478
494
497
483
493
498
480
468
530
609
648
635
635
624
630
643
641
607
546
494
489
509
493
483
496
497
496
495
512
524
517
530
540
519
515
531
565
584
574
572
583
568
578
586
574
578
578
593
577
562
574
580
577
578
573
584
570
570
579
584
547
481
448
446
460
464
435
445
494
573
616
613
606
596
611
601
581
551
520
523
520
528
531
516
523
524
528
524
527
526
516
534
522
529
535
530
517
526
528
536
524
520
536
538
525
530
545
526
523
539
534
507
529
543
531
500
527
575
428
133
