637
607
554
595
606
544
508
532
532
507
512
514
527
526
585
620
608
574
600
606
601
593
604
604
606
613
615
607
590
609
615
598
590
579
587
594
582
590
600
572
531
503
503
519
504
499
512
495
470
443
453
457
441
453
446
452
466
471
466
473
465
470
466
464
443
439
431
439
413
401
431
460
482
472
459
483
476
465
520
600
659
649
605
559
521
518
527
525
530
524
540
518
480
473
477
488
469
478
465
461
467
481
483
474
468
471
483
537
571
563
544
552
571
560
545
572
603
598
611
615
610
592
605
625
571
521
485
484
495
500
513
474
389
346
350
368
357
352
363
358
348
365
371
361
370
391
400
388
400
415
391
362
458
602
689
677
657
655
694
686
641
608
573
565
576
601
581
566
574
558
572
550
542
545
551
537
549
560
602
625
612
613
617
608
614
615
596
545
513
529
539
527
517
529
536
534
545
554
559
552
553
556
554
540
526
519
530
514
510
522
512
505
539
564
578
570
560
571
564
568
586
581
592
595
601
593
580
602
585
554
488
444
455
465
463
439
446
447
449
437
445
464
475
480
498
492
495
474
486
503
544
564
571
561
571
577
572
570
554
547
535
545
531
528
542
537
525
558
596
630
627
602
605
624
631
622
636
623
621
604
603
599
614
605
598
605
601
591
544
528
521
529
525
514
532
511
485
475
480
486
481
499
495
489
481
487
486
493
490
491
478
473
472
461
459
472
463
436
432
431
450
440
428
440
442
408
417
403
409
376
441
514
533
539
532
526
524
524
531
531
522
528
534
527
523
534
529
516
532
531
517
522
545
527
510
524
546
529
508
556
564
415
122
