662
631
580
610
629
587
596
626
589
538
529
532
534
510
529
538
522
483
488
495
484
481
498
503
470
468
475
456
464
467
454
449
458
466
453
416
408
410
423
412
417
410
387
372
389
400
387
383
410
464
489
487
487
483
478
491
494
553
591
584
571
580
590
571
573
601
619
602
597
617
626
588
526
497
501
510
503
513
503
503
476
454
461
464
469
460
473
461
455
466
489
503
506
502
496
494
490
489
484
490
490
498
490
459
437
434
461
446
441
448
459
436
441
451
447
444
451
486
487
481
484
500
489
472
519
598
661
640
629
633
650
625
568
528
536
547
531
529
539
533
526
534
539
537
514
503
479
423
400
411
417
405
405
417
418
402
388
398
394
390
398
409
384
373
451
593
674
673
640
634
621
587
567
596
607
553
513
488
490
488
498
507
473
415
375
394
404
388
381
399
420
430
425
443
429
415
477
574
637
634
578
545
516
510
532
560
580
561
564
568
572
581
569
566
545
530
532
538
535
535
514
518
571
649
700
688
670
684
696
669
661
685
686
687
676
682
682
670
679
677
672
691
698
697
656
617
620
604
581
549
518
514
529
529
500
470
444
439
460
444
451
442
449
444
442
466
486
499
476
472
472
489
481
474
474
515
581
635
629
607
623
631
624
625
599
555
505
510
521
526
495
505
558
594
621
636
629
589
506
474
492
488
496
504
496
493
475
447
464
463
458
457
458
455
453
442
447
473
501
536
531
511
520
529
525
523
531
536
531
527
530
526
526
532
527
516
526
525
515
540
535
519
534
532
522
512
543
526
516
533
547
519
510
553
570
424
132
