649
610
559
595
629
582
522
524
522
536
521
519
513
541
575
616
597
601
604
615
598
608
606
597
585
591
585
592
588
588
594
597
573
538
509
500
525
521
512
522
492
473
436
441
469
451
444
445
452
450
471
464
466
462
460
464
471
464
456
474
468
448
449
433
433
439
441
448
431
440
438
421
405
402
412
413
396
425
468
485
470
457
486
475
454
506
586
666
656
631
643
659
617
541
524
526
538
526
530
535
534
526
536
530
528
536
515
472
468
471
465
474
477
478
470
498
535
570
562
549
573
600
608
617
609
623
605
608
613
599
532
487
492
485
492
491
507
503
476
386
355
350
367
378
343
366
397
406
383
397
409
397
372
470
601
692
663
659
663
666
673
668
656
612
573
579
596
591
582
588
582
590
582
583
572
582
585
587
587
574
584
586
572
563
558
561
556
567
571
570
556
562
568
544
542
543
554
538
557
598
609
619
617
594
552
524
526
540
531
527
545
564
557
552
563
556
551
552
549
535
515
516
521
515
512
521
561
570
570
568
563
569
573
562
562
566
574
562
571
568
570
564
561
567
565
601
609
558
478
432
461
448
438
456
484
493
484
494
487
489
477
504
551
576
566
564
566
550
562
568
563
549
540
534
537
548
532
530
546
605
638
635
610
610
623
624
624
612
603
603
602
605
599
607
608
593
545
519
521
538
528
521
527
533
515
487
484
491
482
479
480
485
483
474
461
462
461
472
460
469
457
443
435
442
442
441
437
417
443
431
412
419
410
392
404
408
405
393
427
501
536
537
519
529
531
529
530
533
531
529
526
544
527
528
524
522
516
521
529
524
526
534
532
528
521
524
531
528
536
536
534
527
517
525
513
513
531
536
527
516
530
529
525
528
528
520
531
529
525
520
530
530
522
521
533
543
521
519
532
554
514
534
541
521
489
559
581
429
137
