501
472
426
450
464
462
445
452
431
395
402
420
413
405
432
430
409
423
418
425
410
414
435
475
480
485
484
489
488
484
499
513
545
560
548
533
560
553
521
457
423
409
414
454
535
575
585
564
568
590
579
580
561
596
625
636
646
640
652
618
597
581
579
587
585
597
570
507
470
457
485
480
474
478
489
487
491
495
494
460
396
375
380
401
386
368
418
459
467
477
471
468
466
509
556
601
609
592
592
603
602
585
586
568
555
556
553
565
558
546
575
605
638
594
535
498
502
506
506
509
497
514
504
498
490
469
449
460
472
464
459
468
467
457
466
456
445
439
443
444
448
450
451
448
454
453
448
437
398
387
393
389
395
388
388
376
400
446
483
468
459
466
467
465
482
492
517
518
507
501
537
569
589
589
584
586
585
575
578
584
575
559
575
595
544
482
448
463
479
478
462
466
469
480
554
642
617
586
611
619
576
487
465
488
459
441
511
622
673
670
658
660
613
584
580
598
591
586
593
584
592
586
563
528
492
510
522
508
493
513
511
496
465
455
456
461
465
462
463
466
464
464
463
456
462
464
473
473
477
471
465
493
482
479
478
477
476
479
485
479
480
475
484
482
455
427
404
409
417
416
410
404
408
386
359
395
406
385
360
455
598
667
626
580
583
595
587
572
582
593
599
563
531
504
495
523
523
510
507
514
497
453
451
464
456
452
454
471
457
443
468
478
488
488
492
485
477
478
487
515
527
522
515
530
532
534
530
525
536
525
515
521
545
530
526
527
528
524
533
534
523
510
532
540
516
504
531
525
517
527
552
527
495
546
576
410
135
