679
644
587
629
644
598
561
584
586
574
569
582
578
571
570
517
500
492
510
508
494
501
493
468
447
462
475
463
444
467
467
435
429
441
439
438
437
440
436
433
433
420
411
434
422
411
420
419
425
432
423
439
439
478
485
472
463
465
481
477
457
461
461
458
459
466
457
448
446
473
483
475
467
479
483
463
503
572
624
601
594
591
588
603
583
589
584
595
587
592
584
576
579
591
596
567
502
470
474
489
480
473
474
493
486
472
480
490
477
475
513
589
624
633
617
611
622
616
608
620
624
612
619
609
604
606
591
594
601
600
600
594
606
582
526
505
518
529
511
518
525
532
504
466
459
452
456
453
468
446
457
466
474
488
480
486
470
470
515
588
624
613
599
610
633
621
600
588
583
574
585
574
575
566
588
578
574
590
588
569
504
483
490
500
493
498
491
489
484
506
471
454
411
414
439
425
425
428
423
406
421
421
424
435
445
464
456
440
454
475
513
538
545
535
529
540
558
580
595
597
589
592
590
599
601
575
517
486
472
496
495
466
473
519
580
611
599
608
575
486
442
444
467
454
470
479
459
415
390
403
398
391
399
398
377
365
451
599
664
644
627
640
624
579
546
558
566
546
539
514
499
498
523
543
521
529
531
533
526
527
517
543
618
662
649
630
649
663
634
590
578
600
589
578
589
585
584
583
597
595
591
601
606
579
584
584
590
578
574
588
590
583
585
577
576
581
598
568
497
470
489
495
482
480
527
540
519
532
544
532
541
536
533
522
524
532
520
526
522
522
522
531
532
516
524
531
523
513
516
546
526
496
542
575
405
121
