615
581
525
575
588
565
555
577
596
608
606
592
588
601
605
573
503
477
475
497
487
481
481
461
452
468
462
463
445
504
553
569
570
568
567
558
563
586
609
641
640
626
624
640
609
553
524
524
534
526
542
547
513
465
451
455
466
448
451
454
452
468
453
453
450
440
451
462
444
455
455
458
458
461
448
454
452
455
457
450
465
481
494
504
500
497
508
505
492
486
511
582
623
613
605
599
617
623
592
581
561
553
562
557
566
569
565
553
557
558
551
560
593
608
601
591
596
589
597
583
600
603
592
598
602
597
606
605
581
529
479
484
501
497
496
489
494
504
471
430
421
425
413
423
431
471
495
499
549
572
573
549
568
577
559
506
481
489
491
476
479
487
474
487
539
562
561
534
550
570
568
585
587
599
590
598
607
605
564
516
495
500
489
495
507
566
595
601
567
565
592
592
545
470
426
439
454
435
442
429
434
447
472
498
476
481
485
489
489
490
496
492
471
499
555
592
588
561
579
581
578
575
561
547
544
559
545
548
561
582
598
579
575
589
571
598
589
566
508
468
488
495
480
487
480
475
473
465
475
465
468
472
462
484
547
565
563
557
543
561
578
597
594
594
587
597
583
518
486
503
558
596
595
544
476
421
429
449
457
431
424
465
472
470
496
555
571
572
565
571
576
577
593
549
491
449
450
468
458
453
461
468
453
449
467
465
459
465
497
558
588
594
570
574
595
564
524
529
523
529
527
524
521
529
525
527
535
529
537
512
524
530
522
531
527
530
538
531
517
531
535
527
529
529
530
521
527
531
518
519
535
535
517
521
547
534
514
516
556
530
498
554
568
407
137
