670
641
592
605
609
575
552
588
587
566
570
588
565
518
508
507
518
511
495
469
444
461
472
458
456
452
456
461
458
456
464
459
443
475
454
452
454
461
459
456
462
452
444
468
460
449
452
458
461
450
457
451
451
461
457
449
435
449
440
446
452
437
446
433
411
424
417
424
425
426
431
423
436
461
466
473
464
477
478
470
469
462
458
458
450
455
454
465
454
460
460
454
451
457
455
457
453
463
457
459
450
462
459
459
467
467
444
460
451
462
457
453
448
445
459
458
445
457
458
458
459
480
484
480
469
491
577
622
603
586
595
603
602
584
600
594
578
591
595
560
499
470
472
481
472
469
484
474
476
483
492
488
471
480
490
474
456
514
583
631
634
618
622
619
621
609
597
593
589
594
590
579
590
614
589
543
510
504
518
510
526
518
526
514
520
528
505
467
449
456
458
459
446
480
494
487
472
483
484
483
470
505
582
636
621
610
622
626
622
616
599
584
568
579
583
573
591
592
565
505
491
486
486
500
484
488
494
490
493
469
434
414
407
428
424
445
469
466
453
443
480
523
561
574
512
473
473
496
478
472
523
594
604
599
606
605
604
599
609
576
501
446
469
487
478
433
408
395
369
399
412
387
371
470
596
667
653
635
635
645
651
624
578
546
534
554
552
558
549
563
558
536
521
508
504
514
506
506
491
509
511
504
509
536
535
523
533
541
540
521
559
628
664
650
646
656
643
599
572
578
592
577
579
588
586
588
592
589
584
584
601
590
568
581
577
576
588
585
561
506
470
486
480
477
467
488
473
479
514
526
531
526
523
538
520
513
526
527
533
528
524
528
529
526
530
523
519
529
526
537
530
529
511
529
533
525
516
536
541
511
520
541
528
502
550
572
414
130
