638
624
573
578
561
516
502
537
538
511
506
558
593
598
613
602
588
579
592
594
582
587
600
571
531
492
492
512
498
519
507
513
511
513
510
509
506
513
510
505
507
510
515
494
512
512
507
474
435
434
457
453
453
450
444
454
470
474
476
450
470
462
449
436
433
437
440
437
442
453
446
442
428
419
400
413
417
401
408
416
406
414
417
407
402
413
458
474
467
454
481
486
468
450
493
610
665
648
620
640
655
607
549
522
532
530
529
530
531
525
479
465
470
476
468
469
477
481
475
486
483
483
478
471
484
476
484
500
540
566
557
570
590
617
622
580
510
495
495
517
502
495
502
482
390
339
356
372
358
352
367
371
352
357
391
409
379
410
424
386
368
455
614
691
681
655
676
648
599
570
590
590
578
592
585
585
578
580
585
586
584
590
578
573
572
556
555
557
564
565
539
550
535
537
551
545
546
538
555
592
620
613
601
618
612
612
617
595
547
524
529
534
517
524
551
560
544
549
568
542
518
514
521
508
515
515
519
510
530
571
574
561
569
591
589
588
593
604
561
480
438
448
463
459
460
449
459
468
490
499
482
478
505
554
564
564
557
566
573
550
536
540
548
546
543
533
533
556
599
639
628
588
583
598
606
597
603
609
602
599
601
600
590
600
603
603
597
606
602
591
551
515
517
542
529
525
532
541
535
495
480
482
497
475
463
470
460
469
470
464
461
441
428
437
446
444
433
410
396
398
395
422
501
536
530
513
516
532
533
520
522
532
522
529
526
537
532
518
535
523
521
523
528
526
534
527
540
527
529
534
520
519
521
527
532
524
534
534
526
520
523
516
526
531
542
519
522
520
525
518
523
559
525
506
547
566
406
129
