541
527
487
478
468
437
437
442
448
441
441
442
424
391
391
393
444
541
621
587
565
599
602
591
588
598
601
616
632
641
620
612
636
643
623
628
630
601
560
515
529
536
531
529
532
561
618
666
676
639
661
660
670
643
660
665
662
656
657
669
667
655
652
665
638
595
559
567
570
568
565
600
621
613
616
609
604
621
614
598
548
524
524
534
532
525
564
621
661
640
632
636
650
640
617
552
518
523
527
533
518
510
488
457
467
484
477
454
478
502
503
480
510
550
563
574
569
567
559
559
559
566
561
549
547
545
550
542
544
560
586
608
606
590
618
619
578
510
476
481
494
498
513
512
506
511
513
502
515
530
590
609
617
597
596
601
596
612
613
576
518
456
465
488
454
422
426
437
441
412
432
445
427
419
469
547
593
586
579
583
573
555
525
533
541
550
571
559
568
564
555
565
563
540
478
431
450
460
458
449
447
440
487
555
619
620
596
605
618
610
606
618
639
626
608
645
637
586
516
473
462
471
487
478
442
457
479
460
431
506
653
715
690
681
679
697
692
698
675
626
598
601
607
600
591
583
536
508
516
538
517
463
450
456
449
445
441
445
446
452
453
459
457
446
449
437
456
476
479
473
466
453
458
429
456
440
441
407
396
385
401
399
382
381
408
444
460
451
453
465
453
449
459
457
463
460
451
453
457
455
453
452
462
455
457
448
463
460
456
446
452
460
452
456
449
447
446
470
455
455
456
463
454
453
479
547
584
578
584
574
530
531
536
534
524
526
526
530
526
521
525
525
531
535
522
526
526
521
516
524
524
517
519
529
520
521
529
546
520
494
557
577
415
132
