519
469
483
577
644
623
605
640
572
458
402
422
439
431
430
441
431
434
504
536
552
554
564
549
553
548
548
570
616
649
648
621
633
649
639
626
653
632
585
585
611
567
486
448
458
483
470
467
491
461
424
411
399
398
400
405
405
394
456
533
578
585
559
571
572
559
566
551
543
544
545
543
539
552
556
551
557
557
564
559
555
563
562
549
566
578
590
584
588
588
576
592
576
554
546
541
546
541
543
536
558
558
569
556
557
563
582
558
518
499
500
503
497
504
497
495
509
584
614
590
539
530
553
541
550
536
537
541
554
566
579
560
577
576
581
568
565
567
564
564
542
509
515
520
519
502
512
521
498
517
542
534
530
557
633
681
663
629
669
688
634
555
510
516
518
525
521
519
545
576
607
604
597
586
589
592
582
567
586
580
566
534
516
508
518
523
499
499
550
609
636
622
611
623
622
612
606
617
635
593
550
532
524
531
530
525
531
530
553
609
666
657
623
626
655
654
601
529
487
482
505
504
491
490
487
483
445
461
467
478
447
478
477
458
445
510
601
635
632
622
643
618
538
473
485
497
493
482
499
519
552
574
581
583
579
569
584
568
531
521
512
529
523
506
526
582
583
588
586
589
593
559
570
579
562
565
557
562
566
565
560
559
565
559
561
559
570
552
542
521
533
543
524
524
551
630
669
672
651
662
670
680
655
599
574
585
575
583
576
571
581
578
574
574
544
524
522
537
531
526
529
533
513
524
526
527
529
526
534
541
516
525
540
526
516
542
541
514
526
528
527
520
526
532
530
539
536
523
516
530
533
520
520
543
533
504
523
563
522
499
550
578
412
120
