643
615
569
592
614
587
584
582
533
508
510
525
528
547
579
585
568
579
574
556
533
545
552
532
551
608
629
604
606
637
618
611
626
623
583
526
498
512
515
497
497
515
500
499
501
526
605
630
602
496
456
473
484
467
468
476
470
451
479
489
479
465
464
474
471
466
475
476
470
461
445
401
415
424
430
412
411
444
434
415
404
468
577
648
630
632
632
644
623
595
629
634
585
484
469
481
479
480
488
497
465
426
406
420
415
426
428
425
414
472
565
636
622
592
598
587
594
595
593
594
589
575
545
518
525
524
534
518
511
563
623
658
656
641
634
640
646
613
575
534
541
545
543
543
545
546
539
516
520
510
521
505
494
482
479
482
483
491
484
484
478
484
485
488
472
484
489
481
470
458
463
459
461
447
459
454
462
468
476
463
461
473
470
483
496
505
505
516
507
522
526
511
519
532
570
598
603
601
593
587
596
590
587
594
605
588
592
609
605
601
590
608
570
540
509
525
529
521
519
515
525
520
517
518
523
521
518
535
516
518
517
520
529
538
529
523
521
521
524
531
506
470
449
457
465
445
455
459
469
451
436
413
438
437
433
434
442
429
420
431
442
417
409
487
576
646
641
596
595
610
630
576
493
428
422
484
550
596
595
578
586
581
587
578
584
601
584
588
596
577
574
603
636
633
640
646
641
635
600
550
481
456
469
454
402
363
375
397
365
358
437
554
616
620
593
599
617
602
606
602
603
609
615
623
613
600
627
617
606
606
637
616
610
601
602
611
603
616
612
608
606
619
605
609
606
591
541
524
528
535
527
516
527
528
524
523
525
525
532
527
526
507
496
497
493
488
518
536
539
516
513
531
523
522
537
525
527
526
528
525
528
519
527
521
517
538
546
518
528
534
531
535
536
538
531
517
528
526
526
525
529
532
516
531
541
511
527
537
539
517
524
554
514
501
543
573
424
132
