540
508
468
488
502
489
482
507
489
419
373
397
396
391
393
408
413
400
390
401
411
394
401
444
523
579
570
561
565
574
564
561
566
572
546
542
538
543
539
538
547
561
560
565
561
565
575
580
593
592
601
595
593
605
561
517
473
475
502
478
475
478
502
467
395
360
358
371
373
356
369
382
367
363
390
439
469
452
461
466
439
446
475
561
612
591
577
598
639
639
644
621
629
638
611
560
523
528
534
530
534
545
523
465
443
458
460
436
435
467
449
407
368
451
604
683
676
648
644
669
665
647
665
661
639
588
547
569
575
570
561
547
538
524
542
540
538
530
560
587
610
602
611
608
617
628
616
594
615
635
583
498
471
492
482
469
517
624
677
660
649
676
672
652
657
673
627
563
535
554
551
526
540
558
559
544
541
560
511
465
426
423
437
440
427
428
443
441
421
450
515
550
548
536
534
554
537
534
561
572
563
562
573
610
639
630
630
627
624
628
617
579
557
559
564
547
557
553
560
538
515
513
509
514
524
504
514
496
504
501
517
498
497
509
549
556
568
548
557
554
559
558
555
558
553
561
585
585
586
592
582
576
584
591
588
581
559
550
552
546
552
541
551
589
596
599
592
597
596
593
587
601
598
580
607
620
569
489
430
466
454
460
458
461
456
454
449
444
390
361
381
373
377
392
396
369
355
425
559
625
612
603
607
610
604
598
617
613
604
608
626
616
615
614
629
602
606
606
621
610
600
606
613
586
554
533
528
529
523
531
532
546
516
461
455
448
457
463
446
458
466
522
546
543
526
536
534
525
518
527
532
516
524
529
535
528
528
530
528
520
531
534
521
512
525
524
516
524
542
538
521
527
548
514
503
553
582
416
131
