571
541
503
518
540
532
521
522
480
449
454
465
474
447
448
470
465
459
450
460
456
445
450
463
451
461
460
468
462
467
472
456
463
465
474
464
468
468
465
444
429
426
448
437
420
432
439
420
385
352
365
360
362
371
352
362
360
355
360
347
373
387
400
413
407
408
411
415
401
401
407
422
393
378
459
609
700
693
659
680
688
666
659
685
690
661
670
687
687
672
670
696
694
645
601
554
559
576
573
584
606
620
636
613
615
625
625
625
620
626
617
611
622
610
615
629
638
605
509
473
478
491
492
478
488
490
502
448
412
352
361
423
510
561
544
542
539
550
537
526
516
525
514
512
523
526
527
517
522
531
527
530
541
555
546
537
554
604
626
628
620
625
610
584
567
572
575
558
567
571
567
554
560
559
567
571
565
571
577
564
571
560
569
571
574
561
556
562
565
561
571
572
564
561
562
574
565
561
563
564
556
565
580
600
563
521
530
532
527
530
532
539
539
517
502
489
491
498
510
497
492
512
557
576
590
575
568
582
609
626
636
636
626
582
562
561
577
569
564
566
566
588
627
645
648
633
637
643
634
639
633
642
613
571
541
537
552
562
565
555
517
515
523
516
516
512
510
498
488
485
488
477
486
501
478
456
449
444
443
447
449
456
448
442
424
417
431
435
413
394
469
566
635
633
599
604
611
617
617
598
542
502
501
529
525
503
503
509
479
438
415
427
418
413
426
436
432
430
427
431
423
420
439
433
439
451
454
422
437
449
421
370
355
371
370
352
379
381
365
347
409
527
585
566
554
574
574
569
587
617
647
630
624
637
640
630
632
650
639
625
605
596
594
593
599
594
601
597
603
591
578
550
511
520
521
516
508
529
530
522
514
538
539
524
527
536
520
521
525
536
529
521
530
535
526
532
519
520
524
535
540
521
517
541
526
522
531
540
540
521
528
522
534
527
538
529
509
527
545
524
498
548
586
414
118
