683
643
596
627
640
565
497
550
556
497
477
491
486
472
471
493
490
461
448
433
414
431
438
420
403
431
450
442
448
492
537
574
561
549
559
559
559
582
600
598
610
623
587
530
489
500
507
501
493
503
495
480
480
472
478
495
480
477
500
558
603
601
588
597
599
582
567
559
573
576
565
581
569
561
546
562
571
552
559
562
551
544
567
596
602
615
617
586
517
480
476
498
493
492
496
484
492
497
495
494
524
567
588
583
589
589
580
583
603
567
499
475
475
501
478
485
484
495
502
522
506
514
516
510
511
525
567
596
609
596
598
603
606
566
503
468
478
493
476
486
480
488
464
462
456
469
478
519
537
552
529
531
543
521
524
551
630
649
648
645
649
656
649
643
654
659
645
652
659
657
649
642
666
637
585
537
546
560
553
538
563
559
548
547
561
589
604
607
607
567
514
472
478
497
485
479
478
492
487
472
480
475
471
474
507
571
606
612
591
598
604
573
530
509
519
506
452
436
450
446
446
442
448
453
431
412
395
400
399
393
413
431
444
441
443
444
439
439
452
447
430
394
389
376
392
388
392
388
400
386
396
397
407
371
367
444
589
669
667
647
643
661
636
593
579
600
588
591
588
597
596
569
486
459
463
480
479
483
465
457
434
397
399
457
545
625
608
600
594
613
600
586
590
603
601
586
584
590
566
546
524
537
526
520
531
538
524
523
537
541
532
530
536
529
536
525
527
529
529
526
529
517
519
535
524
521
536
534
504
525
552
521
490
540
575
415
129
