494
470
427
452
465
455
444
445
427
399
419
423
419
419
434
427
410
427
473
499
490
485
492
490
488
490
508
486
469
497
538
546
544
540
538
543
545
547
537
554
550
509
449
415
409
418
455
537
596
590
559
557
579
586
561
563
603
623
639
643
637
625
638
643
637
637
607
587
581
591
604
560
506
478
469
489
488
482
472
477
488
486
470
469
479
482
468
475
484
499
483
471
493
480
469
396
390
381
397
385
395
399
379
398
464
487
475
471
479
489
467
466
519
572
595
605
587
583
587
600
583
593
582
595
584
561
556
555
562
556
559
564
557
578
616
632
617
617
630
606
534
484
503
519
509
502
508
507
466
457
461
458
467
454
466
468
445
452
468
459
455
439
445
440
446
457
439
443
438
448
451
444
446
435
447
448
445
444
449
435
411
377
376
396
399
370
377
414
449
479
467
459
476
467
465
471
471
479
471
461
473
471
453
464
456
468
466
467
466
472
498
511
506
505
506
506
518
498
514
512
514
513
514
516
493
511
521
519
506
487
510
505
512
516
511
506
492
514
559
584
587
566
572
597
578
581
585
596
589
545
491
454
457
469
465
457
465
504
557
616
611
605
595
617
601
598
596
614
600
592
613
611
569
493
461
456
454
473
466
468
454
509
617
678
681
661
659
673
659
659
669
661
647
606
578
588
597
592
569
532
500
512
521
512
517
510
504
509
527
508
479
444
459
459
447
457
458
471
458
463
469
466
461
464
467
469
457
461
462
459
453
475
471
485
491
483
479
481
479
471
473
480
473
466
480
488
487
465
444
409
409
400
376
381
388
407
374
365
444
594
673
663
635
638
666
645
660
648
640
595
596
593
591
593
598
596
596
596
574
533
498
503
517
501
460
448
450
465
472
491
483
480
478
483
482
476
496
493
490
466
485
487
491
485
482
483
484
487
484
486
488
471
477
480
485
486
492
518
522
542
523
535
530
534
528
527
539
526
518
534
540
522
537
524
511
519
524
520
531
525
524
520
526
531
538
520
534
535
531
529
521
539
515
509
528
536
504
525
549
530
498
555
574
414
118
