617
585
546
565
575
561
569
621
643
617
611
612
621
628
600
537
501
517
544
490
422
394
405
403
399
400
408
397
404
415
426
419
403
404
416
417
409
396
493
633
701
690
666
677
693
680
647
621
599
593
595
600
611
606
603
600
578
578
593
591
565
505
486
479
487
485
486
478
488
493
484
434
389
379
397
387
395
405
388
398
397
404
397
409
395
405
395
390
413
464
501
492
484
505
555
573
570
551
534
533
529
535
541
535
532
532
547
534
518
544
573
596
592
589
586
581
595
589
582
579
569
571
574
565
558
589
642
662
661
620
569
531
516
543
540
517
476
453
453
483
457
461
465
458
458
467
500
513
512
503
516
506
507
520
572
613
607
579
604
622
577
508
478
488
495
484
482
489
490
487
502
500
502
505
500
497
494
509
549
568
553
551
557
560
546
543
528
511
507
514
512
504
509
516
508
509
539
608
644
634
614
629
646
638
608
567
538
542
559
555
552
550
547
548
549
548
545
561
540
519
506
495
519
502
513
506
492
445
429
438
439
436
438
449
445
436
427
439
445
435
432
433
439
439
432
450
437
434
439
440
428
436
449
450
440
460
467
443
418
509
630
719
696
679
696
700
686
681
670
613
586
590
603
597
587
592
601
570
529
505
505
507
499
513
513
496
461
463
464
457
463
447
431
425
432
425
414
426
427
408
377
354
405
438
438
414
418
438
418
407
474
586
632
640
627
616
624
615
636
601
542
512
517
523
481
464
467
458
457
454
462
481
473
476
483
485
475
479
485
477
473
466
481
521
537
527
512
517
531
525
514
542
524
512
529
527
527
521
534
531
526
534
527
532
527
538
525
524
514
530
526
512
517
550
525
508
553
570
408
119
