582
554
538
591
644
624
600
629
633
611
581
572
538
506
540
550
521
511
546
576
571
584
608
556
494
480
483
477
481
489
506
478
432
418
425
426
426
431
411
408
442
480
497
480
477
491
483
481
486
535
545
558
547
538
545
550
552
537
514
498
496
503
516
500
499
521
587
641
621
604
621
630
580
483
447
453
460
466
448
453
444
473
553
579
575
566
573
588
578
581
584
592
567
569
578
587
573
582
577
576
575
595
580
580
585
576
566
571
572
564
581
573
592
620
628
622
636
618
632
629
616
580
576
565
565
573
570
573
564
565
576
573
597
598
593
597
593
578
573
565
563
561
556
560
565
566
547
520
494
513
523
516
513
513
526
518
507
536
580
622
617
615
614
589
538
508
517
518
529
501
451
421
423
440
426
417
430
434
431
430
421
440
441
430
440
430
419
439
441
418
415
479
571
616
603
605
607
603
597
606
569
509
459
466
494
465
464
467
473
486
496
497
480
489
496
488
467
522
596
639
622
617
631
636
629
611
563
529
518
535
532
519
479
454
469
478
457
435
434
425
425
437
429
422
420
431
431
445
440
447
449
428
443
446
441
428
452
471
473
474
477
481
477
454
453
449
447
449
459
443
441
442
438
424
434
442
420
414
466
583
630
610
609
626
588
516
472
484
489
496
490
460
418
381
392
399
390
393
398
424
423
449
467
440
436
451
447
439
490
590
661
629
616
636
651
601
545
516
526
522
503
512
522
505
511
500
520
514
507
510
512
505
512
506
496
493
495
524
547
529
525
531
538
529
532
540
535
538
534
526
537
526
518
529
518
534
532
528
517
517
524
518
513
529
520
539
526
529
527
519
527
527
524
513
534
527
522
537
526
535
530
537
538
522
521
545
534
518
525
530
528
534
543
542
514
527
549
525
505
551
571
410
137
