479
485
434
445
474
464
426
436
438
424
425
421
425
418
418
430
419
410
407
406
401
394
409
418
392
370
439
560
632
583
548
534
540
534
533
513
525
531
551
601
622
610
607
610
615
599
601
608
605
599
598
605
603
615
600
608
601
616
609
603
607
601
609
606
604
618
609
587
546
522
524
536
537
519
485
483
492
484
482
477
492
485
459
453
460
444
449
459
447
446
460
452
454
463
451
447
428
449
447
431
452
465
442
426
471
568
616
592
608
630
568
505
523
634
724
697
643
621
593
583
591
598
596
585
593
573
494
447
472
491
465
426
414
438
431
424
433
433
420
421
461
556
608
612
584
584
600
613
584
539
525
507
525
527
520
516
530
560
594
576
573
574
588
570
598
623
619
616
604
620
621
578
511
488
487
493
502
509
491
482
542
636
707
689
660
678
700
686
666
693
691
654
608
576
568
584
555
525
480
489
504
494
473
508
548
561
554
564
558
553
574
574
563
572
564
570
577
576
585
588
581
583
582
598
592
562
513
481
478
498
504
469
479
540
629
692
711
669
670
700
700
659
588
549
544
564
566
545
557
570
563
536
505
469
466
478
497
469
455
521
632
701
698
658
620
587
583
593
618
570
486
449
455
474
454
460
463
448
383
354
369
389
366
353
425
515
560
548
540
542
545
527
561
575
578
575
583
580
579
575
587
584
582
570
574
580
588
583
589
593
588
598
588
585
599
600
579
541
526
537
533
518
515
517
531
542
507
475
449
467
466
457
452
460
459
455
474
527
538
532
524
537
537
522
537
536
527
518
539
529
517
528
536
534
534
530
528
531
532
533
521
534
527
521
519
538
520
520
524
541
527
527
523
535
527
513
529
543
524
513
536
527
511
517
559
529
503
555
572
401
129
