656
630
581
616
642
593
588
633
591
473
435
460
471
442
451
468
447
426
437
413
400
406
431
405
379
463
613
679
664
642
651
658
655
664
673
671
655
658
642
587
539
562
554
558
561
555
568
542
541
531
549
563
547
540
556
545
548
560
554
579
601
606
597
586
609
606
543
493
455
455
474
470
463
459
470
450
445
429
442
439
434
427
442
443
426
416
460
579
625
609
598
617
590
517
480
482
504
496
472
490
488
482
470
483
483
481
478
467
478
476
477
477
488
480
487
491
486
478
419
398
399
413
402
397
398
418
409
390
409
400
398
390
404
398
404
403
393
392
400
392
397
409
409
423
401
395
389
395
392
395
405
411
406
407
405
397
394
421
486
530
506
506
511
519
501
503
547
593
612
614
602
609
615
604
597
598
611
588
526
495
504
509
510
517
522
491
470
451
450
450
464
442
438
438
422
425
427
437
436
429
424
409
402
388
385
420
458
467
483
474
479
468
475
466
466
470
465
470
476
484
475
470
486
541
548
537
547
549
545
538
539
530
524
527
522
523
513
517
533
578
606
604
599
596
590
593
587
586
566
554
555
560
565
549
565
568
558
542
527
507
501
509
508
523
507
497
524
589
626
622
606
601
620
628
618
584
510
464
465
477
480
465
467
515
574
616
606
601
593
604
596
581
603
607
598
593
592
600
599
603
606
593
586
601
606
577
546
523
521
524
530
525
522
525
563
598
603
618
589
606
609
608
592
595
603
601
577
506
459
454
482
493
470
467
459
491
562
605
596
584
593
600
596
587
601
597
607
581
515
490
494
498
494
497
504
527
512
520
518
504
518
506
503
550
619
669
649
646
652
663
658
654
653
649
652
664
671
642
602
588
589
603
592
588
568
558
551
554
548
554
548
549
551
569
536
484
473
480
483
505
515
528
521
524
524
537
522
525
538
524
525
523
549
541
514
532
527
522
522
539
531
529
536
538
522
510
521
536
518
526
551
525
500
550
573
406
131
