661
632
582
602
630
613
576
556
537
513
527
532
518
518
528
523
491
474
501
500
485
494
497
486
502
507
489
456
444
472
448
422
411
415
412
408
418
408
402
386
397
393
380
416
461
494
491
485
488
474
499
556
571
585
566
573
580
577
603
619
614
618
610
616
617
614
599
539
489
463
470
467
463
463
469
466
466
462
470
475
503
508
483
506
498
498
486
493
488
461
438
460
451
458
443
463
479
487
494
490
489
483
511
600
650
655
638
617
560
512
525
542
534
517
526
541
533
525
532
536
521
533
535
505
485
494
496
484
475
499
506
481
430
405
406
410
419
409
413
392
400
393
400
390
396
386
379
379
404
390
387
401
412
378
374
453
588
662
656
641
631
614
585
583
584
598
594
588
589
585
603
573
515
490
473
506
492
483
487
499
508
457
411
390
387
398
400
420
429
434
421
434
436
429
419
466
572
635
619
600
605
622
626
604
598
548
525
528
542
519
510
538
564
576
575
570
568
564
538
532
526
537
536
523
518
551
636
687
700
677
671
701
691
664
625
587
599
617
600
589
600
603
585
534
521
517
522
511
523
531
502
458
433
446
443
451
445
448
438
440
448
447
446
478
490
475
466
517
600
635
612
616
627
620
614
634
636
598
533
507
508
532
515
513
510
514
520
513
510
542
590
631
628
606
601
634
644
595
534
492
497
512
514
502
501
495
468
451
459
461
467
464
462
462
464
440
453
459
439
447
474
518
515
529
526
523
537
521
518
534
528
524
522
534
536
527
516
545
540
528
537
540
533
526
529
541
526
517
527
528
522
532
534
534
530
519
532
517
528
544
536
508
525
533
528
523
533
534
536
523
537
531
514
526
540
528
491
551
578
419
120
