665
636
568
595
626
605
567
557
528
504
538
536
527
528
519
500
491
486
511
498
477
480
512
485
466
464
465
460
450
468
468
462
441
435
402
411
416
400
402
412
403
381
393
386
385
382
397
474
489
480
485
497
486
482
494
551
585
581
564
588
587
583
573
575
586
610
607
623
609
610
623
616
585
531
505
516
499
486
451
468
475
470
473
471
486
489
493
498
493
502
497
488
499
498
501
485
492
497
482
463
452
460
454
450
445
460
459
443
457
489
492
483
480
495
481
465
516
613
646
626
638
652
607
556
517
547
540
526
513
508
486
483
499
491
497
483
484
493
488
491
502
493
475
506
507
475
434
415
415
403
410
405
399
407
417
417
413
410
412
410
391
387
403
383
366
444
575
680
659
623
645
665
620
588
591
597
568
507
469
492
496
501
500
494
495
498
493
506
496
495
510
493
509
496
481
493
516
480
423
382
391
391
393
383
396
415
431
441
429
422
418
444
426
412
457
583
634
596
533
518
516
522
527
566
581
572
571
587
562
567
573
546
527
515
573
647
702
683
659
675
684
678
691
675
627
603
609
612
601
598
609
607
619
590
545
522
524
537
534
512
524
509
525
532
538
510
459
436
461
471
491
484
481
476
469
472
469
470
507
590
636
624
596
630
620
617
618
622
627
588
546
524
513
524
526
513
501
526
534
590
622
635
596
527
487
506
507
504
491
473
464
455
467
462
469
475
449
453
450
459
462
444
442
470
510
544
530
520
524
544
536
522
524
535
516
527
530
546
527
531
528
527
517
537
533
517
519
536
532
513
525
551
534
498
543
573
415
130
