518
504
452
461
530
587
591
613
609
605
594
599
623
616
573
505
461
463
484
458
470
464
424
397
448
554
607
588
579
594
594
579
540
516
507
510
519
519
506
486
449
427
409
434
421
425
424
430
435
398
372
337
354
352
355
360
348
347
379
448
488
462
465
485
481
470
464
499
558
612
601
566
508
463
485
482
488
467
473
487
478
479
488
487
488
469
475
505
565
602
605
594
569
595
597
586
559
552
552
538
545
557
563
537
549
570
598
626
616
618
605
624
630
571
478
435
433
443
454
437
425
429
464
563
630
628
605
623
637
596
525
486
502
516
499
500
502
488
492
486
490
500
485
488
499
553
586
589
556
573
591
565
506
499
525
520
506
509
512
485
450
445
429
435
437
453
427
382
365
372
374
363
366
371
381
374
385
392
378
385
378
379
376
419
541
604
602
573
575
596
578
576
592
589
588
581
590
591
585
584
586
589
586
593
596
595
557
532
521
504
507
535
574
613
616
598
592
593
580
575
589
590
582
590
571
517
485
492
493
500
487
497
500
489
499
491
494
496
496
493
508
544
581
593
571
576
587
576
566
575
590
602
631
632
632
616
633
641
596
514
473
479
492
471
456
513
579
613
612
601
599
606
606
594
603
589
589
594
593
587
585
592
560
542
533
544
544
539
548
529
537
542
567
558
548
562
561
550
565
572
534
488
470
474
493
509
526
535
529
526
540
537
522
518
540
528
520
523
529
530
530
524
543
525
529
515
525
511
532
533
527
528
546
544
525
520
532
523
530
534
539
505
519
550
526
503
542
577
408
129
