575
547
489
521
547
529
500
523
540
526
503
476
455
442
453
463
450
446
449
470
445
443
468
464
468
465
468
454
425
431
447
436
414
386
343
359
363
367
343
349
374
405
395
407
407
417
400
389
474
613
703
701
661
666
688
679
646
598
563
572
576
595
599
627
635
605
612
635
627
608
525
470
480
495
499
460
410
367
368
376
382
376
371
381
390
351
356
420
504
555
553
549
543
551
552
532
524
526
514
514
521
526
536
545
535
533
535
541
536
570
585
633
633
605
598
625
627
603
591
568
565
568
572
568
560
565
562
562
579
564
561
552
571
568
566
574
565
565
564
562
571
558
558
558
563
578
583
623
624
621
624
640
612
557
516
542
551
539
531
534
534
530
505
511
498
498
501
490
491
515
560
588
563
560
562
582
557
587
622
640
635
631
631
617
624
629
631
575
553
587
629
637
621
629
636
636
648
635
620
564
541
538
556
546
521
525
513
524
509
517
506
516
511
489
482
488
487
479
497
484
480
501
484
477
452
446
454
454
452
444
442
430
411
434
417
416
401
463
576
627
630
610
623
626
613
600
618
627
587
534
511
508
524
522
507
508
521
510
514
511
517
496
453
413
421
425
434
417
427
432
422
433
436
426
429
438
435
419
433
448
425
379
365
369
361
358
365
370
352
345
401
529
575
578
556
562
578
575
565
571
591
609
636
627
642
635
628
632
640
637
631
631
631
644
638
642
630
613
603
593
604
598
594
581
539
509
511
518
509
511
512
525
530
523
537
533
523
527
540
533
524
538
531
528
531
533
533
527
534
542
524
518
531
535
526
529
522
534
502
529
539
521
492
544
577
412
141
