656
633
560
592
621
603
564
552
529
520
520
540
526
523
505
547
584
600
608
603
600
604
612
595
584
584
591
595
583
587
591
590
558
535
496
486
510
515
498
506
463
441
442
462
467
448
450
445
453
454
464
479
473
461
467
475
470
468
444
439
432
438
445
439
436
417
400
409
413
421
400
408
432
463
480
471
477
468
462
512
609
654
656
624
642
660
621
548
527
532
536
535
535
522
523
525
516
494
463
466
466
474
457
465
478
480
474
487
476
467
482
485
473
473
463
481
468
462
492
536
572
601
615
612
598
612
621
576
511
484
493
501
521
519
470
383
345
357
376
355
362
372
358
355
358
362
374
400
426
389
381
462
598
691
692
649
657
666
676
646
614
587
574
579
597
588
584
582
582
589
587
568
549
560
573
562
539
548
550
551
539
540
537
553
583
619
621
618
606
618
611
593
546
514
521
538
526
525
534
556
559
557
554
549
555
563
548
534
524
526
531
547
548
571
569
566
562
564
563
576
575
574
594
600
594
581
582
587
583
587
591
577
583
590
590
581
579
588
592
588
588
584
579
588
599
560
484
439
449
469
458
456
456
460
455
452
444
453
446
461
476
492
488
481
476
503
538
566
574
552
560
567
563
554
540
543
533
542
546
542
526
566
599
625
615
620
620
619
628
619
616
603
601
602
605
598
605
608
616
597
602
602
573
526
527
521
519
523
508
485
468
480
486
493
486
477
475
477
463
456
460
471
468
458
458
428
426
444
424
428
412
380
399
413
409
386
430
490
555
525
517
522
528
530
521
528
531
519
528
527
530
529
528
534
526
522
526
532
519
533
536
515
518
543
538
525
525
546
522
494
549
576
410
129
