597
578
533
555
583
550
557
583
571
548
551
566
568
554
560
569
561
558
577
606
626
627
621
633
619
585
528
515
508
516
529
582
609
606
586
613
610
611
593
600
598
589
605
605
596
606
618
570
506
472
483
482
478
489
504
472
411
349
367
376
368
370
378
379
379
378
369
408
513
563
546
524
558
570
578
565
568
564
562
566
579
565
581
591
595
585
594
604
564
495
458
456
482
473
461
451
501
587
620
630
622
613
627
626
614
634
630
621
620
624
631
607
616
633
628
601
562
541
547
531
523
511
520
523
518
508
508
503
493
477
495
493
496
493
491
498
491
485
495
495
494
483
491
500
483
467
468
454
452
452
461
445
430
428
432
427
431
425
431
437
434
428
423
428
428
437
425
421
422
430
439
460
480
490
496
490
507
506
501
487
505
509
501
495
505
514
501
502
505
511
509
510
511
500
500
508
504
498
500
490
497
500
500
504
498
494
503
514
485
489
493
492
491
501
504
490
469
470
460
462
463
462
478
472
462
461
474
471
474
476
469
477
464
476
475
479
475
475
451
452
451
457
445
457
457
439
435
433
413
424
406
430
404
403
462
569
634
636
611
604
622
619
614
610
622
618
592
515
477
486
493
484
464
480
487
477
502
575
604
597
585
589
603
607
562
466
419
427
454
431
424
435
433
385
362
381
382
374
371
381
359
351
424
552
601
587
570
596
606
581
594
624
653
653
638
641
645
645
624
584
573
587
558
525
478
493
507
491
493
504
506
524
538
538
518
525
531
539
523
518
526
553
546
529
522
522
529
526
539
539
527
541
531
532
528
531
528
520
520
535
521
523
530
548
527
523
535
533
516
522
549
526
505
545
583
414
125
