648
621
562
596
628
612
577
554
522
503
532
532
520
538
590
623
607
596
616
603
590
585
593
594
595
580
592
593
568
539
506
511
520
509
498
510
523
500
463
439
445
455
443
449
459
452
444
469
472
469
457
479
476
462
465
472
472
440
441
438
453
442
439
434
447
433
434
440
452
441
436
410
411
413
422
402
406
410
414
408
406
406
417
462
494
482
472
480
491
466
451
516
599
649
645
636
627
635
650
655
624
565
520
520
537
526
521
534
539
540
511
482
461
458
472
477
464
482
480
465
476
465
479
478
468
469
463
492
538
568
568
562
592
607
607
603
614
625
609
600
620
613
573
528
508
498
500
507
495
488
518
515
451
388
348
344
357
359
352
396
387
411
393
400
402
424
388
370
466
609
692
678
656
661
679
665
658
669
672
653
659
668
670
662
677
683
673
664
668
669
668
662
668
667
665
669
662
663
665
674
668
652
665
675
668
665
676
678
638
602
575
573
587
576
576
594
582
585
581
585
593
571
589
582
583
574
564
563
559
558
567
561
555
560
571
574
572
540
544
547
546
549
545
544
535
541
549
536
548
543
546
557
551
548
548
552
542
538
536
544
555
543
535
560
599
610
618
602
608
621
615
595
540
517
521
534
533
514
518
534
516
526
532
535
544
551
551
553
547
565
546
514
517
507
513
505
519
519
510
523
549
568
573
563
571
567
564
572
587
589
603
582
589
587
595
589
590
589
582
592
581
594
591
551
480
440
445
456
453
454
448
457
475
482
490
482
480
494
498
493
477
486
490
489
477
510
541
570
569
547
532
525
544
527
543
541
525
524
550
612
635
618
614
613
625
608
621
633
615
603
586
593
599
600
600
612
591
555
522
519
533
516
524
537
521
484
475
491
495
470
466
467
468
448
437
434
431
431
426
439
428
424
411
405
393
410
414
393
384
443
504
540
531
525
521
530
535
527
534
516
530
527
528
516
515
516
514
515
525
525
522
521
527
521
538
542
530
515
526
548
521
525
532
536
517
533
535
514
514
539
544
513
519
554
517
491
546
577
406
122
