604
582
517
563
595
600
607
630
629
623
615
628
625
617
621
623
615
625
613
634
643
609
541
512
519
523
515
522
537
497
434
378
383
401
399
396
392
395
425
425
405
411
423
390
388
476
628
716
687
602
582
600
609
599
589
603
605
611
605
607
599
596
601
609
601
595
604
589
580
575
601
587
573
510
484
478
499
484
481
489
498
494
490
493
465
413
392
391
408
403
391
383
421
476
495
487
491
552
573
564
556
569
561
542
516
531
537
535
522
524
548
583
596
595
597
601
586
581
586
598
596
589
589
597
590
592
594
587
586
598
597
591
574
573
554
570
573
570
559
560
582
628
661
651
637
643
664
655
611
556
529
539
531
485
454
453
462
460
451
454
486
504
511
521
517
518
506
506
527
566
608
607
586
594
604
599
579
515
479
470
485
496
492
496
511
504
494
485
510
538
569
568
566
562
562
573
563
547
533
509
515
529
523
520
505
545
589
631
627
634
632
633
636
645
622
568
536
539
559
549
541
553
543
513
493
497
511
500
486
460
437
432
454
449
425
432
443
457
446
454
458
419
429
500
633
719
706
672
680
701
706
669
625
592
596
608
592
596
607
578
536
490
499
523
500
498
497
516
509
491
475
454
432
404
428
436
420
420
432
430
399
367
354
344
351
355
361
347
375
429
422
411
477
579
646
632
612
641
626
608
624
636
602
531
493
505
515
515
512
531
504
474
464
470
462
467
462
468
477
483
488
485
485
497
480
483
477
468
473
493
522
529
542
541
525
534
522
526
533
526
523
526
527
533
533
515
519
539
533
515
522
536
535
515
522
545
519
499
545
584
422
139
