497
462
425
451
464
422
406
421
425
391
414
479
486
487
482
502
485
480
506
532
547
549
556
542
541
552
522
451
412
436
445
424
413
443
451
415
401
455
530
576
595
614
642
646
632
653
641
642
640
629
602
580
567
589
600
587
582
594
581
580
590
591
558
505
482
476
477
476
479
474
477
479
487
484
480
487
482
479
472
478
478
487
493
478
477
481
477
487
467
412
379
385
397
385
385
390
410
391
371
402
458
480
461
463
473
476
470
497
574
590
597
588
595
589
586
589
577
582
555
559
556
548
547
561
610
629
622
614
627
627
600
520
488
510
516
499
491
491
483
456
458
459
436
438
444
457
448
437
457
442
442
433
454
442
439
442
454
442
424
404
396
379
382
413
447
467
474
471
466
465
472
464
467
476
473
474
465
456
483
502
519
504
514
565
598
583
569
577
584
589
574
589
589
564
548
501
449
448
507
579
607
595
614
622
578
497
461
458
470
465
474
450
449
507
619
681
659
650
658
676
667
641
609
591
579
592
601
565
529
508
510
520
517
520
515
520
502
471
453
466
465
459
465
462
470
460
458
464
467
458
475
478
470
466
487
487
476
483
481
477
471
475
485
481
482
479
486
489
476
491
474
471
483
479
464
478
473
481
479
472
486
478
447
409
412
405
406
423
418
396
400
399
399
380
376
397
371
365
450
588
681
666
621
604
604
590
573
538
520
498
465
449
448
450
451
443
446
466
486
477
496
483
473
495
477
500
527
531
531
518
533
536
529
527
528
534
528
530
538
525
526
522
529
536
529
526
530
529
517
532
545
527
513
531
532
521
549
537
526
515
529
528
514
527
548
530
500
553
577
401
127
