581
576
530
541
577
556
548
570
558
555
547
556
595
607
626
634
630
629
633
636
633
585
548
500
500
516
517
500
506
541
580
604
612
607
608
604
601
602
597
610
604
605
620
609
606
588
617
606
570
508
472
474
477
484
483
477
472
479
453
387
354
378
382
366
373
371
365
367
410
510
557
543
534
554
555
532
537
556
569
567
575
571
570
569
572
574
578
590
609
588
563
506
452
447
488
584
631
626
621
613
629
628
625
615
622
617
632
643
607
562
539
537
547
548
551
537
537
544
542
524
511
508
517
515
526
514
510
502
492
497
486
495
484
496
501
478
495
488
488
485
493
495
492
479
486
500
490
481
492
487
489
489
477
468
464
443
453
450
458
473
464
457
435
422
429
438
419
430
423
422
453
461
451
455
448
442
445
455
484
506
501
496
493
500
486
488
492
503
513
493
519
513
506
512
508
505
506
509
494
490
492
497
489
488
484
492
493
497
493
499
503
498
500
498
490
482
488
495
495
493
499
497
473
447
453
474
458
470
457
461
466
464
459
465
457
462
472
472
476
469
480
466
471
470
475
475
469
470
475
470
481
475
460
443
448
448
460
449
444
457
463
446
439
427
400
396
456
565
629
644
601
592
617
632
581
511
482
478
477
497
477
477
504
568
608
598
579
581
607
561
465
420
432
445
429
426
448
440
393
365
380
370
377
379
361
353
422
544
613
595
585
627
643
639
626
651
628
586
561
577
595
582
564
588
591
556
511
492
484
499
496
499
512
521
523
522
526
528
525
534
523
531
529
532
524
524
524
514
539
529
520
511
527
534
525
524
535
525
521
529
530
518
515
538
530
523
532
541
517
491
545
589
415
129
