679
643
603
629
646
614
583
590
588
583
587
554
520
482
509
504
499
481
508
513
499
512
493
469
442
460
461
449
446
466
451
451
439
446
440
431
440
436
452
447
442
431
424
416
425
439
422
424
429
424
447
445
442
441
441
443
449
470
472
481
467
457
459
450
452
474
477
475
468
472
485
472
480
486
477
471
495
573
609
612
593
596
596
592
584
604
611
590
603
588
591
597
590
595
592
594
599
592
596
592
598
608
593
597
589
583
592
582
559
487
460
469
480
481
469
475
485
477
472
495
473
465
508
588
629
623
611
633
625
610
595
591
602
581
591
609
581
533
519
507
510
512
515
507
470
445
447
451
455
449
461
482
493
493
481
478
491
484
479
466
516
579
612
618
605
609
615
610
607
594
583
583
584
589
587
593
567
514
483
474
499
495
487
496
508
503
470
447
414
425
414
420
420
428
437
454
460
457
456
460
454
456
452
461
476
456
459
460
470
460
465
447
444
484
511
550
545
525
536
544
539
528
540
575
604
596
607
610
572
480
479
489
485
487
482
481
471
522
570
602
592
610
605
605
615
609
568
509
451
456
479
462
468
484
476
445
411
399
388
393
406
405
389
399
411
390
391
420
399
392
391
419
393
357
462
601
657
644
628
644
651
637
641
629
588
542
544
556
524
505
510
515
507
500
507
529
515
519
536
525
536
522
526
559
622
658
652
641
636
655
661
630
596
569
581
583
590
583
579
595
597
590
582
585
596
585
580
592
598
579
587
593
575
570
577
593
576
565
579
586
552
499
466
469
487
476
476
479
473
472
492
519
533
532
523
519
521
532
533
535
521
522
526
524
521
524
527
531
534
524
524
536
530
508
525
540
531
520
529
535
514
521
535
528
518
520
540
526
504
550
574
409
132
