691
655
600
623
642
619
608
640
622
579
577
590
577
573
583
591
577
573
587
566
504
496
509
499
495
509
511
486
464
467
461
452
459
455
448
443
444
454
430
429
417
418
418
423
422
428
428
434
436
429
442
452
438
443
450
474
477
470
472
467
470
470
472
461
483
472
475
455
463
453
453
466
474
482
477
485
486
474
454
502
580
614
603
594
600
607
582
598
596
598
584
597
590
592
594
594
595
581
594
599
585
586
584
587
579
592
602
559
501
457
478
482
490
478
502
484
477
482
483
486
462
511
591
629
620
621
626
628
624
627
615
602
585
595
606
599
606
609
578
528
512
509
509
508
512
516
527
503
464
456
458
473
487
482
494
483
483
500
585
631
623
601
581
597
578
577
573
597
555
509
488
489
486
497
489
467
434
415
426
424
421
430
453
452
457
448
455
457
467
455
456
449
474
456
445
470
517
556
542
528
539
546
539
527
553
585
598
597
592
589
597
602
552
506
473
478
496
483
473
481
486
489
473
499
569
612
610
599
608
618
582
502
437
453
480
473
462
465
476
449
400
391
396
403
395
380
457
572
649
661
616
643
645
658
615
571
551
545
562
565
562
550
559
561
563
551
544
552
552
546
557
567
563
556
565
545
517
505
508
515
518
533
547
519
512
555
619
669
655
646
648
659
659
615
587
578
580
581
578
590
587
577
584
580
583
585
581
586
588
584
592
582
578
575
593
593
553
506
472
464
469
485
477
470
478
487
519
540
535
524
525
523
530
531
523
531
528
526
527
535
530
529
529
530
532
521
533
523
525
533
528
517
513
538
536
528
525
533
542
523
525
547
512
498
553
573
409
130
