608
581
524
561
577
547
546
602
614
619
647
643
587
538
523
519
500
528
536
495
419
383
387
412
421
417
410
394
471
623
706
698
659
685
701
676
667
654
618
588
600
614
607
587
599
605
585
588
576
598
585
589
584
587
585
592
581
584
585
583
587
574
591
564
513
466
498
490
472
479
507
469
422
381
396
410
386
393
431
468
489
488
481
492
473
483
508
486
485
509
536
574
582
563
571
567
577
552
532
545
541
533
528
552
579
589
598
583
590
585
582
588
578
580
585
568
551
592
624
653
645
668
671
635
556
532
530
541
540
534
515
473
458
455
473
460
469
465
508
514
505
504
501
517
576
599
604
594
605
599
606
602
567
514
485
494
491
477
487
498
495
501
495
502
494
486
495
497
502
502
511
496
491
498
497
504
498
507
490
493
519
543
569
565
564
559
563
557
544
531
511
515
518
519
511
510
517
513
517
543
615
637
631
618
648
647
651
599
573
552
546
550
540
553
553
545
540
546
537
530
529
553
549
546
556
557
537
517
498
508
518
507
506
503
497
515
507
504
511
511
490
459
428
431
451
440
439
428
441
438
444
450
466
428
421
510
642
705
693
679
688
704
705
674
608
588
595
607
577
529
501
502
511
496
498
500
494
471
452
457
469
466
458
463
466
453
432
408
439
434
397
375
354
354
342
382
416
421
425
472
580
658
638
581
531
510
507
516
518
519
516
504
475
464
468
459
466
473
471
472
473
468
460
466
467
465
466
448
457
463
469
465
468
460
470
468
461
459
463
450
449
485
487
490
479
491
479
486
472
483
496
472
474
483
486
471
486
512
523
527
528
531
539
536
519
532
524
529
532
529
518
525
538
522
524
521
525
532
532
535
533
523
527
538
522
518
534
532
512
531
551
527
505
544
578
418
130
