529
502
468
485
508
505
452
422
392
379
399
407
386
387
393
388
385
407
411
402
394
418
408
385
437
522
578
571
549
577
563
570
560
548
538
529
534
548
544
527
540
542
533
544
539
546
527
533
542
532
539
530
541
538
549
531
525
549
566
571
560
569
576
568
570
572
575
561
565
583
593
591
597
572
507
480
496
507
448
400
364
373
374
376
350
359
385
442
458
449
478
544
610
602
568
581
600
615
627
657
632
606
576
519
460
443
467
458
421
415
410
389
374
458
590
678
681
642
620
588
559
564
581
558
536
531
543
552
529
539
561
604
625
623
624
609
616
634
633
580
524
468
468
472
483
458
461
523
604
669
655
640
666
678
631
563
541
547
531
469
416
430
438
443
434
419
458
514
548
554
544
532
546
530
532
560
580
563
559
561
557
551
576
615
627
617
628
636
610
576
549
553
555
556
561
566
559
523
511
508
509
522
515
524
508
514
517
519
496
495
507
504
494
495
515
539
548
552
552
547
557
552
557
540
557
564
564
564
564
553
574
557
561
559
586
587
584
573
584
582
562
537
554
550
546
548
557
553
544
552
549
543
545
557
537
543
561
594
599
581
594
608
589
580
600
607
556
489
454
443
457
453
457
430
407
381
380
383
379
380
363
368
436
561
635
617
609
602
626
604
605
607
619
609
610
621
621
615
613
629
596
561
522
516
541
527
519
536
550
510
469
455
453
459
450
457
462
461
457
446
456
457
466
514
533
552
518
525
519
550
533
515
524
521
537
524
521
537
526
521
528
526
528
520
532
526
528
527
537
517
521
543
536
515
510
543
519
499
552
564
409
141
