621
582
547
553
585
551
546
579
570
563
556
587
573
559
576
580
569
574
586
593
600
603
605
602
598
597
597
616
609
602
589
569
585
597
560
498
488
488
499
497
493
509
485
490
496
475
465
445
465
458
450
449
453
467
488
463
475
484
474
470
477
470
481
485
486
468
459
466
461
461
465
463
472
460
431
413
417
407
412
424
415
393
376
342
340
350
359
340
342
371
443
460
450
455
455
457
448
449
454
443
458
456
446
448
480
581
636
631
612
619
614
609
605
610
616
597
588
595
606
588
599
593
594
591
599
597
580
526
502
518
521
501
476
448
448
455
451
460
471
460
460
468
453
437
416
418
432
430
424
426
429
426
432
417
424
426
412
423
415
421
428
429
419
407
412
383
406
409
394
384
449
574
626
617
599
602
618
610
595
619
619
578
527
498
495
515
511
503
507
501
502
516
527
550
544
541
532
540
537
534
580
597
586
588
589
603
598
562
520
490
488
511
501
492
483
525
578
600
610
601
600
607
616
569
518
489
492
504
488
486
500
494
490
489
493
490
482
465
436
446
446
448
434
447
459
473
474
481
467
475
485
480
479
483
489
486
484
455
451
446
449
459
445
450
469
450
423
406
408
410
414
410
401
403
405
408
409
399
397
418
403
408
422
473
483
469
474
476
470
457
485
563
594
601
579
587
563
582
588
615
631
631
604
545
510
538
543
511
470
455
453
468
468
447
412
410
405
402
410
413
402
382
448
571
607
545
481
502
516
517
509
513
509
511
515
552
579
559
558
573
575
566
559
546
529
527
523
528
508
523
531
530
524
518
532
529
513
531
536
542
522
542
540
529
535
527
528
525
534
542
535
521
530
523
514
530
542
512
505
553
577
408
124
