544
535
486
500
516
509
497
508
469
415
438
453
450
435
466
441
402
394
412
405
387
408
428
391
374
447
544
607
595
585
588
603
599
615
638
641
621
628
636
632
607
561
514
522
529
548
529
526
541
533
527
520
543
625
668
662
648
661
673
650
582
549
566
570
572
569
572
582
560
568
574
565
570
562
557
562
557
564
565
549
563
573
554
572
571
570
562
567
571
565
565
567
565
568
564
561
561
558
567
586
608
620
617
611
620
607
609
618
599
556
521
537
555
528
530
530
543
522
520
541
526
519
564
615
655
646
633
639
635
634
648
621
551
514
523
534
536
539
532
516
485
469
470
476
477
477
477
471
476
487
497
500
494
493
488
513
539
570
550
551
569
578
559
557
539
539
535
550
551
536
555
583
616
610
572
502
472
477
495
488
472
493
486
500
490
495
491
479
491
484
488
484
507
529
521
500
507
533
582
602
611
600
594
610
617
570
511
461
468
474
475
464
433
433
431
429
430
420
438
422
428
438
433
416
418
455
541
580
583
576
589
589
591
563
548
525
529
542
542
556
577
571
567
556
560
586
582
534
487
448
431
452
461
437
443
481
565
616
626
598
624
598
607
619
616
624
610
620
608
621
634
597
508
463
459
464
436
435
508
635
704
704
678
685
704
698
675
623
595
597
604
602
611
606
581
536
511
489
471
448
449
451
458
443
456
462
456
439
455
452
442
447
462
474
486
475
475
495
474
476
479
476
454
437
451
455
457
441
464
450
423
406
382
391
395
409
392
382
423
453
464
464
458
465
446
434
493
558
598
586
564
575
591
577
536
519
523
524
523
533
537
531
525
525
530
524
525
539
537
514
531
539
535
512
534
541
534
525
532
540
517
515
540
538
514
523
548
534
503
544
580
412
138
