527
500
449
462
532
576
598
631
639
566
469
417
431
434
424
420
439
446
434
424
441
499
530
528
518
521
528
520
525
540
553
553
552
559
555
542
562
625
651
627
618
644
639
624
606
592
558
488
456
483
473
463
471
472
456
413
401
419
409
408
413
419
405
432
528
584
573
557
572
561
566
561
584
579
573
560
550
542
530
545
539
537
540
539
537
535
540
559
544
564
563
570
563
553
567
571
573
591
588
584
581
584
573
584
568
548
534
533
552
527
541
562
563
567
581
584
546
512
485
500
506
494
495
503
500
521
569
618
606
586
596
608
593
576
556
542
537
549
546
536
545
560
576
565
572
579
554
534
519
526
513
515
508
523
510
509
533
538
528
529
545
535
542
566
634
669
663
636
651
671
670
622
547
510
513
537
534
503
514
531
525
506
542
577
605
590
586
576
584
582
578
601
571
532
503
510
523
520
521
503
506
510
501
536
589
627
626
611
614
618
623
621
622
613
616
624
636
608
548
516
537
623
648
634
639
640
638
635
651
658
615
529
479
488
501
498
485
483
501
485
487
505
496
495
492
495
480
463
462
479
457
448
502
588
652
647
621
641
649
612
527
467
484
508
493
483
478
511
553
579
593
573
571
586
595
560
532
517
510
524
521
517
512
542
577
595
596
580
587
597
590
565
557
568
569
560
561
558
565
573
548
533
522
529
544
533
526
538
528
521
521
570
620
674
683
676
646
595
576
581
564
534
507
533
540
544
524
528
532
510
515
528
513
522
526
532
533
520
527
536
527
518
518
530
528
542
529
533
528
521
527
522
519
532
526
523
530
529
530
520
517
536
517
511
523
530
515
509
542
522
497
521
556
531
496
552
571
409
139
