655
589
483
521
560
531
520
545
555
530
524
540
543
521
502
494
487
483
485
491
488
473
445
435
425
420
431
426
419
429
435
444
452
468
458
456
456
451
471
546
575
572
552
554
570
600
601
611
620
613
617
601
606
612
617
612
619
605
602
616
623
593
525
496
507
519
514
513
500
504
493
477
478
471
479
478
472
467
504
567
616
603
592
598
594
595
594
594
596
581
596
589
598
590
602
593
599
574
601
584
560
563
584
583
570
572
572
574
553
555
571
549
531
569
600
614
611
617
614
584
519
483
477
495
496
488
493
504
484
492
497
495
511
489
499
508
509
487
492
522
555
592
592
551
496
477
474
480
485
488
518
524
530
518
519
517
525
518
519
513
548
579
612
607
588
596
599
594
591
602
599
596
601
594
595
608
599
589
596
594
589
606
604
590
590
598
590
590
597
573
493
467
478
489
462
480
483
477
464
466
475
458
450
489
526
536
537
539
534
532
564
636
657
649
651
652
649
643
661
628
588
546
537
547
558
588
616
604
597
603
586
517
462
480
500
478
468
506
589
595
567
539
515
506
510
529
487
459
440
429
413
394
410
411
408
412
395
414
440
453
455
441
446
442
438
438
450
446
439
451
450
440
451
436
445
437
395
385
386
385
386
384
381
395
394
365
389
402
366
367
461
586
680
663
627
639
662
651
641
612
578
568
595
589
571
595
603
577
498
459
475
474
464
470
481
476
465
466
478
474
459
443
412
401
443
556
614
606
601
606
606
611
605
608
605
612
604
597
591
589
591
591
586
592
599
597
588
600
589
589
599
580
547
518
524
537
538
524
538
534
520
521
546
526
515
527
533
535
525
540
531
529
537
531
526
520
524
542
511
508
539
536
508
530
554
520
496
551
574
406
133
