526
493
443
457
522
569
597
627
607
568
510
465
453
464
480
470
420
415
425
420
402
409
427
409
400
413
426
402
397
451
543
599
591
568
538
521
511
506
506
513
527
487
437
425
434
413
359
346
357
354
352
356
350
348
374
441
503
495
466
450
510
558
578
598
584
589
583
590
592
588
588
578
588
588
557
498
466
474
479
475
471
475
481
477
466
480
472
460
475
476
472
470
479
478
481
485
479
480
470
470
491
482
486
474
468
473
475
466
468
498
564
592
572
580
570
586
551
536
548
561
544
542
573
602
613
617
629
618
621
619
618
568
476
424
433
457
437
440
436
436
444
429
420
426
441
414
412
479
565
627
613
595
622
624
625
613
597
527
477
472
500
505
490
490
504
505
487
486
489
480
485
490
484
482
479
516
550
583
588
563
523
501
499
509
513
500
456
426
445
446
436
430
424
382
345
355
373
360
368
386
396
370
358
421
540
594
594
572
574
593
579
580
584
581
580
597
580
584
589
581
573
583
572
595
574
578
577
579
575
591
590
592
567
586
597
567
543
522
521
502
530
570
608
613
606
605
611
609
607
599
585
591
581
579
593
593
567
515
476
488
498
483
476
491
503
490
474
507
569
599
581
564
594
628
624
623
632
633
617
607
622
641
584
514
471
470
481
471
485
466
472
501
571
615
606
592
597
599
601
590
598
595
604
595
592
587
588
584
564
553
550
563
543
558
545
550
543
546
543
548
568
551
553
561
584
550
497
463
471
484
475
471
467
484
516
535
539
524
523
526
535
525
525
521
529
526
521
527
517
535
537
528
523
525
535
520
520
547
537
515
522
552
522
498
551
570
403
133
