693
663
606
628
643
633
614
611
607
571
572
595
575
573
562
538
501
502
509
508
488
485
468
460
440
463
466
458
463
467
453
431
437
443
449
430
448
453
426
439
442
428
414
415
428
437
416
433
445
440
439
454
443
435
444
438
446
440
445
478
470
473
484
476
464
449
450
454
459
452
458
458
456
473
480
473
463
507
569
607
597
593
594
602
601
587
605
606
580
591
602
596
586
578
590
574
580
589
586
565
495
465
468
480
474
472
482
484
485
475
492
492
476
465
522
585
630
630
615
621
619
607
615
621
614
590
588
597
608
601
585
602
607
580
540
512
523
525
519
505
511
506
463
448
456
457
453
448
461
464
444
458
469
492
477
481
487
482
473
516
606
640
610
606
601
603
609
601
567
572
577
584
578
577
584
594
555
505
488
494
491
494
505
474
449
416
421
430
410
416
426
418
423
440
455
456
458
453
457
448
442
470
518
545
552
586
604
595
579
585
593
590
588
602
571
505
458
469
517
560
607
624
591
576
609
620
567
488
456
471
463
471
479
468
448
423
390
382
406
424
398
382
455
580
645
648
635
651
624
577
539
539
564
553
551
566
560
546
514
509
512
510
526
515
504
510
518
510
513
525
530
523
531
533
532
521
563
620
657
646
643
641
663
668
626
598
573
583
587
580
580
585
595
581
583
596
597
589
591
596
592
585
603
588
582
587
590
585
559
584
593
540
485
467
485
481
477
478
484
489
491
532
541
525
535
520
533
533
532
530
505
531
535
524
528
535
524
522
536
534
519
517
531
538
519
529
550
540
501
544
576
420
133
