567
535
484
508
536
510
489
540
576
599
589
588
592
587
598
594
585
591
591
553
468
413
446
447
436
428
436
445
434
445
474
459
442
446
468
441
452
494
575
618
615
608
616
592
563
533
543
538
557
544
541
532
556
570
598
587
584
587
597
593
587
578
580
595
580
587
584
568
576
563
578
559
560
601
646
658
659
653
650
640
649
636
655
651
662
626
568
552
541
558
550
537
550
562
539
533
502
509
510
513
502
514
504
466
434
438
453
451
431
443
446
438
453
465
463
463
467
457
472
452
457
514
607
666
678
646
646
660
679
620
500
433
436
436
438
418
439
429
437
449
436
430
454
528
577
562
549
572
554
555
574
601
619
619
615
607
617
613
603
545
521
507
526
528
520
527
540
525
527
518
521
518
523
517
520
513
538
536
514
510
529
533
515
567
633
669
665
654
662
665
664
649
654
657
656
661
661
668
654
656
665
673
640
594
588
582
590
580
582
582
557
546
544
559
557
555
558
560
554
559
559
543
557
570
563
559
572
610
633
623
621
626
635
605
616
631
606
563
516
524
551
523
529
532
538
524
488
477
481
487
491
488
486
479
489
470
464
471
455
466
463
473
450
460
464
469
476
485
482
476
465
472
471
471
497
555
588
584
581
582
578
589
582
584
586
588
573
575
603
613
629
642
612
564
536
536
548
545
546
546
554
546
540
533
550
534
539
558
540
513
490
505
491
504
504
504
493
491
482
482
487
482
494
484
486
492
490
480
488
485
466
468
465
472
468
479
455
448
437
440
443
443
435
452
446
444
431
424
392
406
398
399
417
410
403
407
408
391
392
383
390
380
373
413
473
520
522
511
517
529
517
509
519
516
500
508
558
600
625
625
626
626
612
560
519
523
527
544
530
528
492
482
474
484
475
471
483
492
479
460
494
527
518
529
533
534
525
525
523
531
523
526
537
529
527
543
547
514
533
534
534
511
537
547
523
514
534
544
511
536
546
533
499
568
573
412
132
