593
573
521
541
586
565
544
567
579
593
625
630
614
639
629
609
534
497
505
517
509
497
514
525
566
603
604
591
595
612
603
595
601
603
613
598
592
601
622
574
513
485
482
487
484
482
495
480
488
497
455
385
364
377
390
379
365
370
372
360
415
502
552
563
537
550
559
538
536
551
560
564
566
573
563
565
564
589
592
598
583
597
598
600
562
501
467
457
471
472
454
461
503
586
648
628
614
621
623
631
620
610
625
615
624
623
628
594
557
534
537
553
543
548
546
525
505
515
514
511
518
511
514
514
517
516
515
506
507
511
516
504
497
495
489
496
492
488
500
488
485
482
486
500
488
484
493
482
480
474
467
465
474
467
464
473
460
435
423
430
424
431
422
429
438
443
444
454
455
459
447
443
457
488
495
499
503
506
502
512
496
502
494
508
509
511
511
507
508
512
495
509
523
502
505
499
503
506
512
498
507
502
514
492
519
509
493
497
497
493
496
506
489
499
510
499
489
484
502
496
488
499
491
506
484
498
495
492
472
461
466
463
462
465
469
490
467
470
470
470
477
476
482
484
472
452
451
440
459
449
443
454
456
451
415
414
415
415
404
465
564
630
632
590
606
628
619
575
527
480
462
487
505
463
466
524
583
562
489
416
431
445
442
406
382
372
366
367
379
384
367
358
418
542
600
592
580
587
595
576
589
630
658
646
619
595
573
575
581
581
564
578
583
555
510
487
496
498
486
487
502
509
489
515
536
525
526
534
534
525
519
544
521
528
522
532
524
518
522
526
528
525
527
523
517
523
525
527
516
547
522
505
527
549
525
484
546
576
421
122
