624
586
534
557
585
559
546
571
578
561
566
588
567
565
574
574
570
558
578
579
576
565
577
567
576
565
582
566
587
582
581
567
579
580
576
568
580
569
573
590
597
603
601
600
608
600
594
584
577
572
571
578
591
557
522
491
502
503
489
494
499
503
481
463
449
446
465
459
449
460
458
463
483
474
459
471
466
464
461
480
446
419
396
420
426
424
414
427
408
415
423
414
411
415
426
417
402
422
419
419
411
423
418
395
371
341
342
361
349
354
344
359
344
341
364
439
464
471
461
456
461
456
447
453
438
441
500
581
626
628
620
629
629
604
627
618
616
593
591
596
591
600
599
601
606
597
584
530
497
503
515
515
503
502
507
508
494
467
450
439
451
451
451
451
451
440
453
460
450
462
453
457
463
470
459
446
454
465
455
443
448
426
431
441
435
439
423
432
437
420
406
403
397
384
403
411
390
383
452
561
632
623
592
611
620
613
595
613
613
595
603
606
582
519
494
505
517
500
504
501
529
529
532
537
543
540
546
555
538
541
565
577
586
590
598
597
576
516
484
477
492
520
578
612
610
589
600
615
595
579
602
610
591
590
611
608
576
514
498
483
497
500
492
493
489
490
493
510
498
497
476
454
455
432
437
440
460
480
482
484
486
481
482
485
486
485
478
451
451
454
458
441
445
458
461
452
416
400
398
409
409
397
409
405
408
406
410
405
407
407
410
397
428
459
484
482
467
471
465
464
470
468
474
466
461
466
482
475
462
465
473
466
473
472
476
483
471
479
476
466
485
480
467
458
503
559
592
586
577
584
575
599
618
635
630
623
613
562
510
521
529
518
467
454
465
453
449
463
456
433
414
409
423
407
415
418
403
406
417
411
387
452
574
636
612
596
605
617
610
611
620
615
602
610
628
594
535
504
506
507
503
501
509
509
504
516
513
503
507
513
512
506
524
554
577
577
574
568
536
511
532
535
539
530
530
520
523
535
533
539
517
526
519
525
533
531
515
524
536
536
523
532
532
535
515
530
537
529
529
547
535
525
535
553
523
500
556
577
412
133
