541
521
491
486
532
518
490
470
449
452
436
444
449
445
442
415
406
405
395
401
409
396
400
447
549
614
604
583
587
601
618
616
646
627
627
616
638
635
627
633
642
608
561
524
529
543
540
532
519
533
532
539
508
539
541
526
526
536
524
530
522
539
526
527
566
633
669
677
653
653
664
654
635
590
556
553
570
573
563
556
560
572
601
610
634
611
605
621
624
580
554
524
527
542
537
525
525
524
552
620
646
649
629
628
643
653
613
562
523
524
529
545
535
536
521
499
463
475
478
481
469
472
475
489
505
513
503
492
503
502
491
489
511
547
568
572
567
569
565
555
553
545
545
544
547
544
556
548
548
560
591
616
611
562
511
478
476
498
489
511
509
519
505
523
521
511
513
532
585
607
612
588
599
628
606
597
608
618
569
496
467
458
482
486
483
483
455
445
430
438
432
477
543
602
593
575
588
578
547
542
532
547
552
568
573
560
570
577
532
467
438
442
464
461
441
423
489
571
622
617
606
609
616
604
611
624
624
621
622
624
621
608
623
627
619
612
622
631
621
623
633
587
515
456
479
496
485
477
485
475
472
465
478
463
459
454
460
469
437
434
514
623
716
710
692
689
713
693
664
631
588
602
605
596
610
608
589
536
507
504
514
510
513
513
516
506
489
475
440
442
453
462
454
465
459
457
457
450
449
458
452
454
458
464
488
489
473
482
487
468
456
448
440
447
446
448
444
450
447
435
407
389
395
407
390
378
410
445
472
460
454
456
445
458
455
459
473
554
592
582
570
587
592
579
575
588
561
537
529
527
527
528
528
536
532
530
533
524
522
525
530
532
523
529
516
532
536
536
521
525
539
547
522
536
538
520
523
538
521
500
523
554
524
501
552
575
407
129
