683
658
583
626
646
582
554
583
603
573
553
534
491
462
468
451
440
426
453
444
440
439
448
438
408
434
430
420
433
427
427
412
445
439
445
454
477
486
477
474
476
479
464
456
465
463
460
463
450
453
457
454
453
458
467
468
470
470
473
469
481
480
474
465
507
566
596
604
597
604
600
604
606
604
587
596
590
600
589
602
589
600
591
591
581
567
578
583
592
582
571
584
584
581
593
593
555
491
475
463
485
474
470
472
483
478
480
478
496
493
486
483
499
476
472
513
586
630
621
612
616
634
619
604
603
603
590
584
594
605
568
526
512
522
528
519
522
524
509
473
447
459
465
458
454
461
451
449
459
482
488
495
483
478
489
491
470
474
521
597
623
629
612
618
621
619
624
608
587
580
580
583
582
591
581
586
566
584
588
568
521
485
487
508
503
484
454
412
416
435
422
414
429
436
455
447
476
531
543
530
537
543
527
530
552
578
596
599
584
600
586
607
601
574
517
478
480
499
482
482
476
518
580
606
604
600
600
616
602
604
606
607
609
610
618
597
608
601
600
593
596
603
610
594
592
611
575
504
464
454
481
460
462
474
468
412
384
409
428
386
383
469
593
669
668
632
636
648
627
565
542
559
567
541
558
560
552
515
509
512
507
507
524
523
534
518
553
623
666
664
650
655
656
667
644
599
583
580
580
587
576
585
584
577
580
591
590
581
587
591
603
593
586
586
582
588
588
583
570
589
589
556
514
474
467
467
488
465
471
495
515
530
542
540
522
536
527
522
525
522
526
523
523
522
530
528
527
516
543
525
525
538
539
530
522
542
529
524
531
543
518
498
546
577
408
119
