617
594
542
564
568
572
604
644
630
613
629
632
624
620
604
557
501
513
534
511
508
522
540
500
418
400
397
391
403
406
388
404
422
412
393
474
624
702
695
663
676
697
676
684
688
663
617
597
608
596
603
602
609
599
574
590
594
583
577
596
594
572
512
483
480
484
491
485
480
483
464
422
382
396
400
390
398
404
405
398
394
405
399
395
394
407
406
388
394
395
395
387
402
403
405
395
395
391
400
397
399
395
389
406
408
401
393
402
406
385
419
479
496
496
490
482
482
466
503
546
586
567
571
551
534
529
526
531
538
529
550
585
585
600
591
590
585
593
583
594
582
582
580
586
581
579
570
570
573
581
570
576
568
566
603
639
662
655
647
651
652
652
640
656
651
645
648
642
642
652
648
650
649
659
620
564
508
529
533
542
528
528
538
542
503
478
453
456
477
462
463
462
490
511
510
522
529
508
506
533
580
597
589
596
603
592
581
599
602
560
507
491
479
491
489
492
484
489
492
499
507
500
491
501
505
503
505
511
503
502
504
504
497
497
494
484
496
486
508
510
490
505
506
499
500
496
495
486
495
485
496
486
514
547
569
555
555
531
520
503
518
523
511
504
542
612
655
635
629
621
635
636
643
615
577
545
556
550
563
556
557
552
537
544
562
543
526
498
515
504
517
496
502
506
479
462
416
429
445
434
409
503
633
717
696
651
622
608
593
599
593
596
594
605
617
579
521
480
500
511
501
496
515
518
496
471
463
448
462
456
456
463
444
443
437
419
426
434
420
419
433
429
406
366
355
353
357
374
402
429
437
416
410
426
417
437
419
427
432
425
428
433
441
426
431
430
436
411
404
468
570
650
643
615
625
637
627
594
548
502
494
510
515
514
510
525
513
471
456
459
473
460
458
467
478
486
492
480
477
475
476
489
469
482
493
482
483
481
483
462
473
491
503
517
523
510
524
528
537
536
515
521
522
524
519
534
535
537
531
539
522
534
533
527
517
519
542
534
513
513
541
521
505
555
575
417
126
