586
562
500
523
542
535
518
540
562
588
604
631
609
613
617
626
603
563
539
541
539
527
542
536
543
574
587
570
572
584
582
558
509
474
466
449
419
419
440
469
483
491
475
473
504
531
557
542
538
542
554
541
542
521
500
504
511
509
474
516
598
629
613
615
648
577
492
441
459
468
461
455
458
455
473
549
585
578
569
570
581
576
574
582
592
612
623
633
616
613
624
627
604
578
582
568
580
576
570
563
563
581
584
582
591
577
591
594
584
587
601
591
575
551
548
557
558
551
552
561
562
554
560
549
529
506
511
510
517
514
511
505
518
518
530
504
518
520
515
509
545
597
622
616
598
592
616
625
587
542
513
520
519
523
516
531
525
491
440
429
429
424
435
416
424
425
425
431
425
428
439
423
422
482
570
626
621
607
601
626
615
569
501
474
484
496
478
469
470
483
479
473
483
485
492
479
483
498
490
472
518
602
636
636
615
632
642
626
627
638
631
630
621
645
651
625
627
629
631
628
634
646
599
555
526
521
540
533
532
524
543
543
525
498
462
462
474
459
464
469
453
440
413
428
436
430
447
444
442
430
446
436
438
443
462
480
476
476
467
484
480
458
459
447
432
433
433
421
426
438
415
417
467
569
627
612
592
625
637
581
517
480
455
414
383
403
415
394
414
433
460
449
436
444
457
434
433
487
586
651
654
598
539
515
512
519
512
513
507
513
503
487
488
494
486
494
491
504
520
541
540
526
528
534
524
526
542
535
528
527
532
534
531
528
531
532
527
528
533
532
522
528
526
532
522
528
529
527
533
527
532
522
517
526
518
542
530
529
515
540
530
524
521
540
530
515
521
549
522
505
549
587
418
133
