564
540
489
515
531
507
510
522
505
502
516
518
509
507
522
519
492
533
594
631
615
635
593
529
499
506
513
507
496
499
499
503
527
503
505
525
592
631
618
609
635
603
536
495
503
509
512
501
491
533
588
606
610
595
600
609
610
594
592
617
623
573
510
475
472
486
492
480
486
487
470
487
472
452
422
447
472
431
428
487
572
618
613
625
583
502
440
463
485
452
440
448
498
562
617
614
605
603
601
605
595
601
598
594
586
597
609
577
541
530
532
531
535
565
570
563
562
579
566
573
566
581
613
610
592
553
531
549
546
536
547
546
529
554
581
571
528
489
515
507
490
525
605
631
628
614
628
617
597
599
592
598
601
608
585
505
483
488
502
492
486
495
507
507
520
536
530
521
533
536
530
515
535
538
532
514
541
524
518
526
538
562
583
578
578
575
573
578
557
584
592
551
469
446
452
459
423
471
587
635
613
599
607
622
612
631
625
622
610
625
637
612
568
544
547
540
553
537
529
517
525
520
515
529
515
524
531
519
507
511
497
497
480
458
456
447
466
458
441
441
474
497
514
518
507
516
527
522
506
506
545
598
634
632
616
615
625
632
583
525
480
479
479
470
471
477
487
482
484
489
493
473
481
491
486
481
516
607
660
655
624
626
649
648
608
529
497
488
497
502
483
504
501
501
494
488
505
522
519
538
528
529
522
521
547
566
588
575
567
564
586
589
540
481
462
441
450
486
572
639
621
606
615
629
596
596
609
611
583
542
533
530
527
519
521
528
530
527
525
532
537
525
516
530
530
521
518
540
529
523
528
551
518
505
555
567
408
133
