602
574
546
606
652
632
606
627
648
619
590
548
522
519
523
517
518
528
501
423
374
391
406
392
384
396
407
403
403
417
404
409
432
409
394
480
631
719
681
663
683
701
660
607
599
597
602
601
607
591
596
599
586
569
579
592
576
576
593
565
497
469
483
495
482
471
478
487
498
470
418
397
389
409
393
380
383
426
457
485
502
485
473
503
560
575
561
558
568
561
550
521
527
528
536
540
544
540
527
541
568
589
598
585
586
586
592
576
574
573
570
569
570
585
627
658
655
655
646
641
654
657
628
569
534
529
541
537
521
538
535
520
478
455
474
455
458
461
460
474
501
527
506
499
516
526
511
496
545
583
591
602
599
603
597
606
604
580
508
475
484
495
491
480
490
491
482
486
490
498
498
498
502
504
500
517
546
564
566
550
558
569
555
566
563
571
554
553
527
520
493
536
605
646
608
554
537
535
547
538
562
560
546
519
499
515
517
509
503
517
497
456
427
447
433
435
436
450
431
440
433
466
445
425
503
633
715
703
683
695
701
689
685
695
685
611
594
595
570
510
491
506
506
499
494
502
500
497
500
513
515
502
509
513
492
468
451
464
460
451
429
426
427
422
421
430
425
411
370
332
343
385
402
428
432
433
415
435
448
416
412
476
570
637
631
618
608
625
627
634
596
538
502
511
523
512
502
499
504
474
454
472
480
455
469
475
462
463
460
478
478
481
496
481
477
485
490
476
480
499
522
538
536
517
532
529
529
527
528
528
529
523
521
534
524
532
529
519
538
532
534
533
523
524
535
528
534
548
526
512
528
524
515
525
546
522
498
544
586
415
138
