690
659
586
559
555
532
532
551
540
484
483
499
487
486
487
483
480
495
479
445
416
423
435
422
420
423
425
413
411
422
437
432
440
425
416
424
458
466
451
448
476
466
445
479
543
576
557
560
559
564
556
566
569
564
554
566
563
569
557
564
561
570
563
573
590
617
618
593
528
495
490
500
503
502
517
508
494
472
474
474
483
476
478
479
475
465
505
567
600
604
589
588
593
603
589
598
591
577
561
574
566
565
577
569
553
547
546
562
548
554
550
568
601
631
613
600
616
616
578
511
482
491
502
485
492
486
491
480
497
507
496
491
498
505
483
487
513
558
578
584
590
587
547
505
484
477
491
491
476
479
508
514
525
519
518
510
508
539
583
613
606
600
606
576
511
472
478
478
462
455
469
469
461
460
472
527
539
533
529
525
524
536
543
539
528
519
561
637
656
658
647
657
661
654
660
641
577
539
569
610
610
599
600
609
594
588
611
576
502
482
488
490
484
472
477
484
471
482
487
466
474
514
567
608
601
580
596
586
591
584
581
542
509
517
529
501
467
446
447
439
416
398
404
405
396
420
443
431
449
433
448
448
431
435
447
428
448
457
450
427
406
396
376
377
398
379
385
395
412
364
348
450
586
666
650
639
651
654
659
657
619
605
574
577
586
597
601
552
504
464
461
480
478
466
473
468
477
477
453
437
421
399
408
465
551
622
612
584
586
601
587
566
587
595
591
577
599
570
534
514
529
533
520
527
528
528
524
523
538
527
529
530
528
523
534
535
526
529
528
540
519
512
541
534
518
504
524
533
513
528
552
539
532
535
531
514
517
543
528
495
543
566
412
131
