648
619
575
590
619
601
597
585
555
515
505
528
534
554
578
588
573
571
552
547
535
539
554
542
546
539
526
558
605
629
610
603
624
626
620
608
626
628
621
610
616
591
541
498
502
521
511
491
492
530
581
622
621
606
605
636
634
575
506
470
456
465
480
473
476
467
442
426
421
433
430
425
412
428
430
408
422
476
587
654
631
618
632
629
634
608
617
627
635
625
637
630
620
614
619
617
620
620
632
633
594
507
464
474
491
479
467
489
487
463
429
431
413
404
468
573
633
617
607
626
635
625
618
620
606
587
600
608
588
586
606
595
565
530
522
522
521
528
523
510
543
623
654
645
620
629
651
624
565
549
551
554
543
539
532
515
510
518
519
515
517
516
518
520
511
486
483
483
482
466
483
484
486
470
458
456
461
458
469
463
463
450
466
476
475
466
475
463
471
467
471
504
522
501
502
520
510
509
526
579
593
603
588
598
597
587
587
618
589
602
608
611
576
528
522
519
523
526
524
514
472
442
444
448
455
440
449
466
449
445
431
412
428
432
421
425
427
429
432
435
431
418
424
486
576
632
623
595
604
635
634
569
486
427
427
444
449
438
447
444
442
427
434
485
551
593
598
588
576
590
572
571
594
633
644
634
646
648
637
638
635
630
586
572
584
577
565
581
595
556
481
436
447
463
440
390
373
378
386
373
364
382
379
373
363
431
563
625
627
595
595
626
614
607
614
620
592
594
618
612
589
535
510
519
529
540
530
521
530
532
510
494
504
513
531
522
529
534
534
528
532
530
536
525
520
523
536
542
532
526
531
530
516
536
519
526
522
537
538
525
525
529
525
521
535
538
512
516
539
545
512
517
547
519
511
533
573
414
130
