491
477
433
443
472
452
441
456
437
425
396
411
419
416
424
431
418
416
419
430
413
408
438
476
488
489
489
481
479
488
488
494
476
490
487
484
488
486
483
486
487
493
478
478
487
477
487
483
494
489
471
483
494
489
480
483
495
475
481
483
486
472
487
542
556
529
540
556
527
449
409
421
435
408
461
550
584
571
559
571
571
581
613
646
640
631
637
648
647
635
617
607
573
596
596
578
579
589
600
591
549
503
462
472
476
483
471
484
487
483
454
415
384
375
386
406
393
387
395
384
383
392
398
390
387
411
469
478
472
465
477
479
502
555
594
579
549
538
587
608
620
622
626
617
614
624
629
596
527
484
494
499
496
464
462
463
456
455
458
462
461
441
434
442
445
447
447
435
428
435
439
450
444
455
460
447
450
451
455
437
453
451
446
442
449
449
438
388
401
450
475
470
457
467
466
460
459
475
502
517
512
514
508
500
508
530
555
586
578
567
580
590
576
574
572
582
578
577
574
577
580
551
486
451
456
475
468
451
460
506
578
609
615
610
601
592
605
604
573
508
459
452
471
476
463
479
474
469
460
474
475
469
452
457
489
470
450
499
617
666
670
659
651
662
663
660
651
604
576
571
584
581
582
575
531
501
503
523
516
511
529
521
499
475
458
462
454
464
462
463
458
461
464
464
462
460
462
471
472
483
484
481
477
488
473
470
484
478
483
489
473
427
413
417
424
407
409
426
411
391
397
405
383
368
442
592
675
662
639
662
667
651
601
579
603
592
593
593
607
592
526
508
505
518
515
502
517
518
485
462
451
445
459
463
455
450
451
466
468
477
480
491
508
532
528
524
535
528
537
526
531
528
536
529
525
534
521
522
521
520
528
528
521
529
536
529
519
522
513
535
527
519
524
532
529
519
528
536
524
516
529
527
501
526
542
518
499
549
563
413
137
