642
620
552
532
532
544
581
618
616
595
601
610
604
588
591
592
587
584
563
534
502
515
514
510
510
511
504
460
432
455
460
441
438
470
449
444
453
464
467
470
470
468
455
478
486
460
436
443
441
450
435
443
440
438
416
405
412
412
435
475
482
475
483
485
457
460
516
593
652
649
638
641
648
643
605
562
512
463
476
473
481
473
480
473
467
474
504
542
575
566
546
554
569
571
582
620
618
591
610
624
582
513
495
500
507
510
508
504
465
374
345
354
367
355
360
362
368
398
391
390
393
412
383
377
458
610
692
681
651
655
672
649
662
686
649
606
566
590
596
587
587
587
588
581
574
590
566
579
580
588
587
591
582
568
552
566
564
556
561
560
554
539
542
541
533
542
531
552
601
610
614
622
611
603
615
628
584
553
529
520
532
536
535
525
528
529
541
556
554
532
530
518
519
517
516
522
529
561
576
560
560
576
554
555
568
570
572
613
607
563
476
430
438
459
449
441
459
450
469
466
487
493
487
474
479
498
548
571
573
563
566
569
561
559
571
564
561
551
569
559
537
526
534
542
537
537
534
537
529
542
601
637
630
619
617
618
627
612
616
619
621
608
618
607
604
597
608
606
577
550
516
524
537
529
534
519
495
487
478
485
493
473
484
488
468
469
463
469
469
469
461
467
457
463
472
459
453
463
457
466
470
459
454
454
436
438
438
439
440
439
428
408
406
398
402
410
388
383
429
497
539
535
519
523
544
532
521
532
538
522
527
535
534
532
533
532
519
532
535
525
526
534
529
526
519
532
532
522
533
542
518
534
538
531
510
528
555
523
492
557
576
425
124
