525
502
460
491
501
480
497
590
626
569
495
457
467
477
473
473
474
472
462
431
399
419
431
422
393
456
553
611
594
559
530
517
515
526
516
516
500
509
511
514
520
493
442
417
410
429
423
416
422
440
409
359
342
366
351
336
352
365
348
351
384
443
491
486
463
463
505
567
599
591
589
584
586
584
597
592
598
589
593
601
585
588
582
577
503
464
468
492
477
466
481
479
472
472
493
480
473
487
507
474
465
506
569
598
591
583
589
588
556
537
549
563
616
631
607
614
626
573
482
438
440
456
434
414
427
429
421
426
432
427
432
430
426
469
567
634
627
603
605
623
627
573
517
497
497
506
502
498
501
491
484
488
485
492
473
485
488
478
471
506
551
578
567
526
507
505
519
490
447
428
430
434
444
429
433
439
438
457
457
414
388
355
353
381
367
348
364
357
367
349
379
391
378
370
383
401
367
378
439
534
599
589
580
589
574
587
585
579
588
583
581
580
582
586
589
562
527
500
502
515
525
500
507
542
584
617
608
613
599
607
604
595
597
585
596
584
580
599
594
554
506
489
485
482
480
480
487
481
486
488
492
496
492
503
506
496
517
562
585
585
570
570
577
577
575
589
602
626
622
618
642
647
583
503
498
577
617
621
576
599
607
591
583
609
597
592
589
596
597
586
593
595
574
555
549
552
540
544
539
545
545
560
551
561
557
572
542
483
463
473
478
478
459
473
489
521
527
533
525
521
533
526
531
528
534
522
534
527
526
524
524
533
531
534
533
524
536
535
534
536
525
521
527
529
529
531
536
530
525
525
535
527
516
524
527
521
515
543
522
503
557
580
413
128
