540
520
475
501
539
491
448
452
446
439
444
465
457
435
412
400
410
393
404
404
407
400
396
440
534
612
606
570
580
606
622
624
638
631
624
622
644
648
608
543
527
535
534
531
525
540
540
548
526
530
541
530
524
556
631
673
670
664
662
660
650
666
661
668
641
585
568
559
565
570
561
568
600
622
626
615
618
615
615
607
610
620
601
605
609
614
591
553
528
523
531
553
538
522
559
606
628
634
625
629
621
625
644
634
641
649
652
622
554
528
512
536
534
510
533
533
526
538
538
527
484
466
478
498
497
499
523
554
563
569
562
567
564
573
575
563
566
572
554
558
547
539
559
550
556
543
550
602
615
598
583
613
635
584
506
481
492
494
488
487
494
495
527
528
522
509
535
587
616
613
601
605
613
611
605
594
611
616
602
600
620
602
589
605
612
581
493
461
459
475
469
463
474
478
478
470
466
465
455
452
429
420
465
565
611
597
579
582
597
575
547
535
531
547
546
536
539
542
546
567
583
580
529
471
434
442
451
448
455
439
446
492
547
625
608
600
607
630
617
593
611
625
605
596
627
640
580
507
475
486
488
475
477
474
458
455
456
452
434
501
633
718
712
682
683
693
706
661
626
600
603
605
609
605
607
621
566
522
497
523
511
508
514
533
505
464
450
461
452
453
455
455
455
454
463
451
448
444
448
447
441
441
454
449
469
480
484
475
474
475
483
483
475
478
475
471
484
477
479
480
457
443
447
449
442
442
444
460
427
409
385
388
384
395
392
396
395
401
386
395
400
395
415
441
471
470
437
475
554
600
592
521
523
526
529
532
525
522
530
527
528
522
527
537
531
520
528
539
537
526
533
537
517
522
531
539
525
528
534
531
518
532
528
530
533
542
520
521
520
532
524
507
541
543
510
531
554
512
494
545
562
413
129
