563
534
477
511
523
498
491
534
581
585
598
582
582
577
601
559
468
418
421
441
431
418
435
447
440
436
453
454
439
440
490
570
615
620
608
601
627
629
592
547
535
524
541
532
534
549
581
580
595
583
592
589
586
593
588
596
598
578
569
571
570
566
577
572
560
584
641
659
653
649
650
655
635
582
540
559
551
555
533
518
504
509
506
506
488
452
442
449
460
448
455
451
456
444
458
441
447
455
446
440
446
461
450
455
496
602
674
670
633
654
683
613
466
418
443
444
426
455
534
569
572
593
648
595
520
540
629
682
670
654
666
662
671
651
659
647
655
669
642
603
575
583
587
564
564
566
551
559
541
563
549
557
562
553
549
557
565
560
542
577
618
613
620
616
625
604
551
529
531
541
539
537
536
539
547
540
531
549
539
536
532
535
545
541
543
542
541
546
537
527
540
542
546
540
541
533
530
532
537
523
530
532
535
530
517
518
495
474
487
493
479
479
483
484
493
483
457
464
463
462
462
465
464
480
489
485
476
488
489
474
474
497
557
595
576
583
565
581
595
613
642
642
627
625
623
642
634
615
560
527
536
549
551
509
491
496
505
507
492
522
505
501
484
472
479
493
480
479
490
458
462
452
456
475
457
470
471
469
459
449
435
439
439
436
442
438
437
445
429
415
392
400
406
401
391
413
397
373
372
411
481
516
528
510
511
547
597
628
627
612
633
616
614
616
634
632
624
626
633
615
550
507
526
538
539
529
540
529
515
494
478
474
479
492
467
475
485
521
529
538
534
522
526
541
527
536
518
527
521
516
533
522
532
538
515
518
526
536
535
525
513
529
531
538
511
528
522
527
525
531
524
525
527
524
512
530
542
511
500
542
579
421
125
