548
549
542
596
607
567
566
590
609
548
460
429
433
444
439
428
432
439
445
451
447
447
450
455
464
453
428
491
585
633
628
615
607
622
614
616
607
600
614
628
601
549
547
572
597
598
574
593
580
569
563
575
572
575
581
582
570
593
621
651
653
647
642
651
650
633
586
542
550
559
558
538
552
564
533
520
510
508
505
498
508
517
486
458
440
447
441
449
444
450
441
450
459
456
460
449
459
468
460
466
472
462
454
456
463
457
460
459
460
444
504
612
692
651
636
657
676
596
484
413
433
455
445
432
424
474
529
552
561
552
578
612
620
616
613
623
617
622
598
562
513
523
537
523
509
557
630
680
678
650
664
664
660
652
660
670
663
651
654
658
647
608
584
587
592
578
592
587
584
587
586
583
568
546
554
558
559
556
554
558
564
563
549
551
549
563
576
564
556
562
551
555
566
616
627
624
628
625
620
626
620
622
602
559
529
530
534
525
533
541
522
500
469
485
497
491
476
466
457
459
471
461
459
453
463
465
464
460
464
467
457
473
455
463
462
472
454
475
484
489
481
463
460
469
475
459
501
556
591
586
576
575
576
577
580
580
621
633
633
638
620
632
632
633
608
567
539
539
564
537
544
553
528
505
503
503
501
515
500
504
495
495
502
495
499
503
516
498
489
484
495
494
481
492
485
472
467
455
463
468
471
468
457
470
464
458
447
446
439
457
430
435
443
439
415
403
397
396
407
397
383
385
389
396
389
391
394
383
378
378
391
386
390
400
397
391
398
402
377
393
393
392
391
396
387
376
411
486
527
510
510
524
518
506
543
597
634
633
629
611
562
527
533
543
536
520
541
537
492
463
484
493
473
464
490
485
464
468
479
482
472
491
513
538
524
519
533
532
533
523
518
518
530
518
523
529
529
522
526
526
514
522
529
534
530
530
539
528
531
527
538
523
523
519
525
523
539
531
519
519
537
519
529
523
526
538
521
541
541
516
533
539
534
514
521
539
516
527
540
527
522
522
538
527
525
550
529
512
526
539
519
501
548
574
417
139
