546
526
474
497
531
516
475
462
458
432
450
455
452
439
445
465
433
399
398
403
401
404
408
421
390
396
447
543
600
609
579
579
602
603
588
606
620
630
610
612
631
626
600
546
528
526
526
531
539
532
515
538
540
527
525
565
627
687
673
657
659
653
658
678
626
585
557
583
598
614
610
603
614
616
605
585
558
534
535
539
527
521
527
531
534
530
543
519
566
620
659
650
629
629
648
651
615
555
525
517
526
514
483
458
478
487
474
473
465
481
496
495
490
486
484
494
519
554
569
563
564
566
570
564
554
553
551
551
547
543
547
555
553
528
569
608
587
516
478
473
491
496
482
503
511
513
513
518
534
512
505
532
588
627
598
604
617
621
573
499
459
473
468
472
476
476
473
445
426
424
432
440
435
417
467
541
600
597
570
579
593
574
564
555
540
537
528
543
538
537
546
537
534
539
532
536
532
536
536
527
542
575
589
567
559
574
552
475
431
443
465
451
455
456
442
433
482
573
625
632
604
602
622
602
595
601
634
635
582
522
478
447
451
461
460
435
439
501
639
715
715
643
615
601
601
598
597
605
603
580
525
517
508
530
522
504
517
513
501
464
443
454
445
451
451
453
463
450
458
455
449
453
450
476
476
476
471
478
477
469
458
442
427
410
388
387
408
402
391
380
410
447
468
452
451
462
457
442
480
542
591
587
579
585
576
584
591
578
547
514
530
531
534
522
525
538
526
528
522
521
527
544
523
524
522
538
532
536
528
528
524
541
528
520
531
530
524
519
534
545
528
531
536
530
516
524
535
522
498
542
570
394
121
