686
663
599
594
569
527
511
530
541
533
532
515
499
481
469
451
414
423
440
434
415
426
437
430
438
465
459
455
456
458
454
476
545
576
551
552
566
576
589
606
625
595
601
615
629
579
514
487
491
505
496
506
506
507
507
515
505
507
493
504
502
504
497
501
479
473
467
488
479
470
470
513
558
603
608
585
581
601
596
585
587
579
578
568
576
576
563
557
561
554
549
555
569
599
612
616
601
601
617
625
615
578
520
464
483
489
492
478
479
488
486
496
488
503
497
492
502
493
484
502
498
502
483
492
515
561
589
577
577
576
579
594
582
587
589
587
576
568
594
596
557
501
469
471
490
483
475
482
486
496
512
528
529
517
506
533
580
620
613
593
592
595
592
592
602
617
577
509
470
474
484
484
477
480
481
477
492
480
473
464
467
467
486
517
535
535
536
545
545
536
520
559
631
670
665
646
658
659
622
559
545
544
552
556
561
555
553
547
561
585
610
602
570
522
470
463
498
495
470
472
517
580
601
617
619
581
539
504
503
519
520
532
509
460
435
426
435
419
406
408
411
396
391
420
432
451
443
439
430
436
446
439
439
443
448
446
445
436
437
435
429
413
373
379
396
381
380
382
398
362
364
458
600
669
657
633
654
667
647
643
657
648
601
594
579
601
589
578
588
600
552
497
461
472
478
468
475
470
455
477
484
487
478
467
495
466
420
398
418
413
404
457
564
631
610
590
600
615
598
600
602
581
585
592
580
580
581
578
539
519
512
539
528
527
526
542
531
521
536
533
527
525
527
525
502
532
541
532
508
535
531
508
516
539
522
500
545
569
411
126
