548
530
485
505
524
511
504
495
470
440
433
458
445
436
446
453
453
425
419
392
404
402
394
403
409
403
386
446
545
611
603
573
596
605
588
578
607
628
626
639
647
611
553
519
521
539
527
522
514
553
629
668
652
648
664
665
658
650
664
651
625
580
571
562
568
566
567
563
593
605
603
600
608
616
610
607
619
598
542
521
530
534
532
517
557
610
647
634
638
634
647
635
638
640
641
620
631
645
642
619
648
643
625
548
510
522
526
525
522
529
532
515
479
478
472
474
495
508
499
493
500
487
515
546
570
563
550
567
565
550
549
555
548
547
544
547
543
552
556
554
550
558
555
541
566
560
548
546
560
599
625
607
598
612
595
604
612
613
581
513
487
469
493
490
480
493
501
504
515
513
509
502
519
525
516
511
530
590
624
606
594
603
616
565
492
452
471
488
469
469
470
478
470
478
473
473
483
474
476
460
466
442
427
421
436
455
417
421
470
551
595
598
580
580
599
589
572
545
537
535
542
533
542
537
535
561
569
568
562
572
579
575
554
582
570
523
478
445
433
438
491
579
627
623
600
598
615
609
607
606
601
615
625
624
620
618
629
587
512
479
479
487
470
474
476
478
456
450
444
458
458
454
445
512
642
716
696
675
678
697
692
651
619
594
593
609
617
590
537
508
506
516
499
462
438
448
455
467
458
453
453
467
439
452
452
454
454
451
451
456
451
471
450
461
461
449
443
449
445
460
451
449
446
451
449
444
453
455
445
449
466
479
484
477
478
476
478
478
485
476
474
464
475
480
466
446
447
452
452
446
452
449
452
450
448
408
380
403
395
396
380
390
387
379
417
461
455
450
467
544
591
590
570
583
592
582
568
574
575
581
582
588
590
578
581
547
519
518
536
519
528
526
520
518
526
536
527
526
530
547
539
522
522
536
524
521
522
526
517
535
530
535
513
531
534
522
518
539
522
510
536
539
524
507
550
567
411
134
