613
597
540
566
583
560
592
633
633
615
613
647
606
540
515
525
534
515
520
525
528
514
513
526
518
485
420
385
394
410
403
398
410
403
405
414
424
420
405
410
426
411
415
418
421
418
408
433
422
408
415
433
402
393
476
623
696
686
660
671
691
698
687
668
668
678
682
676
686
683
672
619
589
591
621
606
598
608
606
592
588
586
583
580
586
581
589
585
559
512
471
485
498
476
477
480
489
461
435
388
392
402
401
389
407
418
455
499
504
486
490
507
498
478
494
508
547
570
575
566
579
558
548
562
566
562
562
566
565
547
524
525
543
534
530
527
544
575
585
592
590
594
585
572
568
569
593
557
558
591
624
659
645
646
648
657
663
625
564
519
531
546
540
520
529
541
513
480
456
455
454
463
449
456
450
463
485
508
515
516
515
507
501
533
580
593
595
610
580
524
482
476
509
481
471
476
496
473
480
485
501
478
489
487
493
493
486
489
490
499
482
495
521
546
567
575
562
562
564
568
577
543
519
514
509
512
535
593
640
642
618
623
630
623
622
629
635
635
620
640
620
613
631
634
599
568
542
542
550
553
536
511
503
514
523
484
457
438
434
446
443
442
437
438
460
441
443
458
456
437
424
500
642
713
707
689
693
702
696
695
662
623
583
594
614
612
580
597
607
605
575
523
494
491
496
514
502
490
509
503
482
470
453
454
465
469
448
443
463
471
452
440
429
423
429
430
427
425
406
366
344
351
364
354
339
346
367
349
346
364
417
427
425
435
439
421
405
477
575
646
634
614
612
631
633
588
528
502
514
524
508
471
449
450
476
460
469
467
485
479
488
486
491
483
473
493
518
525
526
522
529
532
519
529
537
527
528
523
522
526
526
536
518
528
537
541
523
520
550
519
497
552
576
409
129
