683
656
602
627
660
639
608
600
589
566
559
598
588
549
514
492
498
498
497
502
495
505
517
509
506
502
454
455
459
463
467
449
460
459
457
448
441
445
434
440
431
443
442
448
426
413
426
420
433
428
434
436
445
436
447
451
445
439
438
461
482
471
471
467
475
475
481
483
479
482
477
474
477
473
467
473
483
468
472
472
465
468
455
460
449
452
467
461
473
507
571
599
603
596
594
611
599
597
598
588
597
589
587
594
597
598
611
585
585
592
583
577
580
578
579
583
573
591
595
562
514
476
472
483
473
473
463
478
478
479
484
479
481
474
483
481
479
477
489
494
480
467
508
594
629
629
595
594
601
582
586
594
603
598
585
522
516
515
527
527
515
522
516
521
520
521
512
523
525
498
469
453
451
459
452
443
460
451
453
472
493
503
479
478
522
575
625
615
609
602
611
620
602
590
574
594
583
594
572
585
584
564
511
479
476
496
477
481
499
483
432
416
430
436
417
422
433
426
420
419
444
460
451
457
458
454
451
488
519
544
550
536
534
547
543
527
539
553
575
601
606
592
605
602
597
581
596
599
576
507
468
476
486
473
472
506
579
606
624
600
611
614
617
608
595
613
597
618
608
590
593
610
605
601
601
603
598
591
603
609
572
491
454
465
474
466
463
451
410
382
398
413
389
371
445
577
652
651
608
576
570
552
554
561
552
556
564
570
542
515
507
510
514
507
513
532
542
525
520
528
547
521
519
555
627
652
653
638
647
655
642
652
665
640
611
575
581
582
592
592
582
587
598
595
574
589
584
593
570
587
597
567
503
466
476
488
483
477
470
503
531
526
540
541
521
520
528
528
521
526
533
525
522
522
530
528
523
527
530
532
519
543
529
520
527
556
512
489
541
585
404
120
