701
657
584
636
656
610
572
576
583
587
576
587
587
573
560
536
501
510
507
470
457
455
468
469
448
456
461
466
438
450
453
437
437
435
448
432
450
451
447
443
453
452
447
432
439
428
415
424
420
419
423
436
441
443
452
450
440
439
452
442
440
457
472
482
466
485
482
484
479
482
476
482
466
474
484
482
467
479
467
476
483
480
471
479
467
476
478
481
470
469
477
476
475
481
472
476
468
474
475
479
464
455
451
451
456
459
450
454
456
458
461
480
480
466
459
488
579
606
604
606
592
589
598
596
596
598
596
581
586
600
584
592
589
599
589
584
585
582
586
585
595
593
560
511
463
478
482
483
461
473
493
479
472
483
488
480
468
520
584
640
628
612
618
623
607
611
617
629
600
594
599
603
590
601
581
544
512
513
527
519
502
519
521
504
468
451
453
466
457
441
453
472
483
481
485
467
475
493
492
471
511
590
630
616
602
613
622
613
606
620
604
586
573
588
577
571
585
600
553
514
481
485
491
499
489
486
492
484
475
430
413
415
416
427
422
423
429
431
439
460
462
455
443
464
467
460
456
470
449
459
478
515
553
535
524
531
538
542
525
535
556
581
580
605
596
560
515
474
470
480
480
477
496
486
488
509
580
624
605
563
495
474
463
460
469
463
463
457
421
382
373
447
579
657
664
631
640
646
637
628
635
648
633
628
638
641
642
638
639
642
614
579
547
548
556
557
555
560
561
533
513
493
497
493
502
514
503
507
523
526
516
536
543
532
517
564
630
662
653
635
657
643
606
565
584
598
576
585
588
590
592
596
594
599
582
589
592
586
577
586
578
582
575
592
574
565
588
594
548
510
468
470
472
481
489
476
470
482
520
541
527
511
536
523
534
530
535
527
539
534
520
514
533
528
533
524
528
524
523
522
540
518
516
528
536
544
518
541
535
524
531
534
521
524
529
535
514
530
557
519
499
542
561
410
126
