519
518
468
454
425
381
375
404
399
387
389
401
411
402
402
403
404
382
402
445
529
579
573
545
558
572
557
533
531
547
542
540
538
538
545
534
555
567
566
557
559
587
588
583
599
597
597
584
602
593
568
507
485
481
490
485
482
496
461
395
345
357
384
434
461
459
456
457
449
437
483
554
603
595
580
583
587
604
612
635
633
631
644
652
621
546
510
541
547
522
544
546
520
462
448
467
452
439
449
452
442
444
474
437
405
392
414
385
383
462
607
686
676
646
651
671
669
645
585
550
553
572
543
534
535
546
541
525
532
551
534
535
541
534
533
532
549
524
546
548
603
629
624
602
611
623
627
566
511
470
479
493
486
476
480
470
507
608
677
655
633
661
678
638
563
534
547
555
541
546
557
541
542
548
546
554
542
543
553
545
555
548
560
566
548
563
564
515
457
429
442
451
427
442
525
562
537
519
536
543
534
532
556
543
534
538
545
543
536
548
568
556
575
606
617
630
622
615
569
555
553
569
549
551
561
549
519
509
515
511
502
503
506
503
504
516
550
566
547
552
555
548
553
562
557
561
560
549
539
551
555
554
546
549
569
552
568
559
559
556
579
597
586
580
592
578
557
543
533
540
533
545
563
571
584
603
608
556
493
447
451
458
460
457
434
400
386
379
374
392
393
372
350
424
560
636
616
581
606
620
616
596
614
615
607
609
610
607
614
612
626
612
604
620
613
619
615
619
616
605
619
615
614
623
594
554
527
519
533
541
516
533
543
549
513
487
441
443
452
462
444
439
468
503
539
517
536
522
528
530
529
528
531
532
538
536
531
517
518
536
515
519
524
514
526
532
530
523
534
529
524
520
529
539
522
525
526
533
525
536
544
533
524
538
535
511
529
544
535
493
551
574
418
131
