538
514
468
482
502
490
485
486
493
482
479
488
496
486
482
494
488
470
421
397
386
398
395
390
390
400
397
394
416
401
383
432
523
574
572
550
566
574
560
567
545
533
533
544
534
535
530
545
539
539
556
575
562
552
565
569
555
570
566
567
558
574
585
598
602
604
589
581
590
595
564
524
494
460
397
362
367
385
374
360
375
391
420
451
464
450
439
492
555
602
589
586
588
578
594
584
587
602
633
643
612
548
518
530
532
541
531
532
525
521
531
540
543
531
515
526
527
526
528
535
536
515
472
441
444
453
463
442
441
441
464
450
429
409
397
392
395
409
424
397
379
450
593
698
678
630
660
684
656
574
546
579
564
551
538
537
535
540
551
549
525
532
564
613
609
628
618
577
503
469
462
477
477
473
465
473
515
611
679
670
647
650
674
662
627
578
537
535
553
560
521
471
432
431
424
435
419
434
428
443
435
431
438
448
437
424
454
500
549
538
544
529
548
542
537
531
575
613
631
642
617
617
610
566
560
560
562
530
515
515
524
515
513
522
513
507
489
499
501
494
519
557
558
542
547
548
544
550
557
568
559
554
567
574
583
580
581
585
582
582
584
570
559
547
550
550
537
544
552
551
545
549
560
592
601
588
590
593
596
589
603
594
567
494
446
461
474
447
456
470
464
427
415
379
361
365
444
563
626
613
593
606
615
614
599
627
617
599
596
616
633
595
554
524
526
541
541
527
533
538
516
484
443
449
453
459
453
448
472
509
529
525
521
513
527
523
524
519
529
527
528
533
527
531
519
520
536
539
528
522
531
530
520
532
544
520
510
538
535
508
520
541
523
492
543
580
419
125
