568
539
499
514
543
502
449
457
458
446
439
459
458
445
463
457
461
465
465
458
462
472
473
461
448
460
456
446
461
465
468
466
476
464
459
463
463
462
457
460
469
461
466
465
467
453
458
469
465
463
474
475
454
463
467
426
364
339
363
382
349
350
377
404
394
411
427
387
382
468
615
689
687
669
659
611
549
558
580
576
561
567
578
576
603
622
640
619
612
631
634
592
511
494
476
497
494
480
482
493
503
471
400
361
373
376
372
379
396
379
375
414
506
557
545
533
537
545
541
548
543
553
533
546
550
532
527
513
535
516
522
520
536
514
526
544
550
541
547
554
544
532
567
599
617
614
617
606
617
613
613
617
585
569
554
567
573
570
572
576
574
567
561
559
563
574
577
571
562
565
560
564
556
562
586
622
641
636
634
625
641
647
608
559
526
532
544
527
527
532
547
533
527
533
522
510
494
493
498
499
493
523
564
576
582
560
567
571
574
569
559
571
580
563
579
607
629
633
630
626
627
624
626
640
610
582
548
557
570
627
641
645
618
637
637
605
571
538
540
549
536
523
513
519
523
510
520
526
518
507
534
519
519
503
525
522
512
507
522
493
491
498
487
488
482
495
487
444
452
452
454
451
467
453
442
433
424
424
424
434
432
419
404
478
576
622
626
609
604
531
505
513
537
522
502
507
535
496
447
423
425
435
424
419
415
427
425
422
428
424
426
428
429
443
441
418
391
339
354
409
519
587
569
551
573
625
651
622
606
591
592
586
599
598
607
580
535
519
518
525
519
520
516
522
512
519
516
539
530
533
516
525
534
527
525
526
523
523
529
525
523
538
530
512
520
537
538
515
518
537
533
526
524
534
542
529
525
536
522
527
533
524
511
517
549
524
501
548
578
413
133
