584
541
487
522
536
518
519
535
515
455
449
455
453
447
454
461
456
461
470
465
451
461
456
435
431
432
441
425
439
445
423
377
347
350
368
360
366
349
369
403
414
401
407
409
387
383
463
617
712
688
657
685
703
648
573
576
576
576
561
580
605
615
624
615
618
634
632
615
617
627
633
614
627
648
588
518
493
493
466
397
357
360
379
387
353
365
418
502
561
561
528
542
563
548
538
542
538
536
548
545
527
516
517
515
522
515
528
538
551
544
542
550
538
540
563
610
637
623
608
610
622
613
581
567
572
580
584
574
577
567
571
563
565
560
562
575
569
566
568
566
559
566
568
554
558
565
566
557
562
580
574
569
580
615
638
620
634
644
610
556
527
538
541
528
527
531
516
506
554
573
580
568
577
573
576
565
572
587
573
573
580
584
571
566
575
577
565
577
570
570
575
570
578
576
577
596
632
636
623
617
626
635
627
631
627
614
574
560
561
565
563
584
620
648
631
619
632
635
642
614
588
551
547
549
552
535
548
565
567
547
560
554
548
518
516
517
514
513
518
519
511
480
509
492
449
450
448
458
442
446
458
449
420
410
435
426
408
415
441
420
410
460
568
635
622
615
617
631
631
591
543
498
513
514
503
501
512
507
527
514
511
500
513
513
513
514
506
506
516
520
509
503
527
496
444
415
414
418
438
425
434
427
424
436
444
449
446
437
430
435
435
435
439
435
445
441
439
441
441
429
449
422
380
357
372
350
349
412
524
594
579
550
569
577
565
577
628
641
625
624
621
640
625
636
629
628
626
628
647
633
629
627
634
632
616
606
580
586
594
601
587
597
611
589
535
505
514
526
530
528
531
532
526
531
541
527
541
539
525
522
532
536
524
527
527
530
539
526
532
525
527
522
522
515
529
531
532
525
529
526
519
530
535
518
516
540
537
517
526
549
524
501
547
581
400
132
