661
638
587
601
606
614
603
583
497
439
434
468
447
424
448
471
459
429
457
466
446
411
395
408
404
398
424
421
392
391
468
612
686
672
647
657
669
675
659
641
580
551
544
566
572
543
559
560
538
542
549
547
536
544
562
585
599
614
596
581
596
607
561
492
461
466
465
457
463
466
458
433
433
419
433
435
422
417
465
572
625
606
619
613
580
521
470
466
433
394
393
413
406
394
403
398
384
419
488
519
512
497
512
504
495
516
524
513
504
512
505
496
520
518
508
491
528
588
617
611
596
627
621
579
514
507
505
502
517
508
504
500
465
448
442
448
435
439
420
445
436
433
430
427
428
421
401
392
396
408
409
404
388
416
455
483
475
468
474
462
459
491
516
541
531
527
539
543
550
536
537
531
518
524
519
523
516
522
528
531
524
517
527
528
519
518
536
586
614
594
598
608
592
584
589
600
597
561
574
559
568
561
564
567
540
517
512
497
509
515
507
501
512
534
593
621
632
620
607
627
636
588
504
466
474
468
470
508
567
620
605
589
598
606
600
597
598
599
598
602
609
575
544
513
527
544
520
523
530
525
523
556
559
548
550
535
558
551
557
552
547
559
588
599
595
589
596
598
597
596
613
622
578
501
453
470
484
490
465
471
493
570
613
576
512
478
499
495
493
491
510
505
517
521
525
519
513
531
515
508
509
542
620
664
674
646
656
663
652
632
602
594
587
606
599
584
588
599
595
578
553
549
544
547
533
553
554
528
498
490
477
473
472
494
474
474
495
516
535
525
530
529
533
523
530
526
524
522
519
519
520
525
519
530
533
538
540
520
535
530
529
528
533
534
523
521
531
520
532
524
526
523
520
539
546
517
522
545
519
503
535
575
415
126
