607
582
532
553
566
546
535
570
567
547
554
570
560
549
559
561
563
565
565
582
594
620
630
632
620
626
635
622
608
628
633
592
533
496
508
518
513
498
536
587
615
590
588
598
612
609
604
585
508
477
476
499
488
440
399
372
359
382
392
377
357
411
497
561
551
549
571
577
558
563
575
575
574
573
605
605
562
496
461
460
464
460
471
459
458
511
586
634
624
609
622
625
622
624
627
629
615
613
629
635
616
557
532
543
547
542
540
544
562
543
522
495
484
476
484
498
498
497
486
490
485
482
485
493
481
493
485
480
487
492
490
486
483
475
489
487
495
503
488
491
483
487
491
484
479
484
480
502
498
491
488
484
492
494
488
494
481
485
477
488
471
459
451
458
468
461
456
463
472
459
459
470
465
467
465
463
459
440
413
422
432
428
425
443
439
450
449
450
455
458
443
437
441
457
484
488
503
492
494
497
496
505
488
503
504
496
496
493
499
499
496
497
513
508
500
498
491
494
491
503
497
490
503
507
497
492
500
494
486
498
496
482
500
474
471
466
478
476
473
460
466
474
464
468
465
463
465
472
468
457
460
458
457
469
467
489
480
476
489
476
477
475
470
470
453
452
452
454
443
445
423
409
417
423
399
397
472
573
634
618
611
608
623
623
622
584
518
477
470
489
493
477
484
467
499
553
607
595
582
583
602
598
552
477
431
429
440
419
372
370
372
380
377
362
361
420
537
609
582
568
576
605
591
569
594
642
639
633
640
654
629
647
641
630
597
572
574
580
583
576
585
581
560
519
488
477
498
487
493
500
499
484
499
519
528
533
531
520
530
528
533
537
518
522
547
528
511
514
533
527
528
526
529
520
520
538
531
518
526
539
516
523
535
534
523
519
556
519
496
544
574
409
132
