626
577
524
564
598
569
559
570
580
577
572
590
572
570
570
592
569
561
578
585
567
581
603
597
583
586
591
576
567
586
584
565
499
484
493
498
498
489
491
484
479
462
449
451
453
441
455
468
460
459
453
477
476
488
468
483
477
480
476
469
468
466
462
457
462
473
462
466
426
407
416
421
407
411
411
418
402
380
353
336
347
360
358
340
353
360
346
337
381
441
464
455
462
458
446
435
492
593
633
631
602
627
616
614
607
631
619
601
603
595
587
593
596
585
518
491
521
521
512
504
513
516
497
465
453
427
450
456
457
453
441
461
442
446
452
462
455
461
465
456
449
462
472
452
432
435
443
434
421
415
416
427
409
422
423
414
435
416
388
406
413
403
386
453
568
627
628
605
617
620
611
610
606
621
611
607
608
604
604
615
615
606
596
612
609
579
538
489
479
518
532
543
536
544
547
534
551
582
606
604
594
589
598
597
587
599
595
574
519
487
494
502
499
480
502
493
478
513
583
621
595
580
603
606
602
594
614
576
511
483
491
496
494
478
499
476
459
443
441
444
440
436
447
455
475
489
479
480
473
491
481
481
464
456
447
417
407
405
414
408
414
419
402
404
400
402
424
451
480
475
467
465
472
468
470
481
465
470
468
474
475
476
484
467
457
478
562
583
582
569
585
586
569
587
625
636
623
618
635
605
545
516
528
535
530
543
545
511
481
463
446
410
425
412
407
414
418
412
399
451
566
630
618
594
609
617
610
612
616
614
602
621
589
536
490
517
569
577
563
569
573
555
557
576
571
557
539
529
517
531
534
517
532
526
527
523
521
526
513
531
528
536
520
519
531
517
530
526
538
534
524
533
527
524
531
536
516
510
528
534
519
535
552
525
501
539
566
412
130
