658
631
582
594
574
519
504
538
548
510
483
513
491
478
500
499
471
455
479
464
464
470
476
459
432
412
406
409
404
406
410
405
394
391
385
383
396
400
399
392
395
387
382
377
387
408
466
494
493
469
473
513
568
580
574
595
609
624
628
620
599
632
624
592
536
507
501
523
502
499
515
504
489
473
455
471
468
462
471
466
464
460
484
490
491
501
496
494
495
496
502
503
502
491
490
501
491
501
492
500
491
501
485
470
464
447
447
454
444
444
464
491
495
495
475
493
479
471
524
606
643
641
637
655
621
564
520
534
533
530
522
532
547
536
527
497
495
490
501
503
497
498
508
505
500
475
429
389
409
415
428
393
407
406
415
379
390
416
390
374
445
587
675
660
629
646
675
634
585
590
587
576
588
593
559
518
473
489
498
485
492
485
492
511
474
425
376
395
416
395
391
393
423
421
436
446
427
422
432
448
430
414
472
571
631
621
597
602
611
619
587
543
522
524
524
529
520
518
526
533
559
573
574
554
567
579
572
562
542
532
523
533
528
514
567
646
700
680
674
679
682
684
694
697
656
597
600
599
603
593
603
600
614
606
591
545
509
524
539
504
456
446
461
480
484
488
485
483
488
477
508
593
625
610
527
510
534
520
491
551
611
636
621
619
623
615
618
635
595
520
495
493
510
499
496
501
491
498
492
473
460
454
457
461
457
461
467
468
451
457
444
472
519
544
541
529
532
528
518
540
539
525
530
531
531
528
526
538
530
507
526
533
524
528
527
533
527
528
525
530
514
544
540
517
514
539
513
504
556
587
421
138
