515
500
459
477
497
470
505
573
623
625
605
600
621
621
571
473
410
423
442
438
429
433
435
449
505
540
527
515
516
528
517
514
540
553
546
542
553
571
608
631
632
633
634
634
624
593
586
589
588
587
592
586
586
597
573
504
459
464
481
469
474
477
481
453
420
405
410
412
414
412
398
439
528
583
577
567
578
572
544
541
535
549
547
550
545
533
535
555
574
573
566
572
572
566
566
565
586
608
571
559
531
560
541
536
543
564
563
562
572
539
525
508
484
504
503
502
488
500
526
574
607
609
596
595
584
555
531
552
548
544
546
561
551
533
541
547
535
549
537
548
543
549
529
551
540
551
543
549
540
550
547
537
544
552
542
538
539
534
536
539
551
542
525
536
571
581
577
561
581
577
566
579
583
550
524
515
519
503
502
511
519
509
518
538
540
525
571
634
676
665
653
672
628
540
515
526
534
527
516
508
550
565
595
602
585
592
590
595
582
587
579
584
567
539
509
515
515
510
503
545
595
628
623
600
634
610
555
515
512
538
557
610
656
648
630
623
652
659
611
535
480
477
490
501
500
472
483
497
487
492
505
485
479
490
490
483
484
495
489
490
485
488
485
461
460
504
591
646
645
635
633
651
649
588
522
490
481
499
509
554
598
579
527
509
529
506
520
505
540
585
594
587
580
598
588
581
566
571
556
569
574
571
554
545
520
520
526
535
543
519
525
560
638
670
665
660
663
676
671
653
654
674
672
664
661
662
663
661
661
664
661
650
687
653
655
665
667
669
657
667
670
639
594
561
579
567
538
527
520
522
524
525
533
538
527
528
535
522
519
533
518
527
528
526
523
515
533
526
528
526
527
524
530
529
520
517
534
541
527
514
532
533
507
515
534
525
495
549
575
408
133
