603
578
544
568
576
542
562
609
633
619
629
628
617
623
630
619
538
507
528
529
511
532
502
427
381
389
410
402
400
417
396
383
415
414
409
421
431
414
395
483
628
712
686
660
688
698
676
681
682
687
673
687
698
682
678
680
696
683
676
689
668
673
682
679
661
676
678
677
673
688
690
687
678
683
689
680
682
682
680
660
624
597
594
606
606
603
592
605
593
603
593
585
579
577
587
595
551
503
469
488
491
500
462
412
377
377
410
408
391
387
410
464
491
495
480
479
496
473
489
491
547
574
557
556
570
568
574
562
555
531
535
536
534
520
546
571
595
593
580
574
596
596
586
584
587
584
577
568
592
638
665
652
647
671
627
555
522
527
532
538
534
541
539
519
533
553
528
470
453
460
460
459
466
466
462
454
475
467
464
450
475
472
450
456
485
496
498
517
504
510
520
508
503
504
535
577
598
609
594
587
607
598
575
511
474
487
495
494
480
484
486
492
502
497
497
500
510
503
501
499
494
501
508
484
499
508
482
488
513
552
577
561
563
561
567
567
569
543
519
507
504
511
541
597
636
615
556
534
552
561
542
533
552
535
531
543
559
534
516
502
498
505
498
504
502
497
513
499
449
441
445
439
443
444
465
455
430
452
453
438
417
505
638
721
698
679
689
691
691
700
662
616
584
586
604
583
515
489
510
512
502
490
463
459
459
468
446
451
470
454
434
415
442
426
370
361
349
363
346
348
377
411
437
428
434
442
419
408
472
573
648
636
610
624
642
637
586
529
496
504
519
516
514
508
521
500
492
514
511
522
509
509
500
471
455
453
473
462
471
472
462
460
469
467
451
447
472
463
467
468
477
467
467
475
483
485
472
488
487
483
486
519
522
516
528
535
537
520
532
521
532
521
531
530
515
525
530
533
513
520
533
523
537
534
521
528
527
523
530
515
534
535
529
521
553
523
511
545
579
407
129
