481
470
444
433
444
421
399
420
428
404
404
438
470
495
489
497
491
482
481
502
531
548
551
547
541
523
466
416
414
434
431
426
424
431
423
415
420
470
535
596
597
569
567
597
641
654
643
636
635
637
627
604
581
585
587
594
554
513
486
469
487
470
483
485
491
466
414
381
388
396
390
384
390
428
455
488
480
480
462
467
497
557
605
596
592
598
594
568
545
565
556
552
566
610
629
607
610
639
594
521
497
502
510
501
494
489
474
458
453
462
469
454
458
467
462
460
453
441
435
445
440
445
441
449
436
431
439
437
444
443
441
446
439
435
446
461
428
403
391
389
389
390
397
395
383
414
447
471
466
465
469
461
466
477
495
522
508
507
509
534
572
591
594
579
588
577
582
575
573
573
570
570
584
572
563
586
595
538
487
449
475
478
479
471
465
460
493
552
624
603
582
603
624
606
591
611
628
562
499
463
467
474
469
459
450
451
508
618
686
669
635
662
672
637
589
589
593
581
575
579
594
569
530
507
510
510
511
523
516
501
483
479
459
463
463
459
455
464
463
473
464
469
465
454
460
469
473
467
463
474
469
455
465
464
464
465
453
460
461
453
461
462
461
467
459
472
464
465
467
456
466
460
464
463
452
460
475
479
487
476
477
480
477
474
482
478
485
472
425
400
418
408
412
414
414
411
415
410
408
418
409
417
416
414
417
421
419
398
417
421
403
398
404
394
386
397
400
371
363
454
600
676
653
636
656
661
661
646
655
664
646
611
600
587
584
590
588
603
583
528
500
506
517
514
511
509
518
491
467
457
454
452
443
449
457
462
459
455
458
464
453
453
458
480
494
493
487
480
490
484
471
496
517
547
525
524
525
522
512
531
532
529
526
533
528
519
532
527
530
532
535
531
523
528
533
524
534
523
532
515
532
541
522
523
529
534
523
518
534
534
505
520
559
519
492
544
573
412
130
