492
478
426
451
475
441
440
458
467
441
448
462
462
431
429
427
418
404
426
420
420
416
412
449
467
479
484
494
480
496
497
465
480
512
533
546
550
555
555
543
552
556
512
447
416
423
418
426
439
424
417
459
549
577
580
566
579
583
564
580
620
641
642
635
643
641
644
620
612
593
588
590
587
578
580
585
592
575
575
594
592
582
510
470
479
489
478
482
492
495
451
407
369
383
409
458
495
476
466
462
478
455
489
566
603
584
566
558
562
554
552
554
552
553
566
605
619
629
624
614
607
630
627
590
531
481
496
506
502
500
511
508
467
454
474
468
447
463
471
462
453
443
440
444
443
444
447
452
443
446
450
444
456
457
455
440
404
380
381
389
384
388
381
375
398
456
474
465
459
474
476
478
465
473
466
466
463
460
473
465
501
506
500
512
503
513
500
507
523
513
505
509
512
513
534
560
595
585
569
579
573
568
579
575
580
572
555
494
442
446
480
482
462
464
502
575
617
616
602
590
599
604
597
591
624
612
555
512
477
457
462
518
603
671
677
658
639
612
578
575
582
589
568
585
613
566
524
511
529
513
503
516
531
495
462
458
455
462
467
459
471
470
457
470
478
448
461
464
463
454
474
479
469
474
473
471
471
480
493
484
475
489
468
477
485
476
478
480
485
491
480
455
425
400
399
406
416
408
401
402
414
386
382
377
384
377
384
397
396
372
397
413
379
371
456
591
667
658
644
661
661
651
659
640
597
578
584
600
601
586
597
573
525
496
504
513
517
500
529
520
497
476
454
445
450
456
465
448
454
461
477
490
482
474
489
494
524
543
538
526
536
530
525
528
540
529
516
526
530
525
513
525
529
520
522
522
523
528
528
533
521
512
525
542
523
523
543
536
515
523
550
531
499
555
573
406
128
