553
525
489
513
522
497
510
575
612
593
578
582
605
593
550
488
421
416
448
445
418
430
464
452
436
454
460
441
440
482
584
614
602
611
605
613
615
610
613
619
609
613
608
613
616
604
610
627
597
558
540
529
552
532
532
549
581
586
593
580
592
592
566
571
587
568
564
581
625
655
663
645
658
647
652
645
655
642
642
653
645
644
648
646
654
640
648
654
662
622
567
532
545
552
553
539
555
529
505
508
505
506
513
505
513
501
508
516
496
452
437
440
451
439
445
460
449
448
466
463
456
465
474
471
451
448
493
588
667
666
647
633
673
690
613
496
442
424
447
449
430
432
431
462
532
586
563
549
560
581
570
554
572
602
629
620
608
619
629
598
546
520
524
542
524
519
515
516
523
521
516
523
518
521
523
510
562
618
675
669
654
653
675
674
647
599
573
587
599
581
585
582
601
577
551
551
543
556
553
564
572
566
549
549
568
612
623
623
620
624
636
611
549
527
526
539
548
540
540
538
528
503
472
478
473
491
480
491
493
478
479
485
490
496
490
481
480
488
491
490
483
491
482
474
492
483
490
484
484
473
453
459
465
459
459
457
476
480
476
481
483
474
469
504
561
596
570
581
587
592
589
580
583
583
564
581
599
624
637
630
630
619
642
635
617
562
526
503
507
501
504
509
508
493
500
504
493
481
484
480
478
480
495
479
485
483
463
467
455
473
473
468
469
473
465
446
445
438
447
433
453
439
442
440
416
412
411
417
408
393
384
384
384
371
416
481
524
517
507
520
518
512
523
596
639
638
596
549
528
535
541
537
536
525
500
472
468
473
486
480
469
482
481
481
474
490
516
526
527
518
523
536
535
533
529
532
531
534
524
526
539
523
525
530
526
526
530
534
530
530
531
522
513
531
538
527
518
539
535
512
525
537
537
525
527
532
527
521
519
528
516
515
545
531
498
545
570
424
125
