654
619
564
609
601
536
493
524
536
520
503
525
535
546
572
583
560
573
580
580
563
562
566
531
515
550
562
530
554
614
630
604
621
640
593
518
508
507
513
489
535
597
617
637
619
573
511
476
470
482
465
467
480
481
462
479
468
467
437
416
421
419
425
434
415
421
437
407
408
467
592
658
647
611
622
633
635
608
626
631
613
618
640
628
606
623
629
590
500
468
481
493
459
486
491
472
441
412
432
415
420
409
430
429
415
435
413
424
419
414
407
468
576
638
614
580
602
601
591
574
607
591
516
507
528
534
509
548
621
667
654
638
654
623
572
541
537
554
541
546
564
534
513
520
525
504
502
516
509
512
499
486
486
480
495
492
485
480
477
471
457
461
463
465
450
457
468
463
466
462
476
467
473
479
464
463
512
514
514
501
520
518
503
490
538
572
589
590
601
580
596
599
586
591
546
510
497
529
534
492
469
450
449
456
462
464
445
441
435
431
425
427
426
421
423
417
440
436
431
440
438
420
420
485
578
624
623
613
578
476
422
441
439
438
473
547
612
587
565
587
604
581
594
579
585
576
591
639
647
631
628
655
624
600
575
582
575
577
567
580
571
550
479
444
456
485
459
442
461
467
424
398
382
392
371
377
395
359
346
427
561
624
610
595
610
616
601
602
608
604
602
614
610
601
604
616
586
548
515
532
533
536
525
538
508
496
488
490
498
485
496
507
534
533
524
521
527
522
520
514
528
537
517
531
526
533
524
529
533
524
527
526
513
513
535
528
524
514
543
540
520
519
540
515
509
538
577
412
135
