554
531
467
513
529
497
484
506
515
477
457
438
444
445
441
452
429
442
464
454
435
417
406
392
405
410
390
374
451
553
608
594
578
589
600
592
592
607
589
594
598
596
595
601
589
599
600
621
630
633
624
622
635
639
635
607
550
513
529
535
524
521
559
636
686
658
661
661
644
583
540
562
582
558
579
612
614
604
614
622
584
547
518
550
533
528
560
610
654
629
640
643
645
646
637
645
631
631
639
629
636
642
635
640
638
636
645
630
634
650
647
638
643
659
615
552
523
533
528
528
508
526
538
520
483
476
473
463
461
466
474
479
477
490
507
498
499
477
507
555
567
567
551
575
561
559
551
538
540
555
552
550
549
561
588
611
604
584
611
622
583
515
468
495
493
489
471
492
490
496
506
512
516
517
531
507
501
536
577
600
611
603
598
598
596
609
566
515
462
474
476
464
475
479
480
453
433
435
424
439
434
432
427
470
551
607
588
569
589
599
598
590
599
577
539
540
539
551
529
542
546
537
537
519
551
541
555
579
588
533
481
450
447
451
461
450
447
433
479
572
625
610
588
596
613
605
603
606
618
596
599
612
616
613
619
636
622
594
620
647
586
506
469
477
482
482
481
461
441
463
464
437
427
501
640
716
710
692
673
636
601
605
610
601
589
609
597
540
499
511
539
515
494
478
458
455
452
470
446
441
445
458
448
448
458
454
452
444
461
443
442
447
455
471
480
488
476
474
480
479
462
476
483
475
469
445
446
451
445
459
456
433
407
401
397
390
404
392
394
386
411
443
451
456
461
451
458
486
551
576
573
573
593
578
576
579
564
544
524
528
545
537
535
534
536
521
535
529
516
524
532
534
517
528
525
519
529
524
526
523
525
526
527
524
537
529
524
520
529
530
529
516
532
521
534
533
528
522
539
544
534
521
539
541
515
525
534
516
494
556
566
415
134
