549
530
485
500
541
560
581
588
593
574
593
595
549
461
429
442
446
460
432
432
430
441
443
482
566
625
605
597
612
620
594
540
520
534
545
530
542
533
544
574
596
592
577
585
598
593
571
582
563
574
575
587
566
568
588
572
571
559
577
566
567
577
571
576
568
578
576
571
574
575
575
569
569
575
572
565
575
593
623
657
667
651
645
666
669
624
572
552
548
558
551
541
547
565
543
548
556
533
505
513
507
514
511
506
493
458
439
449
444
452
456
443
435
445
460
481
448
443
504
599
665
672
646
645
686
689
600
500
416
411
439
436
445
429
431
453
522
574
557
548
563
563
554
548
574
615
625
614
604
623
627
606
539
517
514
527
517
526
530
523
507
551
615
676
664
668
642
604
580
586
602
592
571
560
549
548
547
555
558
557
557
566
554
562
576
568
548
555
559
567
552
560
569
608
620
625
598
549
523
533
545
529
543
546
540
526
500
480
485
486
476
484
492
480
484
491
489
494
482
462
474
465
464
452
465
478
475
483
491
475
475
503
552
592
582
582
571
594
627
629
627
633
634
617
566
530
546
549
550
538
537
512
508
499
514
498
497
508
497
490
470
484
495
475
462
462
467
476
449
436
448
428
446
443
425
422
413
404
410
396
404
404
411
402
396
402
412
409
408
411
413
408
405
420
413
398
394
412
408
395
395
403
390
375
416
484
517
525
510
510
526
502
512
534
597
627
636
600
553
519
533
536
528
535
503
495
473
468
476
478
482
473
476
489
510
528
527
529
515
527
529
515
520
528
522
519
512
522
527
525
523
537
520
521
527
534
521
535
540
524
515
521
522
535
531
538
542
531
535
536
525
511
528
540
525
525
541
531
527
507
539
527
519
526
551
527
509
555
572
422
124
