694
643
605
629
633
550
497
537
559
512
488
490
480
480
488
489
474
435
418
437
427
428
429
424
424
433
444
430
422
418
436
454
463
459
467
446
452
497
528
568
562
558
569
564
564
556
561
557
554
570
600
609
608
598
605
601
606
612
619
586
523
480
488
507
500
492
506
510
485
485
477
470
478
483
477
465
463
505
554
599
597
583
570
569
567
561
563
563
577
558
566
550
547
577
595
611
607
611
603
602
599
616
618
603
599
619
601
602
620
613
587
515
473
480
486
495
477
475
483
485
483
496
490
500
497
491
503
557
591
591
588
579
587
580
553
508
490
478
496
483
475
476
499
510
508
513
516
499
505
540
573
595
604
593
565
520
458
469
489
488
484
490
496
475
457
467
475
480
456
472
523
536
534
541
547
525
518
564
621
655
654
651
657
662
655
652
645
649
646
648
647
662
654
624
576
548
546
554
547
553
596
611
617
592
592
616
609
569
508
490
485
481
485
478
484
493
481
476
488
467
503
571
622
612
589
590
598
593
579
597
612
605
594
590
593
594
599
600
600
597
600
602
576
588
601
596
601
602
606
578
525
511
519
526
496
457
428
458
445
447
433
443
434
421
401
405
406
413
427
441
436
440
451
440
445
450
443
408
382
380
392
386
382
396
399
393
385
394
371
361
442
575
685
666
648
662
655
642
644
656
659
644
644
660
652
644
655
643
606
585
587
592
585
578
586
602
582
500
467
475
496
472
419
402
409
422
404
414
424
399
384
453
555
622
603
601
612
616
596
576
581
586
592
595
579
586
537
523
517
540
526
520
519
532
518
516
535
536
518
529
529
524
521
528
520
526
539
534
530
518
538
532
522
527
544
532
512
528
542
522
499
560
571
416
126
