576
543
496
498
478
444
436
479
478
447
459
481
466
454
452
447
428
414
433
427
431
430
427
433
421
441
446
443
411
386
355
357
354
359
349
360
397
417
408
399
410
427
392
377
467
601
694
684
678
683
687
682
681
647
608
560
571
586
579
555
565
599
612
619
636
624
602
613
639
581
509
487
493
503
475
487
503
462
394
370
376
384
377
365
353
400
494
559
557
539
536
558
552
539
535
548
530
516
516
517
515
522
508
518
544
545
546
545
532
535
560
594
627
623
609
585
561
581
569
569
565
573
568
560
564
562
572
561
561
554
571
612
633
615
564
516
527
536
532
532
533
547
516
505
499
496
497
493
499
489
479
524
547
566
578
565
573
574
572
601
630
631
625
610
584
562
557
574
571
566
562
570
567
566
564
575
570
563
560
560
575
559
561
584
619
648
633
626
634
642
646
613
568
548
544
563
541
547
558
560
543
524
514
511
520
513
509
503
483
488
489
485
480
498
488
466
457
452
438
435
444
463
451
447
458
456
444
440
431
428
408
430
437
421
402
470
569
625
618
610
621
617
620
619
608
534
501
508
520
508
520
529
489
435
405
422
434
422
419
429
417
421
426
442
428
428
431
427
434
437
448
437
434
446
436
443
439
435
443
439
436
446
448
442
424
392
354
351
371
375
347
351
408
516
597
578
550
560
589
612
628
634
627
633
620
623
599
587
600
593
594
596
591
597
597
596
609
598
602
598
594
592
581
608
613
585
525
518
524
519
512
522
528
522
518
515
521
527
512
535
526
531
528
530
522
535
526
518
517
529
534
533
516
527
524
529
522
535
522
518
532
532
527
522
524
520
519
531
529
518
514
553
530
521
512
543
518
494
552
583
418
129
