609
580
519
588
636
614
618
631
631
613
627
642
607
535
505
521
528
517
510
519
528
523
524
521
511
505
511
518
534
498
447
374
384
410
416
389
400
405
410
395
405
406
412
407
421
425
399
402
485
598
639
610
591
602
620
610
593
599
600
577
589
590
584
574
577
590
589
583
599
605
556
501
477
484
493
488
490
500
479
485
496
459
422
396
398
426
474
502
502
486
486
491
495
482
510
551
579
573
566
551
559
564
552
535
533
540
522
538
538
535
549
535
543
577
601
591
585
596
591
589
596
595
588
560
568
577
559
565
581
632
664
659
653
654
663
660
609
552
535
527
532
527
532
529
510
471
443
463
465
461
479
495
521
517
513
513
519
527
569
610
604
558
510
480
483
490
494
490
494
491
502
509
492
497
501
498
490
509
552
548
557
563
554
555
529
512
514
521
522
505
505
508
526
504
498
539
603
633
649
632
624
643
646
605
572
542
554
536
543
546
553
543
515
501
507
501
516
497
453
439
437
445
435
430
442
436
447
438
454
450
443
434
462
431
419
495
631
712
697
667
688
702
705
679
620
588
587
599
586
589
607
610
570
518
500
491
501
508
490
470
456
461
466
452
428
440
423
431
427
421
417
382
355
352
354
352
346
351
364
400
433
428
416
421
438
423
412
465
574
634
630
603
620
636
629
589
552
483
496
520
537
494
473
468
462
465
455
456
474
467
462
470
472
498
488
471
481
489
478
498
508
530
523
536
526
542
531
529
536
539
533
530
533
534
520
518
534
531
542
542
533
508
528
529
528
517
523
526
535
513
536
534
516
518
539
537
513
532
551
517
487
550
570
408
135
