557
532
478
518
511
494
455
445
438
437
442
458
440
440
443
446
441
426
415
397
394
412
392
393
450
548
610
598
586
585
595
594
585
600
628
635
634
635
631
632
612
549
523
518
532
524
532
552
524
507
559
640
666
669
671
665
658
654
657
657
647
656
653
659
667
657
644
591
553
552
560
562
576
561
571
566
565
568
565
566
577
578
563
576
580
569
564
560
564
558
574
565
564
574
572
570
573
559
575
565
572
572
566
562
571
577
576
588
612
628
596
536
544
600
660
651
644
639
642
645
637
637
644
640
640
638
639
637
630
628
651
661
614
574
523
507
535
533
512
485
475
469
474
477
486
494
503
499
486
504
505
502
496
491
513
554
571
579
564
565
557
545
544
542
550
548
542
548
566
589
603
614
594
594
612
609
569
517
465
479
483
488
488
509
519
511
518
509
510
509
522
522
512
522
517
520
524
517
510
538
583
617
623
606
601
618
612
579
493
457
464
483
473
474
473
469
447
427
434
437
416
466
547
606
584
575
577
591
579
588
587
548
532
541
546
545
539
530
545
561
571
565
567
555
561
566
574
523
479
449
438
451
460
437
429
479
579
627
622
603
617
630
609
608
600
622
632
626
614
620
632
614
602
625
623
611
610
624
631
579
516
459
471
478
480
486
479
488
489
469
445
453
471
442
434
505
637
712
712
663
669
698
699
658
616
602
590
606
610
605
583
541
509
517
512
511
519
505
463
442
452
457
462
448
450
449
452
445
457
445
450
466
476
483
479
469
480
467
476
473
474
474
471
479
461
441
450
457
452
443
440
450
455
449
451
455
437
446
442
449
445
440
450
457
434
406
404
392
402
387
392
391
387
414
435
462
459
439
479
564
596
573
532
524
536
523
526
528
534
521
527
527
531
516
539
529
520
528
540
525
517
527
532
523
518
540
549
517
537
555
532
502
551
568
407
117
