492
476
423
447
463
455
434
438
425
415
423
432
415
413
434
479
480
488
476
483
496
485
505
525
553
553
511
448
429
430
426
441
420
433
432
431
430
428
414
461
533
592
579
572
568
579
566
570
577
585
617
632
640
649
645
643
652
636
618
593
578
571
590
592
580
583
586
596
565
511
480
480
486
485
484
481
475
485
475
470
490
476
483
453
417
391
392
396
389
377
389
420
458
493
463
474
479
486
458
487
560
596
600
588
596
597
582
590
588
567
541
557
571
552
550
561
606
625
625
614
612
619
634
637
590
531
489
505
507
488
507
501
501
475
462
458
474
465
458
452
441
450
427
454
445
445
441
445
437
447
456
446
452
451
455
446
446
448
405
373
383
386
381
364
414
459
476
466
467
462
459
472
505
514
515
503
503
509
509
518
499
497
516
571
577
579
578
583
576
580
578
567
580
583
572
494
460
463
469
441
483
573
624
562
476
466
452
449
502
614
669
661
651
664
667
656
664
643
605
572
578
597
579
579
593
574
517
513
513
520
505
505
528
505
462
452
466
459
447
462
456
450
461
461
453
451
465
469
458
455
459
458
464
473
479
474
481
479
481
476
479
475
475
479
493
479
475
483
469
468
429
396
427
416
415
402
423
424
409
413
418
410
405
416
409
406
415
419
404
396
410
398
380
393
396
369
369
450
596
666
659
644
652
659
658
647
631
608
579
593
601
594
585
600
587
587
603
586
542
516
523
527
507
504
522
509
464
445
468
469
442
439
459
447
457
456
463
483
491
471
478
496
480
479
496
521
542
531
529
531
529
513
529
535
530
523
514
540
531
524
523
526
519
523
539
533
522
517
541
529
520
528
533
520
533
551
521
500
546
575
409
135
