622
598
526
561
581
556
545
571
577
593
606
642
621
602
628
632
597
542
513
514
520
525
508
516
538
482
429
393
399
400
405
396
395
400
403
398
419
439
423
397
418
443
398
375
479
627
700
636
576
599
614
598
586
606
599
597
595
610
608
605
600
600
595
591
613
599
609
602
593
587
581
605
589
568
581
595
582
502
471
485
490
488
478
495
483
477
496
497
467
416
409
397
406
403
391
385
398
492
551
572
569
562
567
568
566
556
565
546
545
526
541
530
534
533
539
545
563
601
600
575
570
583
573
571
597
634
665
658
636
648
657
643
643
657
657
623
547
522
535
542
523
532
555
548
544
504
476
451
452
452
469
454
457
477
499
511
514
520
521
506
512
527
579
607
598
591
592
605
601
568
510
477
480
480
491
480
485
509
494
501
503
497
493
514
544
567
560
559
567
555
521
501
515
541
599
639
649
618
558
546
542
551
554
548
549
547
532
514
503
504
514
503
508
512
499
454
419
427
446
442
430
437
448
441
431
451
445
440
441
464
421
424
509
639
708
694
686
692
702
672
689
698
673
605
589
597
599
606
602
581
520
491
504
507
493
460
460
470
447
456
468
461
436
431
428
426
427
424
420
418
428
425
425
416
425
434
399
364
348
371
356
346
373
407
432
437
419
412
428
452
412
408
476
581
640
636
619
590
550
504
518
519
513
521
511
503
462
459
466
476
467
455
462
460
470
470
477
467
453
464
465
464
463
462
471
449
452
464
449
451
454
467
464
463
477
460
466
453
463
476
460
453
482
478
471
478
487
483
475
491
517
528
529
525
536
529
528
530
540
518
528
530
524
526
528
526
533
527
550
535
531
531
530
528
523
530
530
516
515
534
548
528
530
548
522
500
547
563
423
119
