554
536
489
493
527
533
574
622
611
589
598
616
619
607
610
617
608
611
623
621
606
611
612
616
614
625
617
617
608
629
625
611
624
623
624
617
629
612
604
614
629
619
610
621
636
593
521
501
504
516
501
540
605
600
533
493
483
512
510
483
504
537
578
597
605
609
556
516
479
475
488
488
483
469
447
431
451
450
431
434
448
435
436
488
576
625
616
611
578
494
425
437
480
454
444
497
582
616
603
599
612
610
588
588
587
537
524
530
535
512
520
527
537
529
544
573
561
571
570
560
563
551
582
590
591
619
610
594
558
548
539
554
541
544
542
525
537
546
533
535
558
569
580
585
582
576
585
586
576
523
495
500
501
503
502
521
508
493
537
580
628
629
610
610
627
630
621
602
592
603
602
592
621
610
576
519
492
487
502
512
519
530
532
516
525
531
525
532
577
584
568
556
576
573
578
584
579
589
582
571
586
574
542
483
434
444
469
440
440
480
584
622
611
597
612
607
604
628
634
604
553
524
543
543
519
515
520
524
515
526
509
489
490
500
488
470
447
458
452
446
456
469
452
449
458
452
454
446
444
448
460
465
437
446
458
440
444
471
506
522
521
510
514
513
517
500
503
541
586
643
629
611
606
634
592
507
475
477
488
476
480
485
481
478
480
481
483
478
490
471
474
517
590
645
632
623
625
650
640
586
533
486
501
492
504
488
492
506
501
516
528
542
529
532
515
527
520
518
526
572
571
580
585
574
571
577
578
551
468
434
441
466
440
437
487
575
615
621
591
534
516
527
532
544
525
524
517
531
517
535
517
525
523
532
526
537
525
535
519
538
531
517
524
533
518
523
541
540
524
515
550
518
500
545
568
412
134
