502
473
426
454
464
443
454
458
437
417
415
441
434
413
426
423
420
426
428
419
417
432
413
399
392
410
393
382
422
552
624
600
593
601
594
547
526
529
541
543
534
519
546
574
617
597
608
612
610
549
524
529
528
536
535
522
498
479
489
483
490
484
491
477
455
458
458
453
459
458
447
454
455
459
441
440
462
436
437
492
576
615
602
589
604
605
595
587
614
575
527
465
469
544
643
703
706
678
683
698
682
685
701
684
614
582
600
615
597
585
607
576
494
443
473
476
461
451
481
467
429
431
453
419
419
474
565
604
604
599
594
586
592
602
576
536
513
506
531
523
517
539
555
583
588
593
617
629
628
581
530
492
492
509
514
480
470
551
654
702
684
682
681
647
595
559
579
577
514
493
505
502
491
476
489
517
545
568
574
563
559
564
562
565
570
577
572
572
575
578
556
563
582
600
588
583
584
592
590
590
590
575
505
482
503
505
478
472
536
639
702
692
678
679
705
689
651
587
548
542
558
561
558
534
503
470
468
481
480
466
492
485
473
474
490
487
458
467
519
632
699
690
681
678
688
691
655
619
587
595
597
602
600
597
564
493
445
448
471
462
448
464
471
436
383
366
380
368
353
380
379
357
349
410
508
560
554
545
550
551
556
540
553
544
549
552
548
556
569
583
585
568
579
582
593
610
594
590
594
593
595
577
559
518
534
531
530
519
533
537
515
472
447
472
469
464
441
475
520
521
530
527
525
530
521
523
534
525
534
539
535
524
541
533
518
519
531
525
525
542
535
521
523
535
530
512
524
549
525
507
550
583
416
124
