652
618
574
592
591
530
504
525
541
517
518
527
517
513
523
526
512
513
533
519
528
565
577
570
558
567
584
579
581
573
549
537
539
547
543
535
537
551
554
543
545
535
553
537
548
563
597
625
631
600
620
631
622
576
544
496
495
512
510
497
487
523
581
609
607
595
617
624
618
610
616
618
615
601
620
621
583
497
464
461
484
477
456
465
472
467
466
486
477
465
477
476
473
453
442
432
422
434
431
417
414
432
441
409
407
478
588
642
644
623
623
641
635
626
622
633
630
615
612
641
631
589
511
479
463
492
491
471
440
419
429
412
416
464
574
626
627
604
607
619
615
604
611
616
620
617
624
609
608
602
611
613
602
598
602
584
585
594
597
585
589
578
540
517
529
529
527
521
506
554
609
653
644
613
568
547
538
552
550
525
507
501
519
519
515
490
485
487
473
487
483
486
485
481
484
475
478
484
488
469
461
469
461
458
464
462
469
470
483
469
476
463
480
488
522
510
510
508
544
571
602
598
601
595
607
604
604
595
599
608
612
575
552
523
521
527
520
512
536
522
500
462
450
455
464
450
450
450
459
450
456
438
425
427
442
441
423
435
445
431
418
430
458
425
416
469
572
633
629
610
610
601
617
632
581
484
418
430
448
446
442
449
435
474
546
617
600
571
607
641
649
630
639
640
635
633
639
641
621
599
582
567
588
579
572
577
597
563
481
439
461
479
452
448
481
443
385
367
395
375
352
421
577
626
611
603
611
622
599
599
602
607
597
596
606
617
616
594
539
517
525
535
518
534
523
497
482
492
498
493
495
504
519
534
537
533
542
528
534
525
520
532
532
532
538
527
530
523
533
536
515
522
527
528
538
516
541
522
523
527
527
524
511
533
535
524
520
543
524
505
549
582
419
129
