591
613
604
615
630
615
571
556
521
515
528
548
558
579
578
581
577
584
594
561
493
469
489
490
486
495
508
466
428
405
436
421
432
431
415
419
445
473
488
494
485
485
483
474
480
481
480
506
538
543
557
541
534
523
504
501
519
516
508
495
535
591
645
636
618
621
618
629
629
638
634
622
616
634
621
627
642
605
489
429
449
484
457
420
483
539
576
579
583
586
576
566
589
612
622
628
615
611
590
572
573
575
576
570
566
591
582
589
585
588
589
572
566
566
561
546
565
571
557
530
514
504
505
517
513
508
548
589
624
607
605
615
609
606
608
623
596
545
512
525
526
509
523
532
498
434
408
423
435
429
435
446
434
426
468
555
635
615
594
605
613
584
491
463
478
477
477
472
474
478
471
478
485
477
489
488
482
476
525
609
645
629
610
633
638
623
623
644
612
551
522
525
542
527
525
527
546
509
482
458
466
467
468
475
474
454
445
418
425
429
431
429
416
429
440
435
436
437
455
460
482
476
477
481
468
447
437
446
464
452
435
443
459
452
424
434
428
417
412
469
571
624
620
608
610
605
618
607
614
607
620
585
527
487
491
481
480
479
492
494
493
483
484
482
485
494
488
479
492
493
467
423
387
381
410
434
449
450
444
453
446
427
484
585
656
623
525
494
512
526
512
515
527
523
515
498
488
493
466
487
501
496
475
504
516
538
540
532
544
541
528
531
538
544
530
521
529
521
533
521
527
532
532
531
528
519
526
540
517
530
532
525
528
527
530
525
526
538
520
515
528
549
526
520
539
530
508
527
548
513
491
543
566
413
114
