622
592
531
573
594
562
552
582
576
556
564
590
569
561
587
605
610
590
600
591
580
587
598
579
575
583
600
557
494
485
497
486
468
441
456
441
452
452
439
458
471
487
481
478
477
477
470
475
489
477
468
453
470
463
449
470
456
449
425
411
415
423
422
411
422
430
424
398
367
344
347
352
351
349
333
367
434
451
457
447
468
458
449
487
581
630
622
602
613
631
618
614
624
615
591
588
603
594
592
580
606
563
527
499
499
519
517
515
506
491
449
450
446
458
445
445
446
450
453
444
457
455
456
459
452
462
470
459
473
453
451
458
458
449
435
437
441
435
432
432
436
431
437
438
417
420
421
391
392
404
414
380
370
462
567
614
628
609
576
534
495
495
515
507
489
505
509
508
499
503
532
540
532
537
552
538
539
537
555
575
602
588
594
589
586
605
592
583
523
489
488
505
496
462
508
575
611
607
595
594
592
604
597
604
612
599
597
590
602
616
591
513
479
490
507
496
479
489
493
488
456
439
442
443
448
448
443
454
448
454
433
444
455
484
488
484
486
485
486
477
483
478
477
460
445
456
454
448
452
457
459
445
428
403
407
410
396
406
412
419
412
403
422
450
482
477
455
463
478
476
469
468
492
555
597
597
575
589
614
629
617
619
618
631
619
616
612
631
647
609
547
532
543
540
517
529
540
524
529
542
524
470
448
464
462
453
451
462
453
465
453
423
403
398
418
404
390
419
412
393
370
463
570
624
619
610
586
530
499
499
515
525
544
579
569
567
556
581
563
548
531
527
531
531
526
519
532
532
532
535
529
531
518
518
530
529
522
530
531
531
521
538
541
519
525
524
531
513
528
537
523
519
541
533
518
519
551
518
497
555
584
422
124
