653
574
487
517
547
522
520
521
505
480
475
496
483
473
496
483
440
411
463
470
458
456
461
470
490
544
569
564
556
546
569
572
589
625
620
598
598
625
620
572
528
507
511
500
508
512
486
489
468
475
475
471
503
578
610
600
580
591
606
592
597
585
570
562
564
573
573
570
571
570
569
554
563
556
556
558
549
564
562
565
557
550
550
552
550
557
562
542
545
585
606
605
633
617
584
512
475
471
488
499
482
484
511
504
499
497
494
509
576
588
589
563
579
586
583
580
596
561
501
473
483
491
490
478
485
504
519
520
515
524
518
516
506
520
526
521
512
522
515
512
500
522
521
510
509
536
572
604
607
598
586
611
607
573
505
483
493
504
476
473
466
464
466
470
463
486
514
534
527
503
560
625
657
644
646
654
648
663
657
633
571
536
560
555
555
546
555
554
555
590
604
603
583
599
607
598
601
611
571
499
466
477
494
485
486
474
467
498
570
606
609
563
524
510
515
516
518
522
500
455
444
438
451
442
445
453
429
413
392
412
398
400
381
426
437
435
437
436
444
435
446
453
428
439
452
455
442
444
456
430
402
384
396
388
390
397
384
376
380
400
377
384
381
389
383
367
464
600
673
668
643
656
660
653
633
615
593
576
598
610
569
493
457
466
470
463
453
432
413
408
414
426
403
386
455
560
615
603
590
589
614
598
610
601
609
607
588
603
607
596
594
587
581
593
589
585
589
566
532
510
517
547
530
526
522
525
523
527
526
527
522
518
532
528
527
529
532
523
538
528
531
514
528
533
510
524
521
521
519
531
534
517
525
537
535
522
534
538
522
517
531
529
510
528
552
519
498
543
577
417
128
