637
614
560
580
623
609
571
545
521
512
531
522
515
517
564
589
578
575
581
574
570
566
549
529
523
572
595
609
616
607
612
601
610
614
594
534
510
496
504
528
575
623
628
602
602
624
617
587
504
455
455
476
461
436
413
418
425
435
419
407
457
570
652
634
611
633
641
631
616
622
631
606
628
645
613
605
621
643
579
498
475
482
486
487
486
473
424
420
417
432
417
409
432
427
425
418
431
432
427
434
419
435
433
424
421
412
425
424
413
422
430
412
405
472
577
632
613
601
604
631
609
586
593
602
581
592
602
597
573
593
599
578
540
516
530
532
510
549
609
647
644
634
647
649
644
647
644
645
653
639
631
645
648
616
571
535
538
556
554
541
550
523
532
507
513
518
511
513
515
517
485
471
481
485
483
480
466
464
472
466
475
463
473
483
507
519
508
493
513
516
509
498
529
583
612
595
582
586
608
606
599
601
597
594
590
600
603
589
592
604
594
584
583
614
580
544
519
516
528
528
502
463
443
442
462
464
448
448
430
429
434
441
430
436
439
451
415
418
483
583
633
623
624
571
478
429
433
459
443
429
455
446
416
465
553
609
594
588
595
597
587
588
597
626
645
642
626
644
653
623
590
581
593
549
470
433
463
468
447
441
459
468
455
441
396
362
386
392
379
364
435
559
634
610
587
610
619
607
612
615
616
604
598
608
606
613
604
604
592
583
552
519
522
522
531
527
526
508
493
501
495
484
488
504
528
527
519
514
524
527
531
528
530
530
529
535
537
542
524
531
537
533
515
543
535
519
520
536
533
519
520
547
507
488
560
567
423
133
