554
526
484
513
531
507
491
498
467
438
435
464
450
434
447
448
440
446
452
450
441
453
449
436
447
447
442
443
442
454
443
436
434
418
392
392
397
410
393
409
400
407
397
407
407
397
399
404
408
392
400
413
399
401
408
419
389
380
435
548
615
608
588
587
598
596
588
589
608
617
636
624
637
631
626
626
638
604
558
527
533
548
525
521
563
627
667
664
652
654
671
663
639
597
573
563
574
574
557
562
572
558
566
552
589
610
615
610
601
603
615
604
610
597
612
624
585
548
535
535
536
528
547
526
525
558
606
648
636
634
639
658
637
633
651
654
609
551
519
527
527
542
538
524
487
472
471
481
480
478
492
502
505
482
489
509
543
566
569
566
549
570
569
565
561
566
584
568
566
555
551
535
552
543
560
587
610
612
602
596
618
615
578
513
486
478
496
488
486
499
479
496
509
531
515
517
515
521
507
508
531
588
615
591
592
614
615
571
489
466
476
477
469
454
459
447
435
429
450
434
407
456
546
601
593
584
583
590
597
586
590
580
546
533
522
546
546
556
574
572
549
570
570
578
534
477
458
441
443
486
570
618
615
591
600
617
619
601
610
618
614
605
603
617
623
604
626
636
615
611
618
646
593
523
477
469
479
487
472
485
475
471
437
441
470
457
444
449
517
625
717
709
678
689
706
695
661
638
607
575
533
514
517
514
511
523
517
507
469
451
448
465
448
451
463
456
445
444
450
441
443
453
451
447
447
455
465
451
451
443
469
481
486
479
474
480
475
465
442
438
456
446
438
412
389
391
393
393
399
392
407
437
465
455
439
483
551
592
597
576
568
569
546
520
536
533
521
534
532
526
524
522
535
520
516
532
535
523
521
528
531
519
515
536
526
527
526
536
536
520
528
524
514
525
543
521
502
530
555
527
496
554
565
426
126
