609
592
547
570
594
568
543
587
581
563
565
584
587
567
566
577
566
559
574
575
560
571
577
586
580
599
595
587
597
609
565
513
476
502
496
490
488
485
494
470
451
460
462
457
454
479
461
476
476
469
470
453
493
552
579
575
564
559
599
616
634
641
639
632
634
636
632
626
637
642
603
558
524
524
546
529
518
526
552
513
477
443
456
457
457
462
451
477
529
583
614
623
615
603
610
621
598
580
559
554
560
565
568
558
568
572
549
551
562
549
556
558
553
562
576
600
604
588
602
609
591
593
603
596
575
512
488
487
496
497
486
491
500
469
438
420
435
439
417
435
474
512
483
463
490
490
479
493
495
482
469
490
548
572
562
556
562
561
564
561
564
553
570
579
555
493
469
471
477
476
470
468
480
531
558
555
544
557
596
586
607
593
599
596
606
569
519
491
487
508
488
493
498
498
509
539
595
571
573
580
581
563
578
591
593
570
566
582
581
563
586
579
543
468
427
433
435
441
451
439
427
440
479
492
478
486
491
484
476
501
561
582
570
576
588
581
564
571
566
560
546
545
560
540
557
554
555
552
535
549
554
571
597
594
587
583
590
594
561
509
478
482
486
482
479
478
491
475
465
467
478
466
467
489
530
565
548
545
562
589
584
604
597
563
516
484
472
502
501
482
484
516
570
590
583
589
578
572
562
586
592
543
485
428
437
466
470
484
481
483
471
483
468
481
466
482
476
512
549
578
587
581
572
572
585
577
540
489
440
453
472
467
456
451
465
464
456
450
453
470
477
475
476
469
455
495
553
595
580
577
573
567
581
581
569
542
526
521
529
539
525
527
519
514
534
533
537
528
531
519
517
539
541
528
520
526
529
532
528
538
537
520
528
525
523
536
529
530
515
535
535
527
506
547
582
412
139
