523
492
446
484
498
466
497
600
653
614
611
629
617
615
629
594
484
398
437
515
547
531
520
539
532
511
524
554
549
559
562
560
556
548
575
615
636
643
626
636
634
652
621
595
591
598
573
503
472
464
492
473
465
456
490
468
413
403
410
403
412
419
402
398
439
530
571
573
545
571
569
559
555
561
571
555
553
546
545
536
536
528
538
549
572
567
560
567
567
574
561
569
584
581
590
585
588
581
583
582
572
575
585
574
576
583
570
587
592
582
590
587
584
549
550
542
546
547
559
546
555
534
571
572
563
560
571
565
567
583
554
513
490
499
507
504
490
502
514
506
480
512
575
608
600
586
592
603
596
614
589
548
538
545
545
545
536
555
553
540
558
573
571
556
569
575
554
524
520
510
506
515
522
530
550
541
533
539
531
542
538
543
543
551
535
540
544
540
538
535
541
533
537
541
536
536
537
541
550
537
531
539
520
523
539
542
532
534
567
639
653
663
656
650
649
669
677
636
550
510
526
535
519
515
527
515
535
579
609
593
589
591
606
588
588
601
600
583
575
581
593
570
525
512
521
586
637
625
604
614
624
605
587
565
538
508
515
561
607
646
652
643
635
647
648
599
514
460
480
501
497
483
496
490
469
473
472
464
458
471
464
449
498
598
651
639
615
632
636
624
630
637
637
617
634
628
628
628
631
644
625
623
634
629
628
640
636
586
536
486
490
502
491
495
493
511
552
586
588
569
571
586
584
575
554
541
512
511
517
530
511
515
548
577
594
581
593
602
582
592
591
583
569
559
564
565
555
569
569
557
546
536
529
530
532
519
519
562
633
667
662
648
658
657
664
676
653
602
564
582
591
571
572
575
585
581
583
572
552
528
521
525
544
533
526
533
520
531
534
541
526
531
530
531
522
522
534
525
520
530
527
522
523
532
519
513
539
544
522
519
538
541
517
519
547
526
495
549
578
408
132
