565
553
525
588
643
616
598
628
633
611
614
620
619
608
597
552
513
520
540
539
517
526
553
576
576
578
572
575
581
578
563
499
468
489
504
488
488
490
500
468
451
429
427
417
428
420
420
452
474
495
489
476
485
494
479
469
477
488
491
481
499
536
545
547
544
550
553
555
550
549
531
517
505
497
509
518
488
495
524
591
629
627
633
633
622
626
631
588
490
435
447
468
458
447
460
463
458
451
450
451
454
449
460
452
451
445
481
539
594
579
566
591
624
621
622
620
625
646
635
622
580
560
560
573
572
571
592
599
603
583
591
589
574
594
582
564
556
541
528
518
511
523
510
506
514
519
507
536
585
614
615
604
600
609
617
620
606
610
609
615
597
547
518
522
535
515
518
527
536
502
456
418
426
424
438
429
440
435
432
426
430
431
418
420
428
429
429
442
448
417
430
442
428
412
473
572
600
594
594
611
572
516
461
479
481
472
460
468
479
495
476
473
530
606
651
649
628
610
550
537
521
542
535
525
537
526
476
449
463
469
475
473
481
478
436
421
429
429
433
428
437
432
433
455
450
446
446
441
442
448
477
484
472
450
447
453
450
441
455
449
441
445
436
436
435
433
430
424
414
476
559
626
631
575
520
481
479
492
487
479
489
495
481
484
504
476
418
387
398
411
402
381
410
440
438
443
450
444
426
484
581
651
653
624
641
642
598
533
506
510
517
519
515
493
499
490
495
491
494
493
529
532
529
539
536
534
530
534
528
518
520
526
519
527
523
544
529
529
535
527
519
533
533
536
534
532
526
527
527
530
520
534
529
534
522
518
530
527
536
541
546
526
518
533
538
513
519
552
534
494
544
584
414
131
