607
588
518
561
582
562
549
565
578
557
559
569
578
573
577
605
608
588
605
604
601
596
577
578
575
577
594
581
583
578
583
581
551
523
487
475
461
455
452
461
466
446
441
454
458
454
461
456
442
446
460
461
455
445
460
454
455
446
461
462
460
456
450
452
453
464
451
449
457
454
442
453
462
451
451
449
481
479
467
474
485
469
450
467
471
463
461
442
420
407
413
424
425
405
414
424
402
362
340
347
359
350
352
380
426
470
467
445
436
490
585
611
603
589
602
590
601
590
569
526
496
511
523
506
500
527
525
492
462
436
450
446
456
458
465
470
464
456
459
461
461
469
462
439
427
426
437
430
428
432
425
418
420
424
417
415
432
428
419
417
402
398
400
403
413
393
376
450
570
629
620
595
612
607
604
614
604
623
607
607
615
609
604
615
614
612
572
527
501
510
505
504
512
536
539
530
530
548
550
538
533
552
589
591
610
612
599
592
593
604
563
509
487
487
500
498
493
487
499
488
488
486
495
514
495
488
513
490
483
517
567
606
614
576
520
495
493
506
489
457
448
453
448
442
440
452
446
453
444
442
440
453
486
486
480
478
487
486
457
455
465
466
454
439
460
453
444
420
406
404
406
410
410
408
408
406
398
396
420
441
468
477
461
466
488
568
597
594
580
587
576
590
582
590
595
582
576
595
611
624
625
629
625
625
618
633
629
606
548
528
517
530
528
530
525
541
528
523
471
456
452
471
463
454
472
462
422
390
459
565
610
615
597
607
606
615
615
593
534
506
494
515
509
503
509
524
563
571
573
564
573
570
564
559
568
572
575
564
574
562
571
572
550
563
567
547
568
578
577
567
552
565
565
566
550
568
573
567
554
557
553
560
558
561
567
562
539
521
536
534
523
519
532
532
530
534
531
528
531
519
530
535
521
528
536
518
519
535
535
519
524
542
530
523
529
535
525
498
543
578
418
128
