648
620
569
592
622
610
600
576
544
511
516
534
522
519
517
531
526
558
579
573
565
552
582
575
558
567
553
531
533
562
600
610
621
617
601
624
623
590
539
494
499
524
504
495
511
525
505
493
534
595
624
611
620
622
614
620
627
624
585
500
454
469
490
471
458
474
479
476
455
432
427
415
414
432
443
413
404
465
576
644
642
623
626
629
635
630
626
635
634
623
612
629
640
582
519
479
483
466
448
415
418
425
444
429
424
411
474
564
627
618
590
606
616
611
603
617
612
612
618
621
619
607
616
612
614
616
611
609
595
603
614
618
619
616
625
610
606
613
607
610
608
619
614
612
619
617
601
581
596
599
606
597
580
545
516
523
538
523
501
507
561
622
628
576
529
533
559
552
535
554
566
544
538
546
555
534
521
522
521
518
516
505
478
478
488
491
498
492
485
492
482
488
479
476
455
458
464
452
463
465
465
456
455
472
474
465
476
501
508
509
515
519
510
501
543
576
598
598
592
592
602
582
601
607
605
601
601
585
602
603
602
585
547
524
515
472
448
450
450
446
456
456
451
441
420
433
425
425
416
433
438
437
426
427
434
446
423
424
471
560
623
623
601
611
631
622
565
484
430
437
456
457
434
437
474
570
598
596
585
588
598
625
645
642
637
634
648
660
625
593
577
563
573
579
583
554
480
437
440
464
469
454
441
460
449
443
402
357
366
383
376
358
434
554
628
621
599
595
608
611
596
621
621
613
582
555
521
521
537
525
524
537
519
512
482
489
496
492
485
502
509
518
530
536
520
522
532
528
526
521
528
537
517
532
536
523
516
532
529
514
521
530
532
527
533
538
526
531
541
536
519
519
551
526
497
552
567
412
132
