510
499
457
469
491
471
462
489
492
468
461
471
502
574
619
621
604
605
612
626
635
584
481
415
416
445
420
411
441
444
418
412
463
509
532
521
524
549
554
553
551
544
565
611
626
638
619
626
647
631
613
597
580
588
609
599
546
488
462
462
471
478
474
466
469
467
469
484
474
474
481
451
414
400
401
419
411
393
388
453
525
576
583
557
568
568
565
559
569
562
546
536
531
547
535
543
546
539
538
570
561
568
560
563
573
594
595
590
575
577
576
577
572
578
579
577
584
579
589
581
580
596
579
584
586
595
587
577
550
534
541
544
544
542
541
550
556
571
574
559
570
570
546
506
492
495
505
516
492
495
534
572
603
599
592
597
595
600
600
593
567
525
541
553
549
538
539
564
556
563
568
570
572
561
569
568
568
530
510
514
540
536
533
526
535
539
527
534
560
618
677
665
651
641
665
666
632
539
514
539
585
604
587
593
592
590
590
583
580
583
577
590
591
582
583
578
524
506
523
528
508
495
541
600
621
620
619
615
596
625
633
596
543
519
525
532
525
534
529
527
548
619
648
636
617
632
644
608
526
471
478
501
484
473
460
480
476
452
456
509
598
658
658
624
625
642
638
587
519
489
485
505
500
490
513
567
586
589
576
585
584
584
562
537
520
509
518
521
511
541
578
609
596
582
594
605
578
571
560
553
565
563
579
560
555
539
536
516
545
535
524
513
567
639
681
672
663
670
667
664
670
649
587
570
581
562
536
531
528
530
537
526
533
528
528
534
527
521
539
532
512
515
549
529
503
541
572
414
123
