587
548
512
540
565
532
514
558
601
606
604
619
623
611
606
622
629
584
549
533
536
548
541
537
538
538
545
563
600
585
576
589
582
561
498
485
494
488
482
494
508
473
438
421
421
424
434
421
423
440
476
480
484
493
546
547
551
532
544
556
550
554
546
549
548
546
545
541
517
513
497
502
517
497
495
540
610
640
629
619
628
585
498
450
437
455
460
445
446
480
536
575
592
572
574
577
584
592
600
630
629
622
617
634
633
607
592
562
569
574
579
562
566
584
584
590
595
589
581
590
590
595
583
582
581
589
584
593
581
573
558
555
557
563
561
576
553
535
514
512
525
519
508
509
545
587
610
613
600
608
613
595
607
606
605
534
504
518
538
524
520
517
517
521
522
518
506
515
528
535
521
518
529
515
509
526
536
509
442
420
429
431
438
425
427
434
428
428
434
440
434
431
428
435
430
405
480
564
608
613
598
567
509
465
459
484
480
472
489
500
499
474
486
496
485
473
491
490
479
529
611
651
624
609
639
649
618
553
526
547
533
532
528
535
527
536
542
529
476
458
463
474
453
466
476
469
454
477
462
440
423
426
445
444
439
435
445
449
433
438
436
438
477
470
474
465
468
468
471
471
452
456
449
454
434
444
441
445
424
431
427
429
437
447
422
411
466
579
630
617
600
611
615
602
605
614
615
601
624
617
584
514
487
494
486
484
501
467
405
399
394
400
396
389
388
394
399
391
405
433
446
451
426
445
453
445
424
485
588
633
639
637
605
550
495
500
525
522
514
512
523
522
499
505
489
491
499
490
492
482
484
500
524
539
533
533
529
541
533
526
534
533
539
528
525
530
528
527
532
529
528
526
520
525
520
513
541
536
522
524
543
529
529
537
536
533
529
534
533
530
521
534
523
518
534
543
521
527
533
538
509
540
550
523
493
558
586
409
129
