529
487
460
487
517
487
492
507
481
412
381
390
411
388
403
410
400
378
410
415
409
375
443
529
572
572
556
569
578
567
570
561
569
569
548
540
539
539
538
527
533
552
557
564
561
566
561
565
566
569
586
595
601
584
589
589
590
584
591
595
590
582
585
603
592
589
594
586
588
591
600
588
581
595
581
595
600
580
589
585
603
594
586
592
599
588
579
590
602
580
526
493
451
401
362
355
368
377
362
385
437
479
462
432
455
459
454
442
481
552
594
602
582
579
586
601
589
582
600
615
641
638
631
615
637
632
638
626
635
644
635
637
632
635
633
627
637
639
629
631
634
626
643
636
609
558
516
519
543
538
530
543
545
508
460
445
469
421
410
395
399
399
407
412
388
368
463
600
699
671
645
669
668
650
653
665
672
657
643
659
661
667
650
657
644
652
664
674
672
633
581
551
561
561
560
563
571
558
542
562
587
623
611
607
613
605
610
617
605
617
615
612
611
624
620
574
520
473
467
485
481
467
469
476
484
469
467
517
610
676
664
650
642
669
671
627
563
534
550
552
542
549
546
525
458
425
433
453
434
427
455
508
554
553
557
563
573
569
562
551
557
555
560
559
575
599
629
629
617
617
622
618
607
571
551
551
559
574
556
552
526
515
517
509
500
509
527
525
501
501
514
514
497
515
537
557
558
535
545
556
555
556
555
546
553
564
552
559
554
571
560
559
563
552
566
566
557
566
566
575
586
587
590
583
587
585
583
572
561
532
545
550
552
540
544
563
574
585
590
589
588
598
594
603
624
563
477
444
453
474
467
456
466
463
438
394
385
375
372
389
391
366
360
427
549
628
608
592
601
615
604
606
608
620
612
598
622
617
588
550
524
524
524
535
543
540
552
544
535
521
483
441
436
458
468
445
450
465
472
451
454
467
505
524
530
525
518
522
540
535
518
533
529
514
531
539
528
522
528
523
526
525
526
530
516
522
536
536
514
532
535
520
509
540
531
506
526
553
520
504
539
570
419
125
