659
624
576
599
638
610
591
595
550
504
517
542
522
484
487
497
484
491
491
474
469
459
462
455
453
467
453
418
401
404
417
406
404
418
411
377
381
380
396
377
388
414
450
488
473
467
498
561
593
602
606
621
622
617
621
618
589
532
493
503
507
501
487
465
461
459
467
472
462
465
464
460
470
475
457
468
494
506
502
485
493
500
497
486
500
504
500
493
494
505
490
494
496
490
487
514
483
466
452
443
464
468
488
494
477
491
490
477
470
529
598
656
646
645
647
624
554
516
531
550
539
537
543
532
502
477
486
497
497
485
498
477
421
396
410
401
415
399
386
364
387
405
389
366
451
586
670
649
643
644
646
656
629
604
573
572
604
593
563
525
493
462
413
391
389
397
396
384
395
410
387
382
391
397
377
398
429
445
419
421
477
579
620
625
624
591
546
512
518
537
521
525
557
560
571
573
552
569
566
560
535
515
578
656
674
626
594
593
608
598
602
616
592
523
510
527
522
515
519
533
510
528
528
524
524
529
530
524
540
536
506
468
431
448
448
447
443
446
472
479
479
472
500
487
473
504
584
630
618
605
620
634
596
540
526
509
510
539
594
631
627
615
618
624
618
610
617
632
626
596
527
483
487
511
513
487
464
465
463
456
464
469
466
465
455
451
462
450
448
445
470
503
536
537
521
524
524
521
532
528
532
528
530
530
532
525
528
521
535
522
532
536
535
519
533
537
523
529
544
522
526
537
540
524
526
537
544
521
524
543
522
501
550
580
419
129
