538
516
461
469
504
505
452
419
391
393
395
388
383
383
384
404
386
404
407
408
410
405
398
385
451
528
580
569
551
562
581
556
543
532
537
531
527
550
568
570
558
561
559
560
559
571
585
585
609
584
576
596
607
560
507
485
500
487
477
479
490
473
504
499
454
376
370
435
477
441
446
462
465
449
452
446
450
491
557
602
594
573
591
592
575
575
595
620
629
640
641
618
636
645
610
529
510
528
536
535
536
508
467
428
444
453
438
412
406
390
382
459
599
686
686
628
592
563
564
561
569
573
553
545
549
533
537
547
535
543
531
543
538
538
539
547
541
536
539
569
593
618
621
599
600
621
633
572
513
471
482
462
459
520
610
684
674
648
644
665
666
631
578
558
544
547
550
537
549
556
555
557
521
468
420
425
442
454
439
431
457
513
544
540
535
544
527
542
535
568
562
573
578
580
548
565
573
603
628
639
612
620
628
631
607
578
554
555
559
569
556
562
549
524
528
520
512
526
509
522
518
511
491
498
505
505
488
505
521
539
566
553
551
559
550
565
546
556
568
559
565
563
563
567
557
567
600
585
570
596
588
573
548
543
548
532
544
557
540
538
566
595
583
595
597
609
560
496
460
427
403
368
370
374
377
382
378
369
383
394
381
373
436
556
626
620
590
613
629
609
599
607
625
606
613
616
625
614
616
607
606
615
610
624
613
611
617
583
529
530
531
534
535
535
543
534
530
534
541
532
550
530
537
545
534
522
526
537
541
518
472
438
458
453
451
451
465
512
543
524
528
522
522
523
528
529
529
535
525
530
534
538
534
533
522
522
534
517
518
532
532
524
522
533
533
522
525
521
524
518
530
533
527
516
545
538
510
531
542
528
499
550
576
406
126
