572
535
474
509
545
512
501
522
551
588
606
631
612
582
623
635
588
525
530
584
631
614
613
633
589
518
487
490
508
511
489
501
515
531
579
621
612
587
592
599
614
567
514
469
471
473
448
442
449
465
436
445
461
438
446
483
580
638
632
589
603
620
637
574
491
444
461
480
451
450
506
578
613
587
590
602
608
609
598
591
595
602
597
595
598
603
578
546
515
532
536
531
519
533
561
568
568
557
578
599
614
605
604
607
609
607
609
589
562
533
543
542
533
529
554
574
587
582
592
579
579
588
583
569
582
585
588
562
522
499
488
521
509
503
491
540
597
631
630
623
624
616
619
609
607
599
603
620
569
512
477
490
492
476
487
494
505
525
531
527
515
529
559
576
579
577
581
577
581
593
557
486
438
449
442
486
565
625
628
597
591
616
624
598
630
636
602
554
537
549
552
541
537
540
534
529
524
511
506
524
534
512
492
496
484
498
494
498
474
456
447
449
451
457
448
454
448
472
497
503
524
517
515
511
516
545
600
631
644
584
519
474
482
476
486
479
471
481
474
482
500
480
476
509
600
648
642
610
624
645
637
589
527
487
492
506
499
496
483
512
532
522
530
535
528
525
512
528
544
564
573
589
568
575
597
588
544
483
437
440
454
462
452
434
433
494
563
619
619
602
593
545
522
520
536
543
519
524
545
533
519
532
528
527
523
529
531
518
526
526
533
522
536
530
522
524
539
548
519
517
545
542
497
524
545
517
502
548
571
413
128
