572
527
480
502
523
499
500
583
612
542
456
425
429
436
437
441
437
444
452
449
449
451
463
436
444
495
564
614
607
607
612
617
618
589
571
531
521
545
536
538
527
535
556
565
595
597
580
566
578
571
578
556
571
583
630
646
653
645
642
663
653
622
570
547
538
520
497
503
519
488
451
445
440
454
457
442
440
430
456
450
454
503
598
680
625
471
420
436
459
426
416
468
544
562
551
556
548
549
581
606
621
620
609
612
604
608
633
598
547
518
515
536
523
524
532
512
512
551
633
666
654
663
661
666
664
647
605
592
590
582
588
594
598
588
570
551
548
562
555
550
562
562
551
569
555
567
560
552
553
563
556
571
554
544
576
604
619
616
621
630
619
628
625
600
566
530
543
551
527
493
493
488
476
486
470
467
449
464
469
461
470
466
473
466
462
466
479
473
495
570
596
572
564
590
581
586
584
600
587
578
585
627
630
619
639
624
638
647
639
608
563
534
542
544
548
550
556
540
513
500
498
505
499
502
504
508
502
503
485
493
482
487
489
477
475
481
463
469
469
467
455
461
463
458
446
440
458
454
434
418
405
410
404
403
411
404
401
396
407
411
405
400
417
406
406
412
398
393
398
420
402
388
394
403
380
375
415
491
524
527
501
516
536
527
508
508
537
598
644
637
623
626
620
628
604
558
523
526
540
529
482
471
474
484
471
472
477
491
529
533
528
529
533
536
524
516
523
539
512
520
537
534
514
527
525
536
522
522
528
527
529
524
527
518
533
534
530
537
528
537
526
533
532
525
520
532
539
518
516
548
536
515
520
540
529
497
541
565
405
134
