586
548
500
527
547
529
538
593
634
613
607
626
625
611
612
623
630
603
557
523
529
548
577
590
570
585
575
576
589
557
501
478
474
501
491
467
484
491
473
433
412
423
410
428
430
418
414
429
441
463
486
501
520
549
562
550
549
538
561
522
508
502
504
513
492
527
583
636
643
584
486
438
455
470
465
439
457
471
448
437
487
551
593
579
558
570
572
581
584
579
585
610
630
631
628
625
631
629
630
625
617
591
584
573
574
575
571
571
582
587
583
595
585
593
593
583
550
558
556
569
555
560
565
560
567
564
550
535
514
525
519
514
515
503
514
515
518
516
530
522
521
521
541
595
624
622
606
611
613
586
536
517
523
537
527
526
543
508
452
405
426
443
433
418
431
440
424
418
470
567
626
620
591
598
624
619
572
511
475
462
478
487
485
483
485
492
490
492
485
490
478
467
527
594
639
642
629
598
557
514
514
536
548
515
481
468
468
458
479
475
452
443
433
423
434
415
424
428
442
429
427
436
439
432
427
436
450
440
438
446
444
441
445
476
473
466
483
473
461
461
480
470
469
460
450
446
452
442
445
434
426
435
432
415
477
575
624
619
609
621
595
513
468
477
480
484
484
502
467
410
388
389
414
394
385
387
409
436
459
455
440
435
445
438
457
444
450
438
453
438
457
441
445
439
431
462
452
442
457
454
438
423
478
576
641
627
629
647
620
535
488
510
521
514
504
510
503
480
500
502
477
481
491
505
487
490
496
489
486
488
494
486
501
495
498
483
501
499
494
486
494
530
537
539
537
530
531
525
536
545
530
539
528
539
544
533
542
534
529
529
528
521
525
538
516
527
528
534
525
529
533
523
517
531
525
525
520
522
535
534
532
542
523
525
532
527
524
531
538
525
535
537
534
519
518
534
540
521
534
544
521
517
528
517
513
535
541
518
510
558
573
415
127
