520
496
456
461
493
490
465
463
505
579
625
623
620
619
582
477
401
420
433
428
436
495
535
523
500
526
542
541
556
572
553
549
549
557
546
537
556
556
542
544
581
629
642
628
627
630
643
634
603
565
580
609
566
488
456
463
463
469
478
462
424
383
410
416
412
379
451
536
573
571
555
566
573
549
543
551
547
537
552
541
540
537
542
540
536
544
548
539
543
551
538
535
538
539
548
544
544
554
566
566
592
574
586
581
590
575
573
581
576
553
536
547
563
564
566
575
566
559
561
566
550
515
496
507
495
500
486
502
504
502
505
495
496
511
570
597
599
580
552
551
544
544
540
546
541
543
566
569
567
580
567
578
559
564
572
570
577
569
570
572
569
565
564
574
568
573
558
525
514
527
521
509
507
516
531
533
532
546
525
524
568
635
673
668
663
661
662
652
667
628
541
504
543
586
590
596
592
589
576
579
589
593
582
579
585
575
587
579
569
527
506
514
516
519
518
508
506
535
589
624
624
614
605
630
623
589
562
531
527
528
537
515
533
564
611
642
651
650
635
641
654
603
523
477
486
500
495
476
487
500
487
463
456
489
480
448
450
507
598
640
627
625
636
635
637
635
617
533
484
481
508
495
481
483
519
570
578
575
568
560
584
567
537
512
527
530
503
506
539
582
588
584
600
583
562
557
563
566
569
570
576
558
534
539
521
525
548
530
518
552
640
688
645
595
575
577
567
564
590
580
558
538
523
523
530
529
524
532
520
539
527
524
526
532
530
528
541
526
526
526
531
523
521
536
533
527
538
545
525
520
522
539
518
515
552
537
516
524
555
525
499
545
577
410
124
