546
525
479
501
525
493
491
514
527
505
489
468
457
439
441
455
449
431
410
407
397
400
410
413
395
385
447
554
600
603
590
606
630
625
627
629
626
613
649
610
559
509
530
547
529
526
542
534
518
560
629
675
673
665
652
650
663
634
591
551
561
565
570
545
571
562
571
571
601
616
616
617
609
609
608
622
585
553
527
526
519
558
619
652
652
637
637
644
630
652
615
566
511
522
534
538
528
538
522
485
471
476
481
467
469
466
476
470
459
481
495
494
499
513
550
566
584
564
566
578
569
559
566
559
570
568
572
555
558
566
561
550
555
554
552
532
540
568
595
582
615
619
584
520
482
474
493
478
491
492
496
492
477
494
506
506
510
512
520
513
512
540
583
621
606
602
607
599
601
597
612
610
598
605
614
608
595
614
609
602
609
615
576
502
459
473
473
467
465
475
456
439
428
427
442
435
427
434
431
428
424
432
442
424
420
469
551
608
600
590
568
544
538
530
529
531
532
544
540
540
552
569
571
562
553
564
560
571
578
547
473
438
449
456
441
453
456
439
432
483
569
616
610
610
623
636
629
618
624
619
610
640
635
596
517
451
461
465
458
438
465
481
447
429
510
639
706
713
678
685
701
695
676
619
596
597
609
601
593
606
608
575
528
511
518
523
511
518
518
519
500
464
447
441
461
453
453
442
461
445
437
449
471
474
489
476
468
484
478
460
446
450
449
451
439
403
388
392
383
395
394
410
446
467
466
444
445
495
562
585
596
582
578
581
592
576
581
589
579
555
548
525
528
543
522
522
526
528
527
525
515
528
536
534
529
540
525
530
520
530
536
532
526
531
535
521
529
536
527
524
528
524
533
535
533
522
523
528
535
526
530
536
512
493
556
571
402
131
