659
626
550
548
529
509
500
524
531
507
513
539
562
579
590
579
578
575
589
572
549
541
544
529
545
543
539
562
589
621
614
597
630
616
612
615
629
608
532
496
492
517
501
491
502
530
583
641
638
576
505
462
462
477
488
459
431
419
430
421
406
465
597
665
627
623
637
635
619
611
616
620
605
618
629
620
614
626
635
579
504
477
469
482
499
486
486
479
480
480
473
481
483
485
488
488
483
426
406
455
561
627
614
606
620
628
600
597
620
610
592
590
589
593
576
588
597
597
574
541
513
509
521
529
502
518
553
623
652
647
642
652
643
633
650
649
620
576
545
548
555
555
548
553
517
501
509
528
531
512
528
513
515
517
515
505
493
474
481
485
486
475
482
491
485
463
468
462
465
459
461
455
464
451
469
462
469
461
455
472
461
470
464
466
468
473
468
473
466
457
476
477
458
461
491
513
513
501
529
575
602
606
582
598
592
599
592
594
593
599
598
603
600
607
579
547
526
506
515
527
524
519
529
514
510
532
531
517
515
526
542
497
471
440
442
462
459
463
460
453
458
456
457
444
445
453
461
457
458
458
450
454
450
448
445
443
429
415
426
435
421
420
439
443
418
417
470
566
620
628
596
597
633
622
562
485
445
429
458
453
434
433
437
446
426
419
478
552
595
584
579
587
587
578
591
628
643
642
631
643
643
638
640
626
591
569
570
593
556
479
440
459
455
452
462
470
444
390
366
388
379
370
374
393
381
366
386
387
361
366
433
551
627
621
592
600
625
617
600
606
623
597
604
616
630
590
547
515
525
533
530
525
528
516
515
506
491
487
498
513
520
527
528
515
523
532
531
526
523
525
513
538
521
522
523
532
531
524
528
524
539
537
524
534
536
530
518
540
532
514
534
532
512
497
554
575
424
118
