618
577
539
552
581
576
538
556
594
612
626
630
630
623
628
647
603
533
517
511
517
507
522
535
487
426
386
399
402
398
466
629
711
700
661
678
693
666
615
598
599
601
604
590
603
600
599
600
580
589
591
585
600
588
557
505
475
482
491
485
475
486
493
492
498
472
414
381
395
409
395
390
400
399
427
465
498
490
484
497
504
489
493
490
490
483
483
483
474
485
494
499
491
497
550
576
570
555
583
574
566
565
569
565
572
556
570
551
542
537
533
524
536
539
529
541
572
601
607
590
594
594
585
592
584
594
563
575
582
579
572
570
568
572
577
628
652
662
647
651
652
655
654
655
647
651
651
659
646
650
650
654
643
652
644
652
658
654
643
636
644
654
647
652
648
650
653
653
609
561
522
527
549
543
525
482
451
458
466
474
452
462
472
505
525
523
510
519
501
517
504
509
507
503
516
507
510
524
504
503
502
533
583
598
598
582
585
591
594
591
622
608
569
507
478
475
496
490
475
485
489
490
485
485
487
493
482
487
489
499
501
504
498
497
511
557
568
555
558
564
558
557
568
570
549
524
506
506
510
514
521
514
514
544
605
637
645
610
621
636
636
602
564
543
539
549
552
541
546
556
551
526
517
506
485
492
506
502
495
443
433
434
435
435
434
454
449
441
447
446
460
436
438
442
449
436
425
497
643
712
713
662
689
700
651
603
593
610
595
583
602
617
581
514
499
513
518
512
513
501
505
498
495
471
450
450
451
463
463
454
433
417
416
425
419
423
428
433
407
380
346
352
364
353
356
345
346
403
436
424
393
466
589
654
627
612
630
605
537
499
499
526
502
519
518
498
472
463
459
469
465
469
457
469
474
492
475
470
481
474
471
495
516
528
530
519
519
535
514
515
525
535
514
527
528
535
532
525
531
531
524
525
529
515
534
529
529
528
517
532
536
524
539
522
525
512
529
535
513
536
545
536
510
555
575
418
133
