613
587
548
576
583
558
566
600
611
582
593
600
590
583
611
571
510
475
490
492
479
470
485
491
478
456
450
449
486
549
562
581
554
569
561
572
620
654
647
625
630
644
638
605
549
518
531
538
540
534
557
532
478
446
458
454
462
472
508
502
483
517
585
614
620
586
564
568
557
558
570
553
554
564
565
550
549
559
555
550
543
542
564
583
604
607
601
584
610
607
563
512
495
502
481
439
410
416
419
441
479
495
495
474
476
488
485
475
481
489
479
474
503
557
564
560
557
561
557
569
570
553
508
467
482
484
477
481
480
476
473
473
479
466
466
471
469
467
476
484
540
563
558
549
552
560
545
559
569
588
586
603
604
573
524
486
489
498
493
483
499
497
478
511
557
611
592
540
478
430
425
438
446
440
433
436
453
461
477
479
472
485
490
495
482
501
512
556
589
570
570
581
588
563
549
542
559
544
555
555
583
576
583
573
596
576
508
478
485
492
491
472
462
481
467
472
460
473
495
524
553
564
575
595
589
578
599
599
563
509
488
498
506
486
500
503
493
506
562
612
588
572
585
594
552
474
437
435
442
437
442
470
483
490
479
478
505
559
579
583
580
574
581
588
538
477
457
456
467
468
461
458
464
462
460
460
466
453
455
466
458
463
467
467
463
470
470
473
455
482
550
593
576
574
583
581
565
546
522
542
534
531
515
523
530
528
536
531
531
535
521
538
532
530
524
541
531
511
534
544
518
520
535
521
515
529
548
527
507
551
582
418
126
