661
606
517
512
549
525
510
524
538
507
498
509
500
482
496
492
463
463
480
460
462
459
454
423
401
408
415
401
410
411
417
405
390
392
380
392
399
397
376
406
467
483
485
486
497
494
465
501
562
584
583
576
577
581
570
567
584
601
613
623
630
579
516
491
500
513
500
502
515
499
484
455
448
462
458
494
491
496
496
507
496
497
492
495
494
499
484
497
489
499
497
501
505
483
461
437
441
445
454
446
449
458
474
493
491
474
472
517
610
666
640
632
633
651
636
635
649
650
644
637
656
638
643
645
645
611
554
520
533
544
546
524
506
486
493
478
435
389
397
421
418
409
417
409
411
386
388
407
384
381
394
399
384
364
450
584
672
667
637
650
677
639
591
585
565
518
484
475
492
495
482
494
503
465
411
389
403
394
399
396
382
394
414
446
420
409
470
575
639
633
606
620
603
611
617
596
541
526
528
526
516
521
522
516
538
550
563
578
565
543
547
531
524
523
533
531
520
514
547
639
689
707
663
667
691
692
658
613
598
611
597
608
601
596
611
609
598
544
511
519
517
512
522
529
516
458
438
457
457
446
442
490
478
470
476
495
480
466
520
586
620
618
616
576
530
521
513
519
535
513
512
519
545
588
621
627
621
586
529
490
502
504
500
486
486
475
459
459
470
459
458
462
456
459
450
454
437
463
507
534
527
523
521
530
537
527
534
537
520
533
528
530
525
534
528
523
510
526
531
526
523
539
527
522
533
524
532
519
541
533
515
536
530
536
530
539
523
519
536
543
533
518
543
544
515
521
551
525
499
538
566
407
125
