685
626
531
521
551
531
525
515
507
469
482
498
482
473
482
470
433
407
427
434
442
461
469
458
456
461
464
461
459
469
462
453
482
538
563
551
552
566
568
547
548
588
593
615
608
608
611
603
613
599
602
620
585
536
502
509
502
488
458
477
483
467
467
504
561
602
599
593
586
600
584
572
562
569
569
565
568
572
566
564
561
559
552
552
563
563
589
619
622
577
512
479
481
482
482
490
486
481
509
562
593
582
593
592
585
581
583
581
576
589
584
577
574
582
598
549
507
473
467
485
478
466
480
482
485
482
477
490
513
517
521
517
528
519
503
528
572
613
603
590
589
593
587
598
571
511
473
483
494
490
477
465
453
465
469
467
458
473
521
547
533
528
540
531
515
562
637
669
655
640
661
642
567
535
551
559
546
553
565
550
536
544
575
589
594
599
595
601
593
602
594
593
590
606
609
615
607
601
592
588
613
601
603
596
630
581
507
472
481
472
479
504
576
613
611
580
605
610
577
532
516
508
503
516
521
515
484
468
439
451
450
449
431
401
397
400
406
403
392
418
436
431
437
445
432
428
431
442
439
435
452
435
443
438
444
443
432
456
447
455
450
443
403
380
391
407
375
357
438
596
665
660
641
645
623
578
581
593
607
564
508
448
469
483
468
452
474
479
475
463
461
474
457
417
398
421
424
418
416
412
415
412
414
392
458
560
612
608
596
609
615
593
596
608
594
578
581
596
580
582
600
600
577
535
532
531
536
519
521
532
531
540
530
522
535
527
523
525
535
533
522
522
534
531
519
527
534
507
523
550
524
506
544
566
421
130
