505
476
428
455
470
461
451
462
438
410
421
434
430
409
410
415
407
414
424
390
378
446
555
620
600
585
613
615
605
602
588
593
589
598
599
589
545
527
537
544
524
535
528
525
536
553
600
608
616
603
600
609
595
615
600
588
547
530
535
524
494
481
475
488
482
477
490
494
485
472
484
488
485
491
493
485
460
454
463
453
449
447
455
430
432
480
563
605
598
593
612
607
602
611
585
509
475
489
506
479
478
499
473
474
534
658
703
693
672
691
696
692
645
623
584
590
599
605
590
593
609
570
488
449
468
475
461
459
476
476
434
420
435
442
435
431
431
418
413
477
565
608
596
581
589
590
605
589
573
535
522
512
526
518
520
516
540
552
580
582
567
563
576
581
568
576
595
572
523
506
491
489
509
519
491
486
531
637
702
681
673
675
688
677
672
656
609
547
573
579
583
560
573
571
574
574
573
584
578
566
575
570
565
571
573
564
571
568
581
572
576
580
583
550
510
500
486
499
500
494
492
496
493
491
502
539
571
565
543
574
569
567
567
577
568
566
583
588
580
580
583
590
575
589
609
571
500
497
503
491
467
513
645
707
691
676
691
687
672
673
696
657
588
544
543
564
549
546
554
574
565
529
490
488
472
490
482
482
466
462
525
629
704
696
662
682
696
674
676
681
703
657
612
591
597
605
591
601
613
556
492
442
456
471
463
447
462
464
438
389
365
356
381
378
357
351
406
499
566
557
539
540
561
539
541
554
561
563
535
541
552
567
577
581
568
599
607
608
583
594
601
600
577
538
520
526
539
531
529
520
538
534
510
532
542
517
478
443
460
469
462
458
477
461
444
472
520
538
511
527
533
532
515
523
524
530
532
517
521
533
530
536
519
524
537
522
527
538
541
525
521
537
540
524
534
554
534
508
550
566
406
134
