485
464
439
445
464
453
436
428
421
421
413
435
425
458
494
489
470
468
494
476
468
504
543
534
543
550
512
450
422
426
426
429
426
433
424
423
427
427
420
465
538
596
577
565
563
585
577
571
570
590
626
650
633
633
643
648
635
597
579
583
584
587
579
592
592
556
501
476
485
484
475
480
493
463
417
384
384
402
409
454
484
482
457
497
568
595
590
590
604
593
581
597
587
563
559
571
552
555
565
601
619
611
602
622
626
623
583
525
492
496
499
515
481
464
456
455
450
453
463
468
456
448
428
428
448
440
435
442
446
445
442
448
449
446
428
443
448
428
406
387
386
378
389
391
384
403
452
476
467
459
476
504
513
512
501
498
503
526
569
586
582
571
582
574
573
584
582
579
580
588
591
587
583
588
570
563
578
580
575
582
578
568
489
449
492
572
603
609
588
565
509
456
458
484
471
451
450
520
614
687
682
652
657
660
667
661
654
673
649
596
581
589
592
569
520
522
520
527
504
506
521
508
483
442
449
466
460
452
470
466
454
450
469
489
475
478
473
480
475
477
486
479
484
477
481
479
481
488
483
485
477
475
477
487
465
428
405
411
429
420
380
396
403
383
388
403
399
376
402
407
390
369
440
589
659
620
567
594
623
569
512
499
516
516
511
509
501
505
509
516
518
495
466
439
447
457
452
454
463
455
464
459
456
467
453
451
452
484
483
478
482
492
518
534
532
523
533
535
533
523
539
513
522
528
535
524
527
538
529
517
543
528
530
537
523
542
530
515
531
539
520
530
547
518
501
533
566
417
130
