661
616
564
598
609
593
590
596
605
600
590
602
598
590
578
537
508
533
590
615
612
595
607
602
606
592
606
604
614
613
600
606
608
606
598
601
597
591
571
590
592
580
583
590
582
524
491
511
512
497
504
528
503
462
451
460
456
427
451
449
464
471
476
463
472
479
468
461
439
436
440
433
423
414
414
414
406
410
402
421
426
402
408
458
479
469
475
488
477
453
504
616
663
611
544
522
517
491
466
475
465
473
466
465
476
481
478
469
478
464
465
465
495
541
563
564
556
557
551
561
556
566
598
609
616
600
606
610
619
582
525
495
495
500
507
506
472
410
343
337
363
353
354
352
369
394
404
397
403
411
384
370
453
599
698
675
647
666
666
601
563
595
595
572
582
594
590
569
562
571
558
563
562
564
560
563
565
565
559
560
561
560
553
563
573
559
564
572
559
561
557
568
559
561
574
569
529
543
544
549
545
550
560
540
530
558
598
610
614
618
597
595
612
622
590
554
516
529
521
532
530
522
518
527
535
550
542
559
546
534
506
508
517
519
508
512
528
552
576
574
572
561
561
572
573
577
592
608
588
589
608
553
493
439
441
445
443
438
447
460
476
490
495
492
473
481
495
548
559
571
568
571
570
576
563
574
559
569
570
565
561
559
563
570
570
554
534
542
532
526
535
556
527
527
562
596
631
619
621
617
618
618
606
613
586
598
606
611
598
601
590
601
599
608
614
594
607
613
577
538
512
512
534
537
537
528
495
469
488
491
486
481
481
482
479
475
486
471
462
465
479
469
450
449
433
434
414
410
399
387
404
405
403
393
435
502
546
539
513
528
535
524
516
521
536
518
526
529
519
521
538
528
516
530
524
527
534
531
534
517
516
529
530
518
529
533
519
518
529
535
518
529
533
532
523
528
525
536
517
525
534
513
523
552
522
500
544
578
409
126
