550
528
485
501
530
516
470
450
459
419
429
428
393
377
415
418
377
380
456
549
606
603
593
599
601
585
582
589
604
626
634
620
629
626
629
628
632
626
628
642
632
635
627
647
628
593
548
524
526
529
533
544
540
522
554
620
676
660
653
658
664
630
582
569
604
622
625
607
614
615
590
539
519
531
528
537
519
520
551
616
648
637
625
647
649
642
627
642
642
612
546
507
530
525
541
524
516
484
466
468
484
478
460
478
480
462
473
479
474
471
469
467
492
500
496
486
494
486
491
509
571
567
576
560
564
560
557
569
571
563
558
543
559
547
542
557
560
543
541
561
591
609
602
603
620
579
523
477
481
495
488
488
498
511
521
529
509
524
518
508
508
539
589
623
617
598
591
595
593
601
613
617
581
505
465
462
481
469
465
476
480
428
428
439
440
427
425
446
424
422
464
550
608
594
578
594
598
576
559
553
537
526
549
537
534
563
574
538
470
441
449
445
441
458
445
435
471
584
625
621
597
600
603
604
609
624
606
621
618
636
617
619
638
589
506
473
482
482
474
469
475
465
467
469
445
445
448
469
443
433
503
632
718
709
653
618
594
609
604
585
527
511
503
521
509
502
520
518
502
473
451
443
465
456
461
463
453
451
458
444
456
445
448
443
438
452
464
473
485
472
468
474
475
486
464
461
445
453
457
440
455
444
443
413
402
399
403
393
380
385
407
446
453
455
454
463
454
461
460
453
450
482
536
598
580
565
585
596
561
534
518
539
530
530
532
527
522
520
531
522
516
545
525
530
527
521
529
523
530
535
534
522
528
529
530
509
531
538
524
516
540
522
519
536
538
514
517
543
541
499
532
549
506
499
559
568
413
116
