530
496
467
480
496
480
475
486
488
488
482
482
470
497
578
630
616
616
616
628
612
617
603
604
612
626
618
608
610
618
618
618
613
609
606
609
622
615
618
633
607
593
618
639
579
472
405
421
434
449
484
533
531
520
534
549
554
547
550
572
541
543
576
605
644
641
645
620
640
642
616
596
591
593
593
592
588
605
574
496
454
467
489
470
460
477
478
449
409
409
406
406
417
417
399
390
443
522
591
570
569
567
569
556
552
563
564
563
555
567
572
563
569
575
543
548
536
531
533
535
543
532
529
548
565
571
556
570
583
596
586
571
587
588
576
583
573
553
550
543
557
545
549
550
552
567
558
562
575
560
565
562
567
564
550
515
501
494
503
525
570
596
610
614
595
550
536
539
557
548
535
546
558
578
565
558
573
574
570
578
571
569
562
569
576
542
544
506
521
510
501
520
507
522
539
539
527
530
564
625
667
654
643
662
667
660
659
672
648
662
667
631
556
498
521
525
527
515
523
543
530
521
537
539
565
597
602
593
587
596
611
588
589
589
575
573
596
595
566
529
515
520
514
516
526
505
517
531
605
633
626
616
606
617
599
554
526
527
541
531
515
555
620
662
635
631
650
613
527
478
493
504
485
482
492
490
483
486
499
484
498
497
485
465
458
469
464
448
502
601
667
648
633
624
631
627
650
596
526
473
489
492
500
480
494
494
493
489
490
502
558
584
582
569
579
576
569
528
518
518
524
511
534
525
516
544
583
606
601
580
595
592
600
577
566
552
562
564
563
563
566
562
548
538
520
515
562
641
680
652
644
678
670
661
667
677
667
591
570
575
585
579
569
578
577
526
518
535
539
520
529
523
526
526
541
529
524
525
533
519
526
528
527
515
527
530
515
519
530
533
511
523
531
525
521
521
544
534
513
527
532
516
529
558
526
495
542
572
411
140
