612
587
530
558
590
559
548
564
576
541
568
570
569
565
575
588
576
583
578
568
576
599
611
596
583
597
615
596
590
582
584
556
584
578
561
499
481
496
501
492
495
491
479
459
441
450
458
469
463
446
462
474
482
478
480
470
473
475
485
469
464
461
469
465
471
470
457
462
454
473
447
417
408
405
418
408
421
385
364
349
353
350
344
365
426
460
461
449
453
457
454
449
446
492
576
640
626
600
610
608
567
522
508
503
520
508
515
501
450
435
444
455
442
454
453
449
451
468
463
463
452
466
467
451
464
439
432
412
435
441
438
437
440
436
428
420
435
430
409
418
430
416
400
398
404
404
407
402
393
383
446
548
630
616
588
609
629
592
520
495
503
515
500
507
501
507
507
512
542
546
537
541
539
535
525
575
572
591
594
594
583
587
589
602
590
610
599
581
502
487
485
507
489
507
586
624
578
498
483
496
494
483
496
490
476
452
443
439
459
474
492
487
474
484
469
454
448
450
455
468
457
445
419
392
395
406
410
410
412
409
397
424
456
482
456
492
555
596
584
567
589
593
569
566
603
633
630
630
609
557
529
522
548
545
531
542
540
507
469
469
450
423
396
412
419
408
414
423
399
391
449
576
630
619
592
601
617
613
618
615
593
528
501
508
521
521
506
510
530
559
571
578
565
555
565
557
567
558
534
526
516
536
534
521
526
533
531
530
524
525
526
515
534
535
527
528
524
528
515
523
541
533
521
537
531
531
524
526
524
532
524
519
523
529
529
528
519
524
533
536
539
530
524
529
523
524
541
537
521
537
548
525
516
542
544
511
520
554
514
506
561
573
408
126
