606
585
523
563
590
558
551
618
639
611
613
630
643
595
541
526
511
514
512
513
529
488
437
385
396
414
389
400
417
427
417
424
442
422
401
413
411
417
417
433
408
389
473
618
708
687
669
678
683
686
643
619
610
590
597
612
585
584
595
587
580
596
590
573
584
589
573
509
467
495
502
477
417
382
391
389
406
397
415
474
496
492
482
486
490
484
471
506
547
582
575
566
562
551
542
530
530
537
540
523
527
538
541
528
543
582
589
588
588
604
596
579
590
576
576
581
569
576
567
572
579
572
569
603
622
641
658
648
651
652
640
655
651
657
657
632
556
514
535
545
524
470
454
467
462
450
467
456
460
469
470
461
479
511
528
510
491
521
520
511
506
532
573
605
604
590
582
606
613
586
516
473
485
496
487
492
499
487
484
490
492
500
499
486
501
497
486
520
549
582
567
559
558
561
572
536
525
516
513
513
517
523
518
509
538
594
636
643
634
623
629
629
639
615
576
552
551
557
553
551
554
536
520
503
509
515
488
509
512
504
495
507
523
491
440
440
442
428
435
454
458
429
459
456
436
429
508
654
714
699
679
681
706
692
662
621
588
596
598
599
584
590
609
569
522
500
505
510
518
498
506
510
505
495
459
451
445
462
453
459
456
457
456
458
444
435
423
431
430
416
429
430
396
367
340
343
355
348
359
363
363
409
428
424
416
434
423
411
458
577
638
617
612
623
640
603
612
633
610
522
507
508
524
485
474
468
458
467
467
468
456
465
490
489
484
492
484
473
489
521
540
538
521
529
527
523
523
529
529
531
532
533
533
533
540
527
515
531
536
529
524
539
526
525
529
538
528
511
531
532
509
521
547
527
499
551
573
414
126
