536
492
458
500
594
617
599
597
610
600
599
598
598
598
580
508
464
471
489
468
463
483
469
417
414
418
420
410
418
430
405
399
454
553
596
596
581
599
600
573
548
512
500
517
515
491
506
528
496
444
412
425
434
413
430
435
404
374
349
351
351
383
440
482
482
458
470
483
464
458
490
553
601
589
585
596
605
570
510
471
486
484
474
471
489
478
478
477
465
468
498
568
595
597
584
593
594
586
556
541
554
560
550
550
550
564
548
549
579
593
616
614
619
606
603
613
625
581
486
418
438
466
445
437
447
449
436
430
437
431
419
439
419
424
429
452
426
424
479
573
632
617
603
617
645
625
574
532
488
481
495
498
492
494
512
500
494
492
496
500
494
490
491
491
486
479
505
555
587
582
568
572
589
589
549
533
502
501
501
516
507
498
518
490
456
429
434
446
433
434
447
427
374
352
347
382
353
359
359
369
359
360
366
364
366
363
368
362
367
375
374
369
358
374
356
362
366
361
373
372
379
358
360
359
381
353
358
358
381
377
388
390
389
381
384
385
365
370
424
539
602
590
567
587
596
591
581
579
590
571
583
584
592
557
530
504
506
517
524
522
501
512
531
589
612
628
600
585
582
589
585
589
599
592
564
511
481
487
499
477
468
483
496
483
485
483
498
492
484
507
495
486
489
496
487
484
519
560
582
603
612
626
614
633
621
601
521
456
463
485
496
474
467
506
566
613
608
600
597
597
598
593
603
600
608
601
606
599
600
590
591
594
588
592
594
591
604
592
558
532
542
545
546
541
547
536
545
556
561
562
565
555
559
556
557
563
562
554
565
549
542
563
571
538
501
462
470
479
473
471
480
476
473
477
470
478
479
469
474
475
473
517
536
530
518
519
528
524
529
524
529
518
538
528
529
521
518
533
529
523
524
535
523
518
548
526
521
530
537
535
512
522
540
523
524
531
528
520
526
541
535
509
524
537
522
502
548
577
415
132
