551
528
481
500
519
513
482
458
461
434
432
456
446
432
409
413
404
390
387
446
552
610
592
574
576
602
592
588
614
640
620
613
631
632
617
619
640
641
588
539
530
518
531
533
526
510
565
627
666
668
657
668
671
626
578
553
557
577
569
567
565
583
609
618
611
605
608
611
624
583
544
536
539
534
528
548
532
538
543
530
528
543
541
525
514
554
629
628
565
506
514
538
531
522
535
542
514
488
484
469
474
470
476
476
471
484
472
471
489
497
493
505
501
488
488
510
565
570
568
560
563
561
568
565
553
555
537
550
564
549
537
562
591
600
609
606
600
605
595
590
606
616
613
577
513
483
483
484
488
509
517
519
514
523
513
535
581
611
614
603
614
611
592
601
611
589
513
455
460
477
443
419
434
445
416
413
471
561
598
595
579
589
600
578
553
538
541
546
558
533
520
562
571
573
569
574
595
542
474
433
442
460
457
452
446
453
443
447
447
457
459
438
447
488
574
622
623
604
600
621
604
608
618
621
636
617
617
627
633
588
497
457
475
489
492
476
478
483
486
466
476
480
471
481
479
476
451
450
460
466
439
432
500
640
694
696
685
693
706
695
686
676
689
691
689
687
684
702
666
618
606
613
610
604
599
610
576
545
502
498
517
513
494
468
458
458
455
458
444
455
457
459
460
452
451
447
457
460
456
451
455
484
480
480
480
476
450
449
460
458
444
409
386
392
390
390
384
407
439
469
460
452
484
559
608
577
570
582
579
589
567
585
594
580
592
601
583
538
524
510
523
535
529
538
535
532
539
540
510
529
539
515
514
536
538
523
509
536
523
510
521
544
525
495
554
568
422
132
