504
479
420
452
483
447
412
434
430
410
407
437
390
377
447
559
604
604
591
602
592
590
603
596
539
529
540
547
532
528
537
537
516
539
605
618
597
603
607
607
551
525
523
492
480
480
493
493
490
482
500
479
468
463
464
449
469
470
450
449
448
448
441
452
458
432
422
486
569
607
596
585
609
609
597
600
583
506
460
497
517
475
457
531
650
703
693
669
679
695
691
700
675
611
578
584
602
592
578
603
619
591
600
593
588
580
587
615
573
491
457
460
487
458
464
469
465
438
421
432
454
415
414
470
559
616
603
592
597
600
602
579
546
513
525
520
520
528
554
581
582
564
564
595
612
607
607
605
622
599
620
625
624
585
532
484
489
510
516
493
489
546
647
691
684
684
674
688
689
658
601
574
572
590
555
504
495
492
500
494
497
502
484
513
547
565
570
553
547
570
552
566
579
567
560
571
575
568
566
571
572
574
571
567
576
570
566
566
568
565
572
583
582
593
583
587
592
575
589
586
566
516
474
498
502
492
481
497
490
475
514
647
711
659
574
542
563
554
558
557
554
548
557
560
549
559
559
568
545
487
473
475
474
462
484
466
474
517
625
698
684
676
683
690
685
666
683
686
676
660
684
662
599
586
602
603
584
599
604
567
477
430
459
476
456
457
468
457
449
468
462
449
462
472
437
382
364
368
374
358
374
385
367
348
398
510
575
554
530
534
549
539
546
562
579
575
593
590
595
591
588
547
514
528
537
527
521
523
544
534
506
483
461
443
464
458
455
449
478
518
534
519
526
516
519
523
534
539
528
525
528
531
528
509
527
527
521
532
519
521
517
547
526
510
531
536
518
524
539
533
513
530
540
525
490
550
571
415
122
