492
473
436
462
473
441
410
443
430
415
422
433
422
398
394
402
399
381
458
558
610
607
599
599
601
594
592
579
560
527
534
559
588
613
603
593
601
592
583
617
623
588
550
525
532
536
535
530
535
516
495
486
492
498
479
488
481
476
497
480
487
490
491
483
490
482
489
489
489
491
477
495
492
500
491
486
497
496
484
490
490
491
489
482
484
484
484
465
458
452
453
463
440
433
436
456
438
431
480
566
615
602
605
607
605
606
608
571
522
482
477
493
485
490
474
472
534
629
705
705
652
606
595
585
600
590
592
601
609
565
488
454
465
469
461
472
475
468
438
411
428
423
442
424
418
470
557
614
598
579
595
607
606
590
592
596
604
604
578
541
510
523
526
521
517
520
524
523
536
573
587
569
580
576
583
570
576
582
580
593
620
619
596
611
622
589
511
490
499
507
492
502
526
501
486
533
649
698
673
666
694
669
606
556
566
579
567
564
575
590
559
513
484
486
490
505
493
484
517
546
565
569
567
568
569
556
558
569
572
569
577
577
570
563
571
572
580
574
578
565
570
564
571
567
571
577
577
579
587
593
565
517
481
475
506
484
475
527
650
703
683
677
682
687
682
673
702
686
671
701
696
644
588
552
545
557
562
557
532
495
486
467
473
532
632
685
679
672
685
659
609
577
581
595
594
610
597
594
603
604
558
478
438
456
469
456
452
462
475
441
403
360
379
387
361
351
406
505
552
541
533
556
551
549
535
543
572
555
590
575
573
566
580
583
573
580
568
584
592
590
583
597
593
596
594
610
602
587
551
524
507
475
445
451
468
467
466
464
458
457
466
466
469
471
502
532
521
521
544
530
519
541
523
517
536
525
527
515
533
542
524
525
535
521
515
523
530
540
524
540
542
519
522
556
524
496
546
582
423
138
