649
616
559
588
617
593
560
542
515
499
537
580
583
561
563
580
573
566
578
583
560
547
524
537
564
600
623
608
599
602
639
633
591
535
509
500
512
521
502
502
519
507
488
503
516
502
499
507
531
585
620
634
596
591
630
634
583
494
475
473
452
446
430
427
420
422
435
419
414
464
585
648
640
625
627
632
623
619
614
623
622
627
615
615
627
639
594
508
474
482
492
489
462
449
421
423
423
415
428
440
416
409
465
570
629
626
602
613
610
616
605
606
588
582
604
583
541
506
520
542
523
498
559
608
654
655
628
651
653
616
570
535
547
570
551
513
509
516
514
487
483
481
492
483
479
482
495
471
471
464
462
460
456
464
463
475
471
498
518
506
506
509
523
509
512
507
508
523
519
504
502
528
579
590
598
588
587
599
592
602
597
595
592
605
585
537
508
516
533
526
524
517
509
469
457
447
450
452
456
468
461
450
462
453
450
452
466
448
447
446
446
465
438
448
461
444
447
455
451
452
461
427
419
420
432
436
430
430
433
437
432
433
425
412
438
455
424
421
441
466
431
417
486
561
619
631
616
573
481
435
432
444
449
448
431
431
474
551
599
595
575
573
600
585
589
621
649
646
626
642
656
622
590
574
580
582
569
581
586
540
498
443
448
462
459
459
451
450
413
364
341
426
559
621
610
595
609
614
609
596
619
606
594
605
612
590
541
511
535
532
528
520
524
531
527
526
520
520
522
529
529
521
530
522
535
524
524
526
528
524
516
529
509
499
477
485
488
498
479
492
503
516
542
520
519
528
527
534
528
530
524
527
542
536
526
524
526
528
528
531
530
534
535
515
534
535
532
540
532
521
527
533
534
521
526
541
520
490
547
570
411
133
