543
530
483
496
524
505
489
499
461
436
444
455
449
435
455
466
434
393
416
412
390
380
436
552
608
599
581
591
605
624
631
624
622
635
632
636
625
627
627
614
554
520
536
539
541
526
525
523
555
624
672
665
637
649
664
637
578
553
562
570
560
558
579
607
603
563
518
522
557
526
513
553
613
646
628
637
651
648
645
641
608
547
510
521
547
533
521
523
526
532
535
511
485
464
467
475
471
482
501
502
507
506
511
492
492
485
495
493
500
494
494
517
553
563
568
561
563
568
565
557
565
555
542
549
556
547
537
562
591
610
606
610
593
620
611
583
517
481
482
499
491
511
532
521
504
518
529
505
538
593
618
600
589
609
607
603
608
617
577
512
468
468
483
479
481
464
450
439
430
434
453
441
419
428
471
547
610
599
591
590
591
582
586
580
553
538
534
539
523
528
545
538
542
527
532
548
529
538
538
538
545
565
578
558
552
572
580
538
475
446
442
454
449
434
436
492
584
616
616
592
603
613
613
601
621
606
606
608
617
623
612
607
616
604
613
630
632
582
515
465
472
480
491
464
453
452
452
452
456
448
455
457
464
457
452
452
446
452
458
453
446
445
451
442
455
450
452
462
449
457
452
448
466
455
440
451
452
449
445
459
474
437
429
504
628
705
701
691
662
628
596
601
600
598
598
609
584
534
493
510
530
518
490
474
449
456
450
458
453
433
451
458
454
456
458
472
473
483
473
467
471
480
479
464
450
437
448
455
451
442
452
448
426
407
397
398
394
394
393
388
391
379
405
395
394
398
388
396
430
470
462
445
480
561
590
577
581
585
584
582
580
567
539
537
527
527
529
535
521
532
533
540
527
526
527
530
532
530
524
526
527
523
541
535
530
528
539
536
530
534
529
535
527
535
529
523
528
532
506
528
547
525
495
550
567
416
122
