645
626
587
588
576
516
524
549
542
521
511
526
530
515
545
528
505
489
489
491
483
500
490
503
481
486
492
493
485
468
438
461
468
476
466
451
461
434
410
410
431
412
422
423
421
394
386
398
389
364
412
467
490
491
477
484
487
494
482
485
502
550
586
583
574
573
582
576
563
590
601
611
617
626
619
609
620
631
599
530
498
503
515
511
523
520
502
471
459
457
457
473
487
496
497
493
491
504
496
496
500
499
492
498
494
483
451
440
468
471
480
491
488
477
493
497
484
478
525
611
653
644
633
628
641
636
645
618
563
533
531
548
548
528
524
536
499
484
507
508
485
478
500
502
465
422
415
398
393
407
400
380
370
455
582
678
657
638
637
650
645
640
651
662
653
639
605
579
575
591
579
577
593
559
518
487
492
493
485
482
497
524
469
403
387
387
395
381
382
406
397
393
400
423
420
432
432
435
423
429
449
420
420
466
563
630
626
597
618
634
603
607
614
604
546
521
528
519
518
547
574
572
568
569
578
563
545
540
531
517
540
556
535
518
574
657
695
687
673
684
680
679
682
667
622
598
604
610
610
612
614
581
535
510
515
519
523
540
540
502
465
443
449
447
446
451
441
441
456
437
449
441
450
437
440
450
470
466
481
480
488
487
460
503
577
626
634
609
612
637
621
586
544
521
518
517
547
603
629
621
619
626
627
622
615
628
593
522
490
499
505
486
497
498
507
486
468
459
464
454
471
464
460
458
458
451
457
445
447
467
503
543
531
523
524
532
524
527
535
538
534
524
531
529
528
516
545
526
525
536
530
532
527
528
536
525
533
544
535
529
532
528
517
527
532
534
524
526
539
518
513
545
528
511
522
552
534
502
545
567
398
127
