647
618
582
596
608
531
490
527
543
510
513
526
499
479
480
497
485
487
507
487
461
448
462
461
444
425
421
408
398
389
391
368
383
395
389
377
410
469
497
491
482
481
486
489
485
493
476
474
500
558
583
579
575
587
582
565
590
606
629
625
600
602
622
627
591
539
490
492
516
506
486
467
464
473
485
509
489
503
502
503
493
487
498
496
490
485
508
491
483
456
442
462
455
455
439
441
472
502
479
465
524
609
653
641
646
644
629
630
640
632
635
644
651
619
568
524
532
546
535
532
527
531
529
524
491
490
488
496
491
493
496
469
424
410
399
413
423
413
405
394
400
381
383
444
583
667
658
631
641
626
569
496
497
505
478
421
376
378
393
393
390
379
395
390
403
416
434
440
411
429
438
413
418
472
591
631
632
599
587
552
524
518
522
522
510
516
532
561
560
569
573
559
568
561
548
531
528
549
543
515
524
576
642
685
689
682
670
641
597
589
608
609
594
596
613
621
599
585
627
608
573
540
527
519
513
532
524
499
445
447
451
454
451
479
485
468
470
515
589
635
623
625
609
610
607
624
588
540
503
509
548
611
621
615
618
615
621
588
519
490
500
499
482
484
507
513
483
468
451
461
466
476
459
449
467
452
445
451
447
452
467
512
533
536
514
532
537
523
511
533
524
524
520
532
529
533
525
534
530
534
529
532
528
527
537
524
518
538
540
520
520
546
527
494
543
569
407
117
