651
614
577
590
607
616
613
576
496
438
447
475
446
405
407
415
389
401
408
396
452
605
695
641
563
549
580
556
550
554
560
549
530
553
544
546
550
555
555
541
551
576
604
591
586
604
612
574
490
467
470
453
445
435
423
426
471
560
633
622
598
619
614
614
619
627
583
501
464
488
498
487
467
478
486
486
484
480
467
471
468
477
491
464
415
397
386
409
397
423
482
523
525
499
512
533
511
492
530
593
613
602
613
619
598
525
497
508
518
499
498
505
493
454
444
455
455
446
431
459
453
429
434
438
422
406
413
460
482
466
470
475
481
468
489
529
550
545
534
538
537
539
525
532
529
518
541
578
599
600
596
610
608
606
598
595
585
596
589
598
605
590
584
570
554
555
565
559
559
574
562
551
570
574
556
560
569
570
563
554
577
563
536
524
519
500
508
504
528
495
500
530
581
610
620
639
604
515
457
453
482
477
477
462
466
503
573
613
607
598
591
610
600
587
595
614
576
541
530
526
524
523
520
532
522
545
555
561
554
553
557
564
552
545
566
593
616
610
600
592
597
612
608
609
612
601
610
590
605
610
610
595
595
601
601
608
609
603
598
600
609
598
587
603
619
582
505
468
475
479
510
556
610
612
589
576
605
601
600
608
582
530
491
494
507
491
489
508
504
487
494
517
519
514
510
519
531
525
510
550
628
668
683
652
632
609
573
575
592
596
596
593
587
557
546
546
551
550
551
546
539
505
481
471
488
484
482
472
491
516
527
534
525
523
513
515
527
522
528
528
521
534
532
528
530
517
523
528
533
524
536
535
527
526
529
527
530
522
538
528
509
533
541
533
520
538
549
519
541
545
526
517
549
578
411
132
