603
567
516
542
568
546
528
556
583
611
620
638
620
624
639
640
623
621
628
631
626
633
618
633
630
625
643
625
619
623
633
635
591
540
493
506
511
513
511
511
502
524
574
618
605
592
602
603
599
600
597
590
596
606
600
588
615
623
578
506
463
464
487
480
472
481
475
485
504
452
386
346
390
373
359
401
525
569
557
538
551
561
540
547
539
539
545
556
543
539
548
572
579
567
567
575
574
570
568
569
568
584
591
597
595
602
570
498
444
464
477
476
444
455
506
582
625
633
613
617
635
629
619
633
624
616
608
639
633
626
607
630
610
559
528
536
550
530
521
514
504
512
514
519
506
519
514
511
504
490
479
504
493
492
489
492
491
487
478
484
487
481
480
492
472
469
462
454
460
451
470
470
450
432
431
420
427
441
445
447
438
447
453
442
437
444
491
498
499
491
498
495
493
498
503
494
519
521
503
500
485
504
499
499
499
489
497
487
500
493
494
498
495
507
505
492
487
500
495
483
489
489
493
492
480
473
475
459
473
476
467
466
474
450
459
471
462
455
462
460
465
470
468
472
475
467
466
483
471
485
462
474
473
476
461
478
481
480
477
474
467
469
442
448
462
463
454
445
460
438
422
397
424
415
407
404
412
419
414
423
402
399
414
421
421
407
416
430
400
406
463
571
621
610
611
620
591
506
467
483
502
484
476
490
494
472
473
528
576
588
586
581
593
595
581
591
610
560
483
420
421
442
442
439
417
396
367
354
376
384
366
351
427
542
596
585
586
620
651
650
647
632
642
637
646
635
596
573
572
580
584
583
572
586
575
575
574
576
567
571
581
580
572
575
586
591
578
586
581
575
574
590
584
576
568
580
578
590
567
518
486
481
501
501
496
493
494
498
512
535
525
528
530
527
522
538
539
516
513
527
531
526
528
528
533
532
521
536
525
512
529
524
525
526
533
521
515
540
531
504
519
545
525
506
544
565
413
131
