559
523
482
501
532
511
495
510
517
507
515
517
502
506
514
512
506
507
506
506
501
510
514
514
500
512
513
511
504
516
505
506
512
509
514
506
505
497
515
564
616
612
543
461
431
434
443
444
451
450
446
446
465
442
436
478
563
626
607
594
622
626
592
555
522
543
542
534
534
543
536
524
542
550
540
526
547
575
600
589
596
583
586
592
591
583
567
559
574
575
561
584
630
649
645
642
649
629
578
534
548
551
545
558
547
521
490
498
516
506
503
508
498
499
509
506
494
496
502
511
504
500
494
501
500
503
505
497
511
520
495
455
442
446
445
462
447
441
445
453
443
460
464
457
460
465
470
461
441
484
617
689
620
484
412
414
477
513
560
564
556
547
560
567
543
553
581
605
610
617
620
618
612
610
620
626
594
536
516
517
519
520
553
629
679
675
650
651
662
665
664
663
667
661
662
665
671
656
647
663
653
649
670
671
637
597
576
584
587
585
561
567
554
568
551
559
540
555
558
561
558
564
557
558
544
557
570
545
554
567
552
557
558
549
552
561
557
561
566
566
605
638
632
631
615
633
629
601
556
536
531
548
533
514
500
479
484
488
485
483
493
479
468
469
461
463
470
456
463
458
469
468
467
470
461
459
471
487
496
465
466
501
553
590
579
575
577
586
590
578
574
600
622
633
629
623
629
600
565
532
539
538
543
546
540
516
506
496
504
504
507
500
491
482
472
487
485
483
495
482
482
469
483
487
479
483
500
484
474
487
475
489
478
498
486
483
482
488
481
477
480
495
481
480
479
459
460
474
477
468
464
447
438
431
439
445
439
432
430
411
393
402
418
404
380
387
390
388
369
426
483
525
525
504
518
503
531
595
638
598
540
534
547
545
531
550
528
500
468
487
488
462
462
494
513
527
534
535
533
519
530
535
516
522
529
533
522
529
525
524
520
530
509
537
528
540
522
514
529
528
523
541
556
525
500
540
575
396
130
