655
609
583
593
614
600
595
592
542
512
506
523
527
548
589
589
566
558
579
585
564
563
560
520
539
547
546
527
549
600
620
612
612
614
606
613
629
613
603
612
620
615
604
621
594
532
491
508
522
505
480
540
603
618
605
616
619
577
511
466
465
478
478
476
456
443
419
407
422
444
411
410
472
585
653
642
620
618
635
634
606
625
633
619
609
642
644
588
518
476
485
490
485
474
490
478
430
413
433
437
420
415
424
443
417
416
474
573
629
629
606
622
632
626
606
594
610
596
587
595
606
576
538
524
506
522
526
517
513
552
613
653
644
636
642
650
647
640
649
635
565
526
542
561
554
535
546
551
548
548
546
555
547
548
519
514
508
520
514
509
483
494
489
487
487
488
478
474
468
465
455
463
459
466
478
473
471
465
489
499
520
506
517
517
502
499
528
577
600
590
590
602
590
597
592
599
599
600
610
610
578
537
510
513
527
525
512
475
453
451
451
461
445
447
461
463
445
434
429
430
437
440
418
431
426
422
437
432
439
441
444
428
420
469
559
636
581
468
432
443
459
430
417
483
553
599
588
568
579
596
583
596
622
639
636
639
637
652
629
594
568
573
577
572
572
580
558
494
444
462
463
465
454
456
469
469
443
408
366
354
442
565
630
615
589
615
622
606
596
613
619
600
598
609
609
594
605
616
600
600
609
622
586
546
528
521
498
500
485
485
503
519
524
520
519
537
539
528
524
528
516
530
521
529
526
531
527
520
520
526
534
522
516
531
530
536
528
536
535
522
536
535
526
530
537
531
521
533
548
520
522
535
533
508
520
548
525
501
544
569
415
123
