577
546
491
552
618
625
595
626
622
608
608
626
608
600
620
607
556
527
539
553
565
596
588
580
578
591
566
500
480
490
487
488
478
481
446
413
431
434
418
412
437
469
481
482
492
495
480
470
487
502
534
561
560
537
539
556
548
538
510
513
498
502
519
524
492
494
540
604
625
619
621
626
616
619
622
614
623
633
617
612
623
631
582
497
439
433
472
463
459
451
491
541
581
588
556
559
591
583
567
584
614
621
625
629
627
622
619
620
623
612
581
568
584
591
585
586
583
592
599
593
588
580
568
558
565
567
560
565
576
562
530
505
506
524
513
524
508
521
536
586
622
624
607
612
617
610
597
626
628
597
539
523
524
526
524
521
518
529
525
503
440
423
409
441
435
419
419
440
425
414
475
567
628
624
600
608
616
608
586
500
474
469
476
475
477
476
476
479
478
480
478
471
484
488
479
475
484
465
461
477
484
473
477
492
478
490
502
502
482
483
493
496
475
483
518
594
650
647
631
627
644
653
610
548
522
526
545
534
535
537
530
538
537
516
483
454
458
470
477
468
467
460
444
423
425
436
411
408
426
438
440
429
449
445
442
449
444
472
469
477
476
465
465
480
464
452
458
453
450
450
464
451
448
440
438
428
421
470
582
633
579
506
467
472
495
478
480
491
497
466
419
389
397
399
396
395
432
452
453
443
441
449
440
449
456
441
423
497
594
648
633
616
628
636
631
628
641
592
530
502
516
515
512
510
530
514
517
512
516
512
500
488
490
480
501
534
538
533
528
545
537
520
526
540
544
537
528
532
525
526
525
533
529
512
519
529
525
532
529
531
528
521
537
527
534
538
529
530
545
540
535
530
526
523
524
520
524
524
539
541
525
521
536
542
528
511
534
533
523
521
545
541
518
532
549
518
507
546
568
427
129
