598
579
533
546
583
545
538
553
563
544
548
565
569
537
546
575
611
636
633
628
626
626
624
626
631
630
621
634
636
604
537
499
507
531
513
505
521
523
506
504
513
507
505
506
511
505
503
509
518
501
512
519
507
507
497
515
501
507
505
511
505
512
501
510
508
503
510
510
503
518
587
614
602
598
608
602
600
607
608
598
605
611
605
597
596
609
598
591
601
624
568
503
485
481
482
482
486
453
396
366
368
374
395
382
373
358
401
502
570
549
535
545
552
550
548
562
591
572
555
578
575
569
577
581
588
596
594
601
582
587
584
596
572
588
610
588
493
445
485
599
647
628
619
626
636
620
618
623
620
629
615
623
633
638
607
554
531
538
548
551
542
555
543
526
505
525
518
511
510
514
500
502
484
491
495
494
507
497
483
486
486
490
475
469
468
460
470
459
472
464
459
457
460
465
463
460
454
467
453
440
410
434
426
428
428
429
429
423
418
426
462
469
452
440
455
496
501
482
496
499
501
499
495
495
486
508
495
505
511
507
516
509
503
510
521
507
500
512
498
493
499
507
497
497
507
499
497
501
493
501
492
495
505
512
502
499
497
498
495
495
491
498
495
498
480
459
466
471
471
468
461
475
468
456
470
458
465
475
481
478
476
480
479
473
453
459
450
453
453
463
456
438
428
421
412
417
418
415
406
414
426
420
402
418
426
401
378
466
579
634
618
606
580
521
459
453
523
572
590
591
608
611
598
599
605
595
559
473
413
430
450
439
427
443
442
416
385
371
376
377
374
365
367
375
366
369
378
371
373
377
387
384
362
382
388
373
364
428
543
607
597
578
594
594
582
588
631
663
641
625
633
637
643
627
595
568
567
587
568
501
486
487
495
496
499
499
496
492
509
534
530
517
529
540
528
531
527
528
520
540
530
523
525
540
525
521
542
543
519
522
543
531
521
520
532
528
512
526
543
514
523
550
545
505
522
550
530
501
546
566
408
126
