520
493
465
479
496
492
454
427
396
373
402
421
392
408
414
394
376
444
543
570
573
564
570
564
555
551
549
547
534
548
541
539
559
569
569
550
564
573
561
562
590
582
592
582
607
576
498
490
478
486
477
490
497
465
407
365
352
369
373
373
362
397
439
473
454
453
464
452
448
484
560
594
595
578
582
602
616
635
636
636
631
634
629
626
632
629
627
630
635
621
634
634
627
612
644
639
607
542
525
531
536
522
470
435
440
453
454
425
424
414
389
379
468
600
680
684
652
640
592
560
554
588
574
558
547
550
540
538
533
552
545
521
539
562
597
614
617
610
602
607
627
613
622
615
631
631
591
512
471
464
482
476
475
477
489
494
477
486
481
474
463
471
478
474
478
500
484
471
486
474
482
494
493
483
475
479
479
464
469
495
470
467
480
495
482
462
532
612
670
663
660
662
657
661
678
646
569
542
547
551
538
544
555
528
473
431
430
452
440
424
434
466
510
539
538
537
537
553
546
537
551
539
552
557
565
567
564
560
543
571
613
615
575
548
549
567
559
552
560
556
531
504
515
520
516
512
522
519
519
507
512
502
501
509
493
488
496
496
494
508
549
556
558
533
545
555
554
550
558
561
563
551
548
567
554
547
560
568
570
590
596
599
581
545
542
545
537
537
551
548
563
580
599
617
592
587
602
604
561
498
445
462
470
476
429
397
377
383
372
385
393
372
370
441
549
626
605
604
597
618
594
599
608
610
621
614
607
616
614
588
540
520
521
526
532
535
528
500
466
445
446
470
457
445
447
464
505
540
539
511
518
534
531
521
522
523
520
530
532
534
525
522
531
525
526
538
537
511
523
530
521
507
527
541
516
516
553
532
493
549
577
417
131
