659
627
565
601
631
601
583
627
630
575
485
448
448
457
455
446
445
440
443
455
446
452
456
447
425
398
383
474
588
678
659
639
678
684
644
573
559
573
568
547
556
557
562
551
562
552
558
562
560
556
543
535
559
550
544
548
565
582
603
597
585
595
590
601
612
578
488
445
446
493
465
451
467
482
455
424
442
426
416
456
570
632
632
612
614
617
605
621
586
519
468
493
500
476
474
500
473
411
396
406
410
378
423
490
516
497
535
582
617
621
600
598
608
622
593
535
503
501
517
518
509
515
501
472
443
468
455
448
453
451
428
415
430
433
431
435
431
403
398
391
405
399
396
409
390
401
413
466
486
481
470
484
480
474
487
519
540
550
532
529
523
518
527
521
522
506
524
538
593
606
603
593
599
608
603
593
595
605
594
585
597
589
601
602
588
598
594
589
585
559
554
557
570
566
560
555
565
571
549
521
513
516
504
488
527
599
638
616
619
636
631
624
630
593
510
446
457
483
481
461
508
574
614
610
599
600
601
606
598
595
604
594
598
606
595
585
545
510
522
527
519
530
554
562
561
542
548
554
556
546
548
562
579
603
617
573
495
459
466
478
465
470
496
576
613
602
592
594
602
594
570
509
480
493
496
503
496
509
497
496
501
527
512
511
538
622
660
657
640
648
665
660
660
640
606
583
591
599
580
560
545
540
556
554
549
547
548
544
543
537
549
557
546
544
550
562
553
564
543
541
550
547
526
487
489
476
480
483
487
474
501
514
524
523
535
518
542
525
526
524
530
534
533
524
535
544
524
525
533
533
515
520
524
524
527
535
536
522
513
535
525
518
530
550
522
503
541
562
416
134
