633
569
486
504
559
516
511
533
541
515
520
509
492
492
501
485
474
466
469
464
466
444
418
402
401
427
425
408
407
407
384
408
458
491
495
483
488
486
501
553
601
578
568
592
581
578
576
574
568
581
609
632
616
607
631
589
517
491
512
508
475
454
474
467
451
459
464
460
460
471
476
459
466
479
451
461
493
499
509
494
502
499
489
482
505
501
492
494
501
496
481
468
446
450
457
446
431
446
479
501
480
461
524
599
650
646
631
633
662
655
613
560
539
527
537
544
531
526
535
520
515
504
491
503
495
486
496
510
466
419
403
404
415
406
413
413
403
400
397
384
387
390
395
406
401
393
382
396
392
387
387
391
396
402
382
388
390
383
393
394
369
383
404
417
380
364
453
576
665
670
637
635
667
654
623
600
587
584
582
591
601
592
556
509
484
476
498
495
469
425
391
388
393
409
399
382
390
420
430
431
436
438
426
423
470
562
627
627
607
615
632
624
599
619
618
574
543
526
528
534
528
529
518
528
542
553
573
579
565
556
560
574
562
538
548
538
524
528
567
647
708
682
671
674
696
689
662
620
598
597
604
599
612
620
592
545
519
522
528
521
519
538
511
460
440
444
459
442
448
453
458
434
441
463
478
471
477
488
472
463
512
596
640
621
597
622
616
621
615
612
613
607
628
643
618
603
632
636
599
538
517
507
509
515
510
506
538
583
628
615
607
607
621
626
619
619
620
618
624
629
619
616
611
604
620
627
590
531
499
504
511
508
483
468
457
445
460
470
455
465
466
465
453
439
466
449
447
457
459
445
469
508
539
527
519
528
536
521
521
527
521
516
538
534
529
512
540
528
523
529
528
522
524
531
534
531
531
533
521
517
523
535
517
523
541
534
508
532
589
419
127
