597
569
513
545
562
544
542
561
568
552
561
616
618
612
635
604
542
489
522
593
609
614
606
611
614
591
605
607
599
604
607
606
598
599
612
622
608
574
515
470
475
494
500
449
389
372
376
372
366
408
494
557
555
524
539
569
576
569
575
582
572
563
576
598
588
574
595
605
567
497
447
469
472
461
497
572
639
630
620
625
615
620
627
631
634
627
628
624
644
626
600
554
541
537
544
543
531
538
547
518
512
513
521
506
517
509
506
492
487
495
495
495
490
495
500
488
490
489
484
489
487
499
490
485
478
467
459
467
459
453
468
466
469
468
461
460
441
424
435
431
424
425
424
433
438
456
447
459
440
445
453
447
446
448
448
455
461
449
446
446
452
443
455
482
508
504
504
502
489
493
500
499
520
505
504
505
510
503
501
509
506
503
497
496
494
508
490
506
501
507
498
495
506
497
496
496
496
500
500
496
506
504
491
470
470
469
471
470
469
473
482
464
471
465
446
455
466
457
462
461
459
465
471
468
478
456
447
461
439
449
440
452
428
409
421
411
405
422
424
398
388
457
570
633
632
615
581
522
479
474
488
491
469
478
495
484
488
498
499
482
472
479
498
480
474
515
565
602
589
577
583
598
589
583
598
595
583
585
601
553
467
400
430
447
442
424
443
442
417
384
364
373
379
386
352
360
429
528
604
589
576
598
591
580
589
615
637
637
636
634
643
647
624
580
561
561
583
578
574
577
569
522
500
493
502
486
514
536
550
529
519
541
531
518
528
534
524
521
538
531
520
523
542
539
516
527
541
519
534
543
524
515
530
528
532
516
532
531
520
532
533
543
510
523
541
515
498
548
566
408
130
