616
581
542
557
580
547
554
580
585
570
597
607
598
593
598
598
590
602
606
589
565
574
585
570
577
599
575
518
478
493
502
485
492
486
465
447
465
457
448
441
465
463
465
482
481
488
473
483
486
475
476
473
465
452
479
470
451
462
479
456
419
414
418
424
419
419
409
398
406
435
399
362
342
337
358
346
341
341
367
429
472
458
442
458
476
446
436
490
586
624
620
614
609
600
596
581
586
598
618
578
545
509
503
514
510
509
498
517
513
490
452
442
442
452
444
436
432
463
449
454
450
462
460
462
459
454
456
459
457
459
446
459
463
441
426
434
445
437
424
427
424
415
427
425
426
423
423
429
420
433
426
426
413
411
409
374
407
412
380
369
458
564
626
612
599
612
604
628
610
572
520
492
499
513
495
518
518
535
556
589
604
588
588
600
582
508
490
492
511
495
495
495
493
511
581
625
604
582
606
619
572
512
501
487
487
494
494
507
477
454
432
421
447
436
449
440
458
488
475
482
477
496
489
492
481
472
459
449
462
454
455
453
473
449
424
409
414
415
424
415
405
419
411
399
397
423
415
399
403
426
451
482
478
475
470
477
503
555
587
587
577
580
587
568
588
616
621
633
616
624
621
631
602
542
520
521
547
523
532
547
524
465
448
458
463
445
459
474
463
446
415
407
410
417
413
393
389
456
553
631
618
587
606
617
588
528
494
521
560
584
564
556
570
565
534
527
521
540
525
532
524
525
527
530
530
533
522
531
530
532
523
529
524
533
520
530
523
527
498
531
527
527
509
539
531
511
525
551
518
495
550
562
415
132
