525
494
438
518
594
614
609
611
606
613
623
579
489
451
458
479
458
464
495
469
411
407
421
412
413
415
409
408
453
556
624
601
581
580
604
588
565
526
509
510
521
516
499
509
527
508
509
520
535
496
451
421
430
436
427
431
436
434
403
375
354
353
358
361
350
346
353
388
439
494
488
467
479
483
476
460
468
481
465
477
481
474
453
497
569
600
590
582
591
581
581
602
563
504
466
477
481
485
475
484
477
476
478
486
478
479
493
490
487
471
471
500
558
594
601
586
593
595
557
550
554
567
550
554
553
551
554
553
562
569
544
551
552
541
539
578
616
607
616
618
610
616
625
635
575
483
433
433
462
449
438
432
447
454
442
443
436
441
452
441
443
442
428
424
438
445
417
423
478
575
626
628
603
602
615
634
589
522
481
485
507
511
499
490
511
503
504
485
480
482
474
486
498
482
484
512
559
579
591
590
556
538
506
508
512
510
510
490
455
425
439
453
436
439
449
455
419
381
359
357
369
364
362
373
386
405
389
365
424
542
608
598
578
578
588
570
575
594
582
575
584
584
574
589
591
571
521
511
518
515
496
522
585
616
610
607
603
608
610
602
587
585
589
602
585
582
595
561
514
471
482
489
487
494
496
488
486
503
503
499
482
510
576
595
588
584
576
596
580
585
615
620
634
579
500
469
478
487
474
507
573
612
598
587
601
603
590
597
600
586
583
596
594
596
587
599
595
592
602
591
586
589
604
587
552
538
537
548
545
543
535
545
542
555
567
560
563
555
560
568
560
545
497
470
507
543
538
509
518
534
527
528
533
538
519
524
539
535
523
535
546
526
519
530
530
532
523
526
529
520
535
543
515
499
551
578
414
136
