593
574
513
550
579
555
527
555
563
547
545
578
612
626
616
623
622
625
599
550
505
509
526
504
483
525
585
617
610
603
606
609
602
606
613
606
611
606
589
609
618
579
518
468
482
495
473
467
497
508
467
389
372
382
376
356
410
508
572
557
534
542
560
561
558
559
573
571
574
569
570
590
592
591
597
594
588
599
616
562
483
451
464
463
450
495
579
649
625
606
630
620
619
626
641
632
622
622
616
626
629
605
542
526
535
550
537
539
521
516
497
509
518
510
506
525
516
512
496
486
493
491
483
485
481
491
484
493
492
498
488
478
480
481
466
462
464
462
461
469
469
464
468
460
466
468
459
461
462
458
452
465
455
459
454
461
461
463
454
471
456
437
419
434
426
434
421
432
427
424
436
449
449
453
451
455
449
454
458
480
483
492
502
485
487
485
498
511
510
517
508
514
506
491
505
515
507
514
520
521
501
513
516
494
505
514
505
511
504
512
496
508
502
499
495
489
486
498
495
496
495
496
506
498
496
499
502
494
476
472
466
468
462
470
474
457
461
463
468
472
476
481
468
457
440
459
466
445
445
459
455
459
453
451
435
416
405
415
418
413
419
424
414
405
421
425
407
397
458
573
635
633
610
599
618
623
627
613
620
604
606
608
614
613
619
626
602
512
473
482
503
478
457
514
574
598
599
589
589
598
595
600
607
560
475
420
423
450
439
419
440
447
418
373
370
377
362
361
404
535
595
586
578
569
606
638
640
640
651
644
625
597
580
580
591
570
507
478
494
496
502
487
495
502
500
519
537
519
537
534
529
523
524
525
534
524
518
522
531
524
516
533
526
511
529
533
512
529
533
542
519
525
545
529
506
550
578
404
112
