531
513
453
476
492
481
495
486
421
382
381
417
390
381
392
401
396
406
424
402
379
438
536
583
569
558
557
546
518
537
537
534
523
546
547
538
556
568
577
556
567
573
567
561
569
592
594
597
580
585
597
590
590
595
590
570
506
482
498
493
492
472
465
495
498
455
397
351
353
367
377
359
357
388
430
445
452
457
442
430
494
564
587
599
582
570
589
580
599
596
583
589
607
612
641
650
636
596
563
522
519
535
521
527
520
543
542
517
458
444
457
451
450
448
458
452
446
417
390
371
460
596
672
669
642
652
664
668
669
674
674
658
653
664
671
637
594
555
552
574
564
561
568
572
548
551
534
539
528
540
533
535
543
557
609
627
622
607
598
622
622
577
511
462
481
497
467
467
522
622
672
667
651
652
666
671
631
584
535
538
544
546
539
547
550
553
548
550
540
553
556
523
455
414
416
450
431
416
422
461
514
553
550
537
534
539
545
551
556
559
565
561
578
611
631
617
621
609
624
621
609
560
548
555
562
559
550
549
564
541
523
514
511
509
512
508
519
511
531
505
489
499
503
494
516
533
552
554
546
563
571
553
557
563
564
556
564
565
577
578
599
588
582
597
590
581
552
537
549
548
541
552
551
543
570
591
590
590
592
593
599
610
618
575
476
449
456
479
458
442
457
463
457
454
464
460
444
461
462
450
452
452
457
460
457
459
457
455
453
464
466
461
470
454
473
458
468
461
433
411
359
358
439
559
609
608
594
607
607
604
607
606
621
617
620
611
606
614
612
625
588
550
518
537
541
541
499
465
447
446
449
455
473
524
531
523
519
520
542
534
533
520
523
532
524
520
532
534
525
533
533
531
533
535
544
511
512
536
542
514
524
548
524
497
551
575
413
124
