530
505
469
497
512
482
485
491
488
406
370
385
404
391
372
405
405
397
407
412
394
386
391
441
525
582
568
557
560
564
569
546
570
565
569
562
571
579
565
557
553
571
562
568
568
547
530
536
548
538
539
543
546
556
569
576
558
565
571
576
556
559
571
559
567
575
570
559
547
568
573
562
561
572
566
562
563
589
593
577
591
583
583
591
607
575
500
473
501
486
476
480
490
478
473
492
492
449
389
361
362
367
376
387
369
351
394
439
460
459
455
445
443
476
558
600
600
574
574
590
623
642
618
547
527
541
525
468
436
449
443
435
444
467
434
412
390
392
397
403
407
397
395
413
392
374
457
606
680
663
652
685
658
578
541
572
581
549
532
542
538
534
544
545
535
549
586
625
612
610
622
627
618
586
511
464
469
484
468
460
478
474
454
522
621
678
652
633
664
666
660
658
670
640
562
528
544
568
539
539
544
555
537
546
553
528
466
423
436
435
436
427
435
433
424
461
513
541
533
530
536
547
532
534
550
559
558
561
560
555
559
556
577
608
624
635
616
629
611
567
551
544
556
561
546
552
563
546
537
515
509
516
511
510
511
514
508
506
500
497
508
507
536
562
550
544
550
561
554
554
576
559
552
554
566
557
547
560
575
584
574
572
570
542
538
553
555
548
536
561
579
604
594
594
599
614
580
490
445
457
472
449
445
485
482
438
388
383
371
376
385
386
370
348
439
559
630
615
596
598
613
615
598
601
612
603
602
605
626
624
590
551
517
521
518
532
528
512
478
443
462
457
460
446
445
471
521
535
544
526
520
532
524
538
538
529
530
539
527
520
539
528
524
528
535
540
532
521
532
528
527
528
534
526
525
529
526
521
513
530
533
521
526
537
526
512
521
546
516
506
539
575
407
132
