657
619
543
526
544
511
496
539
577
576
572
596
578
580
590
574
540
545
546
547
534
530
547
541
527
551
595
611
614
616
626
614
588
532
500
500
523
526
500
511
546
602
605
614
603
607
620
622
565
492
463
455
439
411
435
433
419
401
461
578
637
637
615
624
633
621
626
628
628
626
635
627
615
612
622
648
595
523
470
466
488
481
476
467
476
492
489
490
486
489
471
483
474
440
418
422
437
446
417
419
473
563
630
618
607
588
604
590
585
590
610
606
569
538
517
518
521
532
526
522
498
547
614
654
653
650
628
577
538
540
553
556
551
542
553
524
513
514
522
521
500
515
526
499
499
520
520
506
490
489
480
494
479
483
489
472
495
497
476
486
484
463
456
460
466
460
463
462
468
460
471
477
465
466
490
499
513
503
516
510
505
532
569
603
604
588
595
600
586
592
599
599
600
599
602
590
595
613
593
581
542
524
510
525
525
530
492
486
445
446
457
466
438
431
430
421
425
437
433
417
420
432
433
436
427
443
447
445
431
441
421
427
437
458
412
415
479
575
617
625
597
573
493
429
432
462
445
438
441
461
444
420
470
554
603
584
570
594
636
646
647
641
642
644
645
651
619
587
562
574
574
564
562
585
586
551
487
460
448
465
464
436
471
454
394
366
370
396
365
360
423
557
630
610
599
605
613
606
600
610
596
601
599
609
608
604
612
592
533
520
520
529
516
518
534
523
514
492
495
491
498
489
500
497
483
499
490
502
530
524
530
520
528
524
519
526
540
531
537
531
540
528
536
525
543
522
524
534
535
518
520
522
526
515
521
534
528
518
522
533
521
527
538
534
512
523
551
512
503
549
569
404
135
