620
595
550
570
593
553
572
606
592
590
602
625
592
595
601
566
514
477
478
488
492
483
497
486
458
456
461
461
465
464
445
487
546
576
558
555
581
569
563
575
628
639
633
625
626
648
631
617
552
520
526
560
538
517
536
547
515
458
448
454
454
456
447
454
495
498
497
487
531
579
624
623
611
611
608
618
614
621
615
607
610
610
630
616
606
616
610
603
578
562
553
567
571
565
565
574
565
561
574
566
554
548
572
548
567
561
556
551
553
560
561
551
552
552
555
561
579
603
586
586
602
607
581
600
613
588
513
478
495
491
479
495
498
487
437
420
440
458
495
541
572
571
569
574
571
569
571
573
551
494
478
487
485
484
473
487
473
471
468
480
470
478
474
468
491
542
564
552
544
563
592
593
596
597
591
585
600
615
572
513
470
501
501
502
487
514
553
587
581
576
565
582
592
549
462
431
449
448
428
427
458
474
502
553
579
585
578
568
556
542
546
549
558
536
536
558
581
586
595
582
585
588
599
565
511
479
480
500
486
478
486
477
481
474
474
476
473
481
473
475
478
475
470
482
537
566
560
546
562
541
552
558
603
605
593
593
605
600
595
600
599
569
527
497
492
502
500
490
484
509
569
575
581
583
588
546
473
433
433
452
438
433
440
448
448
471
485
498
477
474
488
486
479
469
502
558
581
574
573
575
573
570
585
587
556
480
449
453
470
459
471
474
459
468
471
464
460
468
463
457
484
558
607
581
570
584
592
573
564
588
567
538
522
527
524
528
526
529
529
528
545
532
519
522
522
534
529
536
526
514
526
527
529
524
528
534
525
521
530
530
524
533
538
520
518
541
537
531
524
540
532
512
515
535
523
525
532
526
510
528
552
528
507
549
580
408
128
