562
540
492
529
530
501
521
589
625
612
599
619
630
629
603
543
485
505
519
522
491
488
551
592
622
630
634
631
622
635
632
593
544
497
498
514
513
509
498
532
586
597
608
605
603
607
604
601
627
582
500
463
481
503
486
472
442
442
442
448
454
443
441
445
452
448
453
451
437
429
482
582
622
621
622
625
624
622
611
612
622
622
629
615
595
600
622
616
601
613
631
584
499
439
457
469
480
460
449
510
569
611
607
597
594
614
614
599
596
603
600
604
609
597
611
599
605
599
597
600
596
608
606
601
599
602
596
607
601
591
538
530
520
536
530
532
531
535
521
537
554
577
571
573
569
575
558
579
607
617
611
597
605
620
606
587
548
528
544
545
538
534
540
543
548
519
545
568
587
587
580
584
575
565
578
592
569
533
506
505
525
509
498
538
602
632
624
612
629
628
620
616
622
617
622
615
616
618
622
621
614
621
623
629
619
622
613
611
614
628
613
620
621
621
622
630
628
613
617
624
612
613
623
616
599
599
602
599
606
597
606
606
582
511
480
486
495
499
481
479
498
522
537
530
516
529
516
521
532
555
590
585
577
581
563
582
595
545
491
430
426
500
569
616
620
607
605
623
625
621
611
631
626
607
559
530
536
547
536
533
536
538
532
519
517
522
519
519
498
496
490
493
485
490
491
500
496
483
488
482
504
495
489
491
491
495
496
491
491
492
490
485
457
448
447
455
458
456
452
463
447
447
460
457
444
467
510
524
512
510
530
515
504
547
596
623
624
624
617
612
622
633
586
512
475
473
491
469
471
491
480
482
477
484
484
483
481
495
469
473
489
492
474
468
510
608
630
648
634
593
528
471
495
505
497
473
485
502
516
529
531
524
533
516
532
545
564
574
591
568
566
594
593
536
479
450
437
440
448
468
450
441
493
574
624
630
596
600
606
610
611
593
549
508
528
531
532
516
519
537
529
530
529
526
527
519
537
535
518
531
535
520
521
530
530
530
528
537
520
522
538
533
514
523
531
535
506
530
555
537
499
543
569
411
126
